time;ax1;ay1;az1;ax2;ay2;az2;ax3;ay3;az3;ax4;ay4;az4;ax5;ay5;az5;ax6;ay6;az6
17.886749267578125;-0.13037109375;-0.0302734375;1.085205078125;;;;;;;;;;;;;;;
17.8902587890625;-0.176025390625;0.066650390625;0.988037109375;;;;;;;;;;;;;;;
17.89361572265625;-0.109619140625;-0.091552734375;0.8212890625;;;;;;;;;;;;;;;
17.89697265625;0.023193359375;0.28564453125;1.13720703125;;;;;;;;;;;;;;;
17.900360107421875;-0.060791015625;-0.257080078125;1.026611328125;;;;;;;;;;;;;;;
17.903717041015625;0.145751953125;0.15185546875;1.21875;;;;;;;;;;;;;;;
17.907073974609375;-0.4921875;0.080322265625;1.017578125;;;;;;;;;;;;;;;
17.910400390625;-0.263671875;0.176513671875;0.85791015625;;;;;;;;;;;;;;;
17.91375732421875;-0.07080078125;0.077392578125;1.0791015625;;;;;;;;;;;;;;;
17.91717529296875;0.189453125;-0.295166015625;0.9873046875;;;;;;;;;;;;;;;
17.920562744140625;0.017822265625;0.26220703125;1.126220703125;;;;;;;;;;;;;;;
17.923858642578125;-0.200927734375;-0.03125;0.78125;;;;;;;;;;;;;;;
17.927276611328125;0.01220703125;0.41357421875;1.037109375;;;;;;;;;;;;;;;
17.9306640625;-0.3291015625;-0.0244140625;1.1181640625;;;;;;;;;;;;;;;
17.934112548828125;-0.082275390625;-0.1376953125;1.133544921875;;;;;;;;;;;;;;;
17.937530517578125;-0.169921875;-0.074951171875;1.1162109375;;;;;;;;;;;;;;;
17.940826416015625;-0.05419921875;-0.027099609375;0.8017578125;;;;;;;;;;;;;;;
17.9442138671875;-0.068359375;0.463134765625;0.981689453125;;;;;;;;;;;;;;;
17.947540283203125;-0.164794921875;-0.057861328125;0.97314453125;;;;;;;;;;;;;;;
17.950927734375;0.1865234375;0.301025390625;1.259765625;;;;;;;;;;;;;;;
17.954345703125;-0.21142578125;0.09814453125;1.093505859375;;;;;;;;;;;;;;;
17.9576416015625;-0.031982421875;-0.048828125;0.8515625;;;;;;;;;;;;;;;
17.961090087890625;-0.115234375;0.043212890625;0.946044921875;;;;;;;;;;;;;;;
17.964447021484375;0.035400390625;-0.372802734375;0.99169921875;;;;;;;;;;;;;;;
17.96783447265625;-0.02880859375;0.309814453125;1.18408203125;;;;;;;;;;;;;;;
17.97125244140625;-0.08349609375;-0.1220703125;0.947998046875;;;;;;;;;;;;;;;
17.974639892578125;0.0341796875;0.51025390625;1.07421875;;;;;;;;;;;;;;;
17.97796630859375;-0.32275390625;0.0810546875;0.9970703125;;;;;;;;;;;;;;;
17.981292724609375;-0.13232421875;0.029296875;1.067138671875;;;;;;;;;;;;;;;
17.984710693359375;-0.0751953125;-0.178466796875;1.065673828125;;;;;;;;;;;;;;;
17.988128662109375;0.0205078125;-0.105224609375;0.947998046875;;;;;;;;;;;;;;;
17.991485595703125;-0.079345703125;0.229248046875;0.99169921875;;;;;;;;;;;;;;;
17.994903564453125;-0.225830078125;0.013427734375;0.793701171875;;;;;;;;;;;;;;;
17.99835205078125;0.170654296875;0.3876953125;1.2021484375;;;;;;;;;;;;;;;
18.00177001953125;-0.38232421875;-0.14111328125;1.09326171875;;;;;;;;;;;;;;;
18.005126953125;0.1181640625;-0.029296875;1.1611328125;;;;;;;;;;;;;;;
18.008575439453125;-0.206787109375;-0.021728515625;0.96142578125;;;;;;;;;;;;;;;
18.011932373046875;0.0126953125;-0.1455078125;0.828369140625;;;;;;;;;;;;;;;
18.01531982421875;-0.047607421875;0.282958984375;1.0615234375;;;;;;;;;;;;;;;
18.01873779296875;-0.1484375;-0.223388671875;1.03173828125;;;;;;;;;;;;;;;
18.0220947265625;0.028564453125;0.29052734375;1.2021484375;;;;;;;;;;;;;;;
18.025482177734375;-0.39306640625;0.0146484375;0.813720703125;;;;;;;;;;;;;;;
18.02880859375;-0.05078125;0.187744140625;0.93115234375;;;;;;;;;;;;;;;
18.032196044921875;-0.151123046875;0.045654296875;0.98876953125;;;;;;;;;;;;;;;
18.035552978515625;0.1552734375;-0.157958984375;1.11572265625;;;;;;;;;;;;;;;
18.038909912109375;-0.16015625;0.19384765625;1.111572265625;;;;;;;;;;;;;;;
18.04229736328125;-0.111328125;-0.14501953125;0.80224609375;;;;;;;;;;;;;;;
18.045623779296875;-0.04248046875;0.35205078125;1.086181640625;;;;;;;;;;;;;;;
18.048980712890625;-0.46728515625;-0.022705078125;0.97265625;;;;;;;;;;;;;;;
18.0523681640625;0.283447265625;-0.0498046875;1.23974609375;;;;;;;;;;;;;;;
18.055755615234375;-0.234375;-0.0126953125;1.081787109375;;;;;;;;;;;;;;;
18.059173583984375;0.019287109375;0.176025390625;0.84716796875;;;;;;;;;;;;;;;
18.0626220703125;-0.028076171875;0.36279296875;0.91259765625;;;;;;;;;;;;;;;
18.0660400390625;0.04736328125;-0.066162109375;0.877197265625;;;;;;;;;;;;;;;
18.069427490234375;0.271728515625;0.13671875;1.31787109375;;;;;;;;;;;;;;;
18.07281494140625;-0.30517578125;-0.00830078125;1.032470703125;;;;;;;;;;;;;;;
18.076171875;0.100830078125;0.030517578125;0.92431640625;;;;;;;;;;;;;;;
18.079559326171875;-0.17236328125;0.14794921875;0.849365234375;;;;;;;;;;;;;;;
18.08294677734375;0.1376953125;-0.107177734375;0.980224609375;;;;;;;;;;;;;;;
18.086395263671875;0.01171875;0.2265625;1.14453125;;;;;;;;;;;;;;;
18.08984375;0.008056640625;-0.102783203125;0.9970703125;;;;;;;;;;;;;;;
18.09326171875;-0.173095703125;0.319091796875;1.072021484375;;;;;;;;;;;;;;;
18.0965576171875;-0.23291015625;-0.042236328125;0.8642578125;;;;;;;;;;;;;;;
18.100006103515625;0.15869140625;0.158935546875;1.107177734375;;;;;;;;;;;;;;;
18.103363037109375;0.096435546875;-0.102783203125;1.0390625;;;;;;;;;;;;;;;
18.106719970703125;0.099853515625;0.17724609375;1.051513671875;;;;;;;;;;;;;;;
18.11004638671875;-0.114013671875;0.163330078125;0.926513671875;;;;;;;;;;;;;;;
18.1134033203125;-0.095947265625;0.025146484375;0.822265625;;;;;;;;;;;;;;;
18.1168212890625;0.08837890625;0.16552734375;1.216552734375;;;;;;;;;;;;;;;
18.12017822265625;-0.171630859375;-0.221435546875;1.08349609375;;;;;;;;;;;;;;;
18.123565673828125;0.0556640625;-0.031005859375;1.2626953125;;;;;;;;;;;;;;;
18.12701416015625;-0.2255859375;0.033935546875;0.868408203125;;;;;;;;;;;;;;;
18.130340576171875;0.103759765625;0.46875;0.869140625;;;;;;;;;;;;;;;
18.133697509765625;-0.044189453125;0.229248046875;0.969970703125;;;;;;;;;;;;;;;
18.13714599609375;-0.010009765625;-0.14697265625;1.032470703125;;;;;;;;;;;;;;;
18.140533447265625;-0.0986328125;0.0126953125;1.229248046875;;;;;;;;;;;;;;;
18.14398193359375;-0.224609375;-0.135498046875;0.88623046875;;;;;;;;;;;;;;;
18.1475830078125;0.069091796875;0.1865234375;0.99560546875;;;;;;;;;;;;;;;
18.150970458984375;-0.044677734375;0.0615234375;0.923095703125;;;;;;;;;;;;;;;
18.154388427734375;0.077880859375;0.02734375;1.170654296875;;;;;;;;;;;;;;;
18.157745361328125;-0.127685546875;0.13330078125;1.08544921875;;;;;;;;;;;;;;;
18.16119384765625;-0.092041015625;-0.15234375;0.885498046875;;;;;;;;;;;;;;;
18.16461181640625;-0.14453125;0.19384765625;0.9609375;;;;;;;;;;;;;;;
18.16796875;-0.384033203125;-0.0625;0.895751953125;;;;;;;;;;;;;;;
18.17138671875;0.3271484375;-0.0205078125;1.302001953125;;;;;;;;;;;;;;;
18.174713134765625;-0.11962890625;0.162841796875;1.0078125;;;;;;;;;;;;;;;
18.178192138671875;0.179443359375;0.2470703125;0.933349609375;;;;;;;;;;;;;;;
18.18157958984375;-0.069580078125;0.30908203125;0.8740234375;;;;;;;;;;;;;;;
18.1849365234375;-0.06005859375;-0.154052734375;0.90869140625;;;;;;;;;;;;;;;
18.1883544921875;0.058837890625;-0.014892578125;1.275634765625;;;;;;;;;;;;;;;
18.19183349609375;-0.27392578125;-0.1455078125;0.99365234375;;;;;;;;;;;;;;;
18.1951904296875;0.224365234375;0.16162109375;0.9658203125;;;;;;;;;;;;;;;
18.198577880859375;-0.180419921875;0.21533203125;0.810546875;;;;;;;;;;;;;;;
18.20196533203125;0.11669921875;0.189208984375;1.0185546875;;;;;;;;;;;;;;;
18.205413818359375;-0.021728515625;0.075927734375;1.156982421875;;;;;;;;;;;;;;;
18.20892333984375;-0.021728515625;-0.14453125;1.085693359375;;;;;;;;;;;;;;;
18.2122802734375;-0.196533203125;0.13330078125;1.009033203125;;;;;;;;;;;;;;;
18.215606689453125;-0.034912109375;-0.091552734375;0.746337890625;;;;;;;;;;;;;;;
18.219085693359375;0.45361328125;0.27197265625;1.163330078125;;;;;;;;;;;;;;;
18.222503662109375;-0.073486328125;0.0849609375;1.00830078125;;;;;;;;;;;;;;;
18.22589111328125;0.0263671875;0.3330078125;1.0986328125;;;;;;;;;;;;;;;
18.229248046875;-0.239501953125;-0.00341796875;0.89990234375;;;;;;;;;;;;;;;
18.232635498046875;0.084716796875;-0.069091796875;0.85302734375;;;;;;;;;;;;;;;
18.236114501953125;0.003662109375;0.051513671875;1.170654296875;;;;;;;;;;;;;;;
18.239532470703125;-0.339599609375;-0.14599609375;0.99658203125;;;;;;;;;;;;;;;
18.242919921875;0.2392578125;0.07861328125;1.2763671875;;;;;;;;;;;;;;;
18.246307373046875;-0.12939453125;0.101318359375;0.862548828125;;;;;;;;;;;;;;;
18.2496337890625;0.17822265625;0.4775390625;0.893798828125;;;;;;;;;;;;;;;
18.25299072265625;-0.16845703125;0.218017578125;0.884521484375;;;;;;;;;;;;;;;
18.25634765625;0.006103515625;-0.07861328125;1.05615234375;;;;;;;;;;;;;;;
18.259765625;-0.090576171875;-0.025146484375;1.195068359375;;;;;;;;;;;;;;;
18.263214111328125;-0.155029296875;-0.239501953125;0.88525390625;;;;;;;;;;;;;;;
18.2666015625;0.1552734375;0.115966796875;1.020751953125;;;;;;;;;;;;;;;
18.269989013671875;-0.130126953125;0.186767578125;0.873046875;;;;;;;;;;;;;;;
18.2734375;0.12255859375;0.269775390625;1.191650390625;;;;;;;;;;;;;;;
18.27679443359375;-0.239990234375;0.13916015625;1.07080078125;;;;;;;;;;;;;;;
18.2801513671875;0.0673828125;-0.127197265625;0.942138671875;;;;;;;;;;;;;;;
18.28350830078125;-0.148193359375;0.197265625;0.9111328125;;;;;;;;;;;;;;;
18.287017822265625;-0.310302734375;-0.13671875;0.906982421875;;;;;;;;;;;;;;;
18.290374755859375;0.25732421875;-0.000244140625;1.291015625;;;;;;;;;;;;;;;
18.293701171875;-0.059814453125;0.033447265625;1.0244140625;;;;;;;;;;;;;;;
18.297119140625;0.200439453125;0.408203125;0.977294921875;;;;;;;;;;;;;;;
18.30059814453125;-0.273681640625;0.2587890625;0.803466796875;;;;;;;;;;;;;;;
18.303924560546875;0.14404296875;0.0146484375;0.968505859375;;;;;;;;;;;;;;;
18.307281494140625;0.13037109375;0.030029296875;1.2236328125;;;;;;;;;;;;;;;
18.310638427734375;-0.0283203125;-0.17578125;1.090576171875;;;;;;;;;;;;;;;
18.31396484375;-0.125;0.146728515625;1.08544921875;;;;;;;;;;;;;;;
18.3173828125;-0.221923828125;0.060546875;0.8095703125;;;;;;;;;;;;;;;
18.3206787109375;0.012939453125;0.42578125;1.01806640625;;;;;;;;;;;;;;;
18.3240966796875;-0.13037109375;0.04150390625;1.099609375;;;;;;;;;;;;;;;
18.3275146484375;0.023681640625;0.05322265625;1.104736328125;;;;;;;;;;;;;;;
18.3309326171875;-0.1728515625;0.08447265625;0.99755859375;;;;;;;;;;;;;;;
18.33428955078125;0.017822265625;-0.0771484375;0.805419921875;;;;;;;;;;;;;;;
18.337646484375;0.06591796875;0.2861328125;1.157470703125;;;;;;;;;;;;;;;
18.341033935546875;-0.0078125;0.049072265625;1.03125;;;;;;;;;;;;;;;
18.344482421875;-0.0615234375;0.406982421875;1.120849609375;;;;;;;;;;;;;;;
18.347930908203125;-0.221923828125;-0.017333984375;0.859619140625;;;;;;;;;;;;;;;
18.35137939453125;0.0380859375;0.039794921875;0.911865234375;;;;;;;;;;;;;;;
18.354705810546875;-0.23095703125;0.043212890625;1.1298828125;;;;;;;;;;;;;;;
18.35809326171875;-0.134765625;-0.073974609375;1.013916015625;;;;;;;;;;;;;;;
18.361480712890625;0.049072265625;0.109375;1.26171875;;;;;;;;;;;;;;;
18.3648681640625;-0.042724609375;0.03466796875;0.829345703125;;;;;;;;;;;;;;;
18.368255615234375;0.11474609375;0.37255859375;0.97265625;;;;;;;;;;;;;;;
18.37158203125;-0.267333984375;0.207763671875;0.803466796875;;;;;;;;;;;;;;;
18.374969482421875;0.15771484375;0.04736328125;1.087646484375;;;;;;;;;;;;;;;
18.378326416015625;-0.0810546875;-0.04541015625;1.160888671875;;;;;;;;;;;;;;;
18.381683349609375;0.015869140625;-0.184326171875;0.9443359375;;;;;;;;;;;;;;;
18.38507080078125;-0.04833984375;0.1806640625;1.065673828125;;;;;;;;;;;;;;;
18.38848876953125;-0.15185546875;0.033203125;0.8837890625;;;;;;;;;;;;;;;
18.391876220703125;0.006591796875;0.22705078125;1.156005859375;;;;;;;;;;;;;;;
18.395233154296875;-0.25537109375;0.018310546875;1.017822265625;;;;;;;;;;;;;;;
18.398529052734375;0.104736328125;0.2724609375;0.99658203125;;;;;;;;;;;;;;;
18.401947021484375;-0.18212890625;0.145751953125;0.824951171875;;;;;;;;;;;;;;;
18.405303955078125;-0.152099609375;0.0986328125;0.84765625;;;;;;;;;;;;;;;
18.40869140625;0.30126953125;0.056640625;1.2978515625;;;;;;;;;;;;;;;
18.41204833984375;-0.075927734375;-0.084716796875;1.056396484375;;;;;;;;;;;;;;;
18.415435791015625;0.13671875;0.153076171875;1.05029296875;;;;;;;;;;;;;;;
18.41888427734375;-0.319580078125;0.07568359375;0.72998046875;;;;;;;;;;;;;;;
18.42230224609375;0.15234375;0.184326171875;0.969482421875;;;;;;;;;;;;;;;
18.425689697265625;0.03466796875;0.0986328125;1.1630859375;;;;;;;;;;;;;;;
18.4290771484375;-0.0751953125;-0.0927734375;1.06982421875;;;;;;;;;;;;;;;
18.4324951171875;0.05322265625;0.18310546875;1.133544921875;;;;;;;;;;;;;;;
18.43597412109375;-0.22119140625;-0.09375;0.793701171875;;;;;;;;;;;;;;;
18.439453125;0.060791015625;0.3193359375;1.03955078125;;;;;;;;;;;;;;;
18.442840576171875;-0.08251953125;-0.083740234375;0.951904296875;;;;;;;;;;;;;;;
18.44635009765625;0.1640625;0.260986328125;1.166748046875;;;;;;;;;;;;;;;
18.44976806640625;-0.26904296875;0.07177734375;0.9453125;;;;;;;;;;;;;;;
18.453155517578125;0.180908203125;0.0400390625;0.745849609375;;;;;;;;;;;;;;;
18.456573486328125;0.296630859375;0.2802734375;1.1513671875;;;;;;;;;;;;;;;
18.45989990234375;-0.090087890625;0.04345703125;1.013671875;;;;;;;;;;;;;;;
18.46337890625;-0.139404296875;0.2900390625;1.211181640625;;;;;;;;;;;;;;;
18.466827392578125;-0.348876953125;-0.208251953125;0.8486328125;;;;;;;;;;;;;;;
18.470245361328125;0.160400390625;0.123291015625;0.93359375;;;;;;;;;;;;;;;
18.47369384765625;-0.207763671875;0.041259765625;1.018798828125;;;;;;;;;;;;;;;
18.477081298828125;-0.076904296875;0.14306640625;1.002685546875;;;;;;;;;;;;;;;
18.480499267578125;0.22265625;0.1474609375;1.297119140625;;;;;;;;;;;;;;;
18.48382568359375;-0.17626953125;-0.029296875;0.87451171875;;;;;;;;;;;;;;;
18.48724365234375;0.038330078125;0.2041015625;1.011962890625;;;;;;;;;;;;;;;
18.490631103515625;-0.289794921875;0.090087890625;0.7841796875;;;;;;;;;;;;;;;
18.4940185546875;0.08447265625;0.2275390625;1.10791015625;;;;;;;;;;;;;;;
18.497467041015625;-0.114013671875;-0.04638671875;1.10546875;;;;;;;;;;;;;;;
18.50091552734375;0.036376953125;-0.1611328125;1.050537109375;;;;;;;;;;;;;;;
18.504364013671875;-0.128173828125;0.140869140625;1.031982421875;;;;;;;;;;;;;;;
18.507720947265625;-0.129150390625;0.13818359375;0.876708984375;;;;;;;;;;;;;;;
18.511199951171875;-0.06640625;0.2958984375;1.17919921875;;;;;;;;;;;;;;;
18.51458740234375;-0.01171875;-0.10791015625;1.007080078125;;;;;;;;;;;;;;;
18.517974853515625;0.021728515625;0.302978515625;1.05859375;;;;;;;;;;;;;;;
18.521392822265625;-0.265869140625;0.049072265625;0.778564453125;;;;;;;;;;;;;;;
18.524749755859375;0.1259765625;0.10302734375;0.930908203125;;;;;;;;;;;;;;;
18.528167724609375;-0.013427734375;0.150390625;1.198974609375;;;;;;;;;;;;;;;
18.531585693359375;0.0166015625;-0.05810546875;1.114013671875;;;;;;;;;;;;;;;
18.534942626953125;-0.265625;0.18310546875;1.099609375;;;;;;;;;;;;;;;
18.538330078125;-0.26171875;-0.24169921875;0.79296875;;;;;;;;;;;;;;;
18.541717529296875;-0.059814453125;0.275634765625;0.9658203125;;;;;;;;;;;;;;;
18.545074462890625;-0.037109375;0.01171875;1.087158203125;;;;;;;;;;;;;;;
18.548431396484375;0.01171875;0.14794921875;1.170166015625;;;;;;;;;;;;;;;
18.5517578125;-0.240234375;0.18408203125;1.083740234375;;;;;;;;;;;;;;;
18.555084228515625;-0.164306640625;-0.095947265625;0.806884765625;;;;;;;;;;;;;;;
18.5584716796875;-0.11083984375;0.115478515625;1.02880859375;;;;;;;;;;;;;;;
18.561798095703125;-0.031494140625;-0.23046875;0.977783203125;;;;;;;;;;;;;;;
18.5653076171875;0.04833984375;0.289306640625;1.193359375;;;;;;;;;;;;;;;
18.56866455078125;-0.20751953125;0.019287109375;0.927490234375;;;;;;;;;;;;;;;
18.572021484375;0.109130859375;0.15869140625;0.996826171875;;;;;;;;;;;;;;;
18.575439453125;-0.118408203125;0.24072265625;1.05859375;;;;;;;;;;;;;;;
18.57879638671875;-0.0869140625;-0.084228515625;1.02197265625;;;;;;;;;;;;;;;
18.582275390625;-0.0498046875;0.138916015625;1.189697265625;;;;;;;;;;;;;;;
18.585662841796875;-0.182373046875;-0.373046875;0.890625;;;;;;;;;;;;;;;
18.588958740234375;0.068115234375;0.165771484375;0.984619140625;;;;;;;;;;;;;;;
18.59234619140625;-0.33447265625;0.121337890625;0.765625;;;;;;;;;;;;;;;
18.595703125;0.020263671875;0.302490234375;1.06298828125;;;;;;;;;;;;;;;
18.59912109375;-0.030029296875;0.2421875;1.175537109375;;;;;;;;;;;;;;;
18.6025390625;0.0;-0.12890625;0.927001953125;;;;;;;;;;;;;;;
18.60595703125;-0.102783203125;0.028076171875;0.98095703125;;;;;;;;;;;;;;;
18.60931396484375;-0.119140625;-0.039794921875;0.8232421875;;;;;;;;;;;;;;;
18.612762451171875;-0.029052734375;0.254150390625;1.14111328125;;;;;;;;;;;;;;;
18.616119384765625;-0.08642578125;0.00537109375;1.068603515625;;;;;;;;;;;;;;;
18.6195068359375;0.1611328125;0.0263671875;1.14306640625;;;;;;;;;;;;;;;
18.622894287109375;-0.3349609375;0.176513671875;1.033447265625;;;;;;;;;;;;;;;
18.626312255859375;-0.204345703125;0.074462890625;0.884521484375;;;;;;;;;;;;;;;
18.62969970703125;-0.140869140625;0.25146484375;1.125;;;;;;;;;;;;;;;
18.633087158203125;0.12451171875;-0.31201171875;0.989013671875;;;;;;;;;;;;;;;
18.6365966796875;0.063720703125;0.28857421875;1.095703125;;;;;;;;;;;;;;;
18.640045166015625;-0.191162109375;0.02978515625;0.778076171875;;;;;;;;;;;;;;;
18.643341064453125;0.122314453125;0.289306640625;0.94677734375;;;;;;;;;;;;;;;
18.646759033203125;-0.05078125;0.104248046875;1.1982421875;;;;;;;;;;;;;;;
18.650115966796875;-0.21044921875;-0.11767578125;1.096923828125;;;;;;;;;;;;;;;
18.653472900390625;-0.20361328125;0.077392578125;1.144775390625;;;;;;;;;;;;;;;
18.656890869140625;-0.203857421875;-0.24755859375;0.77490234375;;;;;;;;;;;;;;;
18.660308837890625;0.037841796875;0.427490234375;1.007568359375;;;;;;;;;;;;;;;
18.663665771484375;-0.272216796875;-0.01318359375;1.037109375;;;;;;;;;;;;;;;
18.667083740234375;0.136474609375;0.250244140625;1.19091796875;;;;;;;;;;;;;;;
18.670501708984375;-0.0625;0.05517578125;1.130126953125;;;;;;;;;;;;;;;
18.673858642578125;-0.10888671875;-0.072265625;0.810791015625;;;;;;;;;;;;;;;
18.67730712890625;-0.033203125;0.0986328125;0.993408203125;;;;;;;;;;;;;;;
18.680816650390625;-0.0107421875;-0.249267578125;0.962890625;;;;;;;;;;;;;;;
18.684234619140625;-0.02197265625;0.423095703125;1.20947265625;;;;;;;;;;;;;;;
18.68756103515625;-0.214111328125;-0.15576171875;0.92138671875;;;;;;;;;;;;;;;
18.690948486328125;0.177001953125;0.300537109375;1.078857421875;;;;;;;;;;;;;;;
18.6943359375;0.044677734375;0.047607421875;1.07861328125;;;;;;;;;;;;;;;
18.697662353515625;-0.24169921875;0.039794921875;0.9951171875;;;;;;;;;;;;;;;
18.701171875;-0.01416015625;-0.074462890625;1.155517578125;;;;;;;;;;;;;;;
18.70452880859375;-0.182373046875;-0.205810546875;0.885986328125;;;;;;;;;;;;;;;
18.707855224609375;0.10009765625;0.360107421875;1.0068359375;;;;;;;;;;;;;;;
18.711212158203125;-0.338623046875;0.140869140625;0.7783203125;;;;;;;;;;;;;;;
18.714630126953125;0.157958984375;0.383056640625;1.097412109375;;;;;;;;;;;;;;;
18.718109130859375;0.0439453125;-0.11181640625;1.211669921875;;;;;;;;;;;;;;;
18.721588134765625;-0.12255859375;-0.11865234375;1.06298828125;;;;;;;;;;;;;;;
18.724945068359375;-0.084228515625;-0.146240234375;1.0078125;;;;;;;;;;;;;;;
18.72833251953125;-0.07470703125;-0.145263671875;0.805908203125;;;;;;;;;;;;;;;
18.731689453125;-0.05224609375;0.32861328125;1.10400390625;;;;;;;;;;;;;;;
18.735015869140625;-0.13330078125;-0.064208984375;1.02978515625;;;;;;;;;;;;;;;
18.7384033203125;0.02294921875;0.2197265625;1.200927734375;;;;;;;;;;;;;;;
18.741729736328125;-0.25244140625;0.14501953125;0.885009765625;;;;;;;;;;;;;;;
18.745086669921875;-0.1640625;0.13330078125;0.876708984375;;;;;;;;;;;;;;;
18.748504638671875;-0.00390625;0.046875;1.08349609375;;;;;;;;;;;;;;;
18.75189208984375;0.126708984375;-0.298095703125;1.091064453125;;;;;;;;;;;;;;;
18.7552490234375;0.014892578125;0.238037109375;1.1220703125;;;;;;;;;;;;;;;
18.758697509765625;-0.251708984375;-0.0166015625;0.772216796875;;;;;;;;;;;;;;;
18.761993408203125;0.037109375;0.37158203125;0.99267578125;;;;;;;;;;;;;;;
18.765380859375;-0.11962890625;0.125;1.06591796875;;;;;;;;;;;;;;;
18.76873779296875;0.02294921875;-0.02294921875;1.173828125;;;;;;;;;;;;;;;
18.772186279296875;-0.168212890625;0.024658203125;1.13232421875;;;;;;;;;;;;;;;
18.775604248046875;-0.13232421875;-0.1181640625;0.81494140625;;;;;;;;;;;;;;;
18.77899169921875;-0.0283203125;0.384033203125;0.931396484375;;;;;;;;;;;;;;;
18.78240966796875;-0.085693359375;-0.099853515625;0.91650390625;;;;;;;;;;;;;;;
18.785736083984375;0.171142578125;0.26220703125;1.26904296875;;;;;;;;;;;;;;;
18.7891845703125;-0.172607421875;0.102783203125;1.056884765625;;;;;;;;;;;;;;;
18.79266357421875;0.115478515625;0.02783203125;0.884765625;;;;;;;;;;;;;;;
18.795989990234375;-0.17138671875;0.09033203125;0.924560546875;;;;;;;;;;;;;;;
18.799346923828125;0.06103515625;-0.250244140625;0.960693359375;;;;;;;;;;;;;;;
18.8028564453125;0.025634765625;0.266357421875;1.170654296875;;;;;;;;;;;;;;;
18.806182861328125;-0.095703125;-0.154052734375;0.940185546875;;;;;;;;;;;;;;;
18.80963134765625;0.010986328125;0.267333984375;1.072998046875;;;;;;;;;;;;;;;
18.81304931640625;-0.278076171875;0.051513671875;0.9345703125;;;;;;;;;;;;;;;
18.81640625;0.007568359375;0.117919921875;1.05908203125;;;;;;;;;;;;;;;
18.819854736328125;-0.03466796875;-0.040283203125;1.099853515625;;;;;;;;;;;;;;;
18.823211669921875;0.094482421875;-0.130859375;1.0087890625;;;;;;;;;;;;;;;
18.826568603515625;-0.1435546875;0.267822265625;0.9521484375;;;;;;;;;;;;;;;
18.83001708984375;-0.14306640625;0.10107421875;0.752685546875;;;;;;;;;;;;;;;
18.83349609375;-0.044189453125;0.3046875;1.169677734375;;;;;;;;;;;;;;;
18.83685302734375;-0.09814453125;-0.1748046875;1.1171875;;;;;;;;;;;;;;;
18.840301513671875;0.075927734375;-0.10693359375;1.163330078125;;;;;;;;;;;;;;;
18.84368896484375;-0.154541015625;-0.052734375;0.94873046875;;;;;;;;;;;;;;;
18.847076416015625;0.007080078125;0.29150390625;0.836669921875;;;;;;;;;;;;;;;
18.8504638671875;-0.121337890625;0.358154296875;1.032470703125;;;;;;;;;;;;;;;
18.853851318359375;-0.073486328125;-0.146728515625;1.014892578125;;;;;;;;;;;;;;;
18.85723876953125;-0.08056640625;0.18603515625;1.232666015625;;;;;;;;;;;;;;;
18.86065673828125;-0.1953125;-0.006591796875;0.895263671875;;;;;;;;;;;;;;;
18.863983154296875;-0.0693359375;0.135498046875;0.907470703125;;;;;;;;;;;;;;;
18.867462158203125;-0.054443359375;0.14794921875;1.001708984375;;;;;;;;;;;;;;;
18.870819091796875;0.12255859375;-0.255859375;1.09423828125;;;;;;;;;;;;;;;
18.874237060546875;-0.10888671875;0.23193359375;1.1455078125;;;;;;;;;;;;;;;
18.877655029296875;-0.16748046875;-0.104736328125;0.806640625;;;;;;;;;;;;;;;
18.88104248046875;-0.115966796875;0.35107421875;1.03955078125;;;;;;;;;;;;;;;
18.884429931640625;-0.18310546875;0.0126953125;1.024658203125;;;;;;;;;;;;;;;
18.88787841796875;0.023681640625;-0.002685546875;1.2158203125;;;;;;;;;;;;;;;
18.891265869140625;-0.18505859375;-0.0068359375;1.004150390625;;;;;;;;;;;;;;;
18.89459228515625;0.00390625;0.005859375;0.858154296875;;;;;;;;;;;;;;;
18.897918701171875;-0.150634765625;0.364501953125;0.939697265625;;;;;;;;;;;;;;;
18.901336669921875;-0.09423828125;-0.215087890625;0.916015625;;;;;;;;;;;;;;;
18.904693603515625;0.076416015625;0.210693359375;1.303466796875;;;;;;;;;;;;;;;
18.907989501953125;-0.164306640625;-0.056640625;1.066162109375;;;;;;;;;;;;;;;
18.9114990234375;0.00927734375;0.168212890625;0.91162109375;;;;;;;;;;;;;;;
18.91485595703125;-0.099853515625;0.1650390625;0.8974609375;;;;;;;;;;;;;;;
18.918212890625;0.013671875;-0.05224609375;0.9619140625;;;;;;;;;;;;;;;
18.92169189453125;-0.052001953125;0.148681640625;1.2099609375;;;;;;;;;;;;;;;
18.92510986328125;-0.0419921875;-0.30908203125;0.99267578125;;;;;;;;;;;;;;;
18.92840576171875;-0.0673828125;0.2578125;1.116455078125;;;;;;;;;;;;;;;
18.9317626953125;-0.49267578125;-0.046630859375;0.900146484375;;;;;;;;;;;;;;;
18.93524169921875;-0.06494140625;0.29150390625;1.05810546875;;;;;;;;;;;;;;;
18.938690185546875;-0.049072265625;-0.08740234375;1.029541015625;;;;;;;;;;;;;;;
18.9420166015625;0.218994140625;0.12646484375;1.015380859375;;;;;;;;;;;;;;;
18.945404052734375;-0.15380859375;0.121337890625;0.999267578125;;;;;;;;;;;;;;;
18.9488525390625;-0.095703125;-0.0927734375;0.81298828125;;;;;;;;;;;;;;;
18.95233154296875;-0.1337890625;0.25341796875;1.203857421875;;;;;;;;;;;;;;;
18.95574951171875;-0.35498046875;-0.2568359375;1.067138671875;;;;;;;;;;;;;;;
18.959136962890625;0.046875;-0.041748046875;1.217041015625;;;;;;;;;;;;;;;
18.9625244140625;-0.15673828125;0.068359375;0.927490234375;;;;;;;;;;;;;;;
18.965911865234375;0.054443359375;0.403564453125;0.85009765625;;;;;;;;;;;;;;;
18.969390869140625;-0.136474609375;0.307373046875;0.9697265625;;;;;;;;;;;;;;;
18.972686767578125;0.12255859375;-0.224365234375;1.044921875;;;;;;;;;;;;;;;
18.97601318359375;-0.067138671875;0.11474609375;1.228515625;;;;;;;;;;;;;;;
18.9793701171875;-0.330810546875;-0.1455078125;0.885009765625;;;;;;;;;;;;;;;
18.98272705078125;-0.073486328125;0.1396484375;0.938232421875;;;;;;;;;;;;;;;
18.986083984375;-0.1337890625;0.224853515625;0.911376953125;;;;;;;;;;;;;;;
18.98944091796875;0.176513671875;-0.02783203125;1.134033203125;;;;;;;;;;;;;;;
18.9927978515625;0.25146484375;0.271240234375;1.146240234375;;;;;;;;;;;;;;;
18.996246337890625;-0.03564453125;-0.09814453125;0.911376953125;;;;;;;;;;;;;;;
18.99969482421875;-0.181640625;0.3955078125;0.96826171875;;;;;;;;;;;;;;;
19.003082275390625;-0.508056640625;-0.2021484375;0.93359375;;;;;;;;;;;;;;;
19.00653076171875;0.167236328125;0.049560546875;1.21875;;;;;;;;;;;;;;;
19.00994873046875;-0.06982421875;0.002197265625;1.000732421875;;;;;;;;;;;;;;;
19.013336181640625;0.1533203125;0.29248046875;0.89453125;;;;;;;;;;;;;;;
19.016754150390625;-0.212158203125;0.35498046875;0.88525390625;;;;;;;;;;;;;;;
19.0201416015625;0.039306640625;-0.0693359375;0.896728515625;;;;;;;;;;;;;;;
19.023468017578125;0.100830078125;0.09619140625;1.239990234375;;;;;;;;;;;;;;;
19.02691650390625;-0.121826171875;-0.0947265625;1.0908203125;;;;;;;;;;;;;;;
19.0302734375;-0.03564453125;0.133544921875;1.124267578125;;;;;;;;;;;;;;;
19.033660888671875;-0.263916015625;0.150634765625;0.828857421875;;;;;;;;;;;;;;;
19.037078857421875;0.06689453125;0.136962890625;0.962890625;;;;;;;;;;;;;;;
19.040496826171875;-0.062255859375;0.13232421875;1.18115234375;;;;;;;;;;;;;;;
19.043914794921875;0.0166015625;-0.17529296875;1.0458984375;;;;;;;;;;;;;;;
19.047271728515625;-0.11669921875;0.24560546875;1.05029296875;;;;;;;;;;;;;;;
19.0506591796875;-0.248291015625;-0.05224609375;0.84619140625;;;;;;;;;;;;;;;
19.0540771484375;0.112548828125;0.291015625;1.115478515625;;;;;;;;;;;;;;;
19.0574951171875;-0.08056640625;0.041015625;0.998291015625;;;;;;;;;;;;;;;
19.06085205078125;0.15380859375;0.2421875;1.069091796875;;;;;;;;;;;;;;;
19.064208984375;-0.186767578125;0.07763671875;0.94091796875;;;;;;;;;;;;;;;
19.067626953125;0.029296875;-0.134765625;0.839599609375;;;;;;;;;;;;;;;
19.071014404296875;-0.032470703125;0.167724609375;1.171630859375;;;;;;;;;;;;;;;
19.074462890625;-0.281982421875;-0.14794921875;0.998779296875;;;;;;;;;;;;;;;
19.077789306640625;0.21337890625;0.1533203125;1.291015625;;;;;;;;;;;;;;;
19.081146240234375;-0.1953125;0.108154296875;0.87353515625;;;;;;;;;;;;;;;
19.0845947265625;0.156005859375;0.436279296875;0.87890625;;;;;;;;;;;;;;;
19.08795166015625;-0.13427734375;0.233642578125;0.884521484375;;;;;;;;;;;;;;;
19.09136962890625;0.181640625;-0.157470703125;1.00048828125;;;;;;;;;;;;;;;
19.09478759765625;0.047119140625;0.0390625;1.22900390625;;;;;;;;;;;;;;;
19.098236083984375;-0.14990234375;-0.203369140625;0.896240234375;;;;;;;;;;;;;;;
19.10162353515625;0.05078125;0.211181640625;1.026611328125;;;;;;;;;;;;;;;
19.105010986328125;-0.228271484375;0.16259765625;0.842041015625;;;;;;;;;;;;;;;
19.1083984375;0.152099609375;0.22900390625;1.17529296875;;;;;;;;;;;;;;;
19.111785888671875;-0.130615234375;0.16650390625;1.0576171875;;;;;;;;;;;;;;;
19.115234375;0.16015625;0.029296875;0.940673828125;;;;;;;;;;;;;;;
19.118621826171875;-0.103515625;0.158935546875;0.956298828125;;;;;;;;;;;;;;;
19.12200927734375;-0.379638671875;-0.118896484375;0.837890625;;;;;;;;;;;;;;;
19.1253662109375;0.422607421875;0.174072265625;1.29931640625;;;;;;;;;;;;;;;
19.1287841796875;-0.070068359375;0.103515625;1.011962890625;;;;;;;;;;;;;;;
19.132171630859375;0.2705078125;0.408447265625;0.986083984375;;;;;;;;;;;;;;;
19.1356201171875;-0.2509765625;0.04248046875;0.782958984375;;;;;;;;;;;;;;;
19.13897705078125;0.16552734375;0.0419921875;0.946533203125;;;;;;;;;;;;;;;
19.142364501953125;0.07080078125;-0.013916015625;1.24658203125;;;;;;;;;;;;;;;
19.145751953125;-0.199951171875;-0.1259765625;1.035888671875;;;;;;;;;;;;;;;
19.14923095703125;0.114990234375;0.074462890625;1.14892578125;;;;;;;;;;;;;;;
19.152587890625;-0.2197265625;0.106201171875;0.780517578125;;;;;;;;;;;;;;;
19.15606689453125;0.168701171875;0.2841796875;1.0087890625;;;;;;;;;;;;;;;
19.159423828125;-0.162841796875;0.127197265625;0.961181640625;;;;;;;;;;;;;;;
19.162811279296875;0.0556640625;0.011474609375;1.1240234375;;;;;;;;;;;;;;;
19.166259765625;-0.243408203125;0.10498046875;1.0087890625;;;;;;;;;;;;;;;
19.169647216796875;0.027099609375;-0.115234375;0.836669921875;;;;;;;;;;;;;;;
19.173095703125;0.155517578125;0.272216796875;1.12353515625;;;;;;;;;;;;;;;
19.17657470703125;-0.033203125;0.1220703125;1.022705078125;;;;;;;;;;;;;;;
19.179931640625;-0.02978515625;0.24169921875;1.1494140625;;;;;;;;;;;;;;;
19.18328857421875;-0.27978515625;-0.03125;0.900146484375;;;;;;;;;;;;;;;
19.186676025390625;0.05859375;-0.140380859375;0.87939453125;;;;;;;;;;;;;;;
19.1900634765625;-0.102294921875;0.15283203125;1.075927734375;;;;;;;;;;;;;;;
19.193450927734375;-0.161376953125;0.01416015625;0.991455078125;;;;;;;;;;;;;;;
19.196868896484375;0.18017578125;0.23095703125;1.301025390625;;;;;;;;;;;;;;;
19.200225830078125;-0.122314453125;0.044921875;0.869140625;;;;;;;;;;;;;;;
19.20367431640625;0.09912109375;0.236572265625;0.954345703125;;;;;;;;;;;;;;;
19.20709228515625;-0.25244140625;0.10986328125;0.798828125;;;;;;;;;;;;;;;
19.210418701171875;0.158447265625;-0.106689453125;1.05908203125;;;;;;;;;;;;;;;
19.213775634765625;-0.083251953125;0.099365234375;1.1806640625;;;;;;;;;;;;;;;
19.2171630859375;0.015625;-0.180908203125;0.9375;;;;;;;;;;;;;;;
19.220458984375;0.039306640625;0.2880859375;1.065185546875;;;;;;;;;;;;;;;
19.22381591796875;-0.1884765625;0.08447265625;0.87646484375;;;;;;;;;;;;;;;
19.2271728515625;0.016357421875;0.279296875;1.177734375;;;;;;;;;;;;;;;
19.2305908203125;-0.49609375;-0.044677734375;1.06689453125;;;;;;;;;;;;;;;
19.234039306640625;0.062255859375;0.158203125;0.994384765625;;;;;;;;;;;;;;;
19.237335205078125;-0.162353515625;0.053466796875;0.877197265625;;;;;;;;;;;;;;;
19.2408447265625;0.111328125;0.054443359375;0.824462890625;;;;;;;;;;;;;;;
19.244232177734375;0.422119140625;0.231201171875;1.311279296875;;;;;;;;;;;;;;;
19.24761962890625;-0.146484375;0.07958984375;1.05517578125;;;;;;;;;;;;;;;
19.251007080078125;-0.125732421875;0.289794921875;1.072998046875;;;;;;;;;;;;;;;
19.25445556640625;-0.240966796875;-0.125732421875;0.76953125;;;;;;;;;;;;;;;
19.2578125;0.11083984375;0.12890625;0.967529296875;;;;;;;;;;;;;;;
19.261199951171875;-0.19677734375;-0.0595703125;1.213623046875;;;;;;;;;;;;;;;
19.264556884765625;-0.2275390625;0.00439453125;1.07080078125;;;;;;;;;;;;;;;
19.26800537109375;-0.06103515625;0.07763671875;1.160400390625;;;;;;;;;;;;;;;
19.2713623046875;-0.214599609375;0.041748046875;0.8076171875;;;;;;;;;;;;;;;
19.27471923828125;0.035400390625;0.34619140625;1.01806640625;;;;;;;;;;;;;;;
19.278076171875;-0.097412109375;0.08056640625;0.960205078125;;;;;;;;;;;;;;;
19.281463623046875;0.091552734375;0.1796875;1.166748046875;;;;;;;;;;;;;;;
19.28485107421875;-0.22265625;-0.083251953125;1.0;;;;;;;;;;;;;;;
19.2882080078125;0.072998046875;-0.169921875;0.902099609375;;;;;;;;;;;;;;;
19.29156494140625;0.15673828125;0.212158203125;1.10546875;;;;;;;;;;;;;;;
19.29498291015625;-0.00439453125;0.052001953125;0.97802734375;;;;;;;;;;;;;;;
19.29833984375;-0.04638671875;0.376220703125;1.252685546875;;;;;;;;;;;;;;;
19.301788330078125;-0.317138671875;-0.046142578125;0.87646484375;;;;;;;;;;;;;;;
19.305145263671875;0.148681640625;0.131591796875;0.93017578125;;;;;;;;;;;;;;;
19.30853271484375;-0.20166015625;0.052001953125;0.853515625;;;;;;;;;;;;;;;
19.311859130859375;-0.071533203125;-0.025146484375;1.0244140625;;;;;;;;;;;;;;;
19.31524658203125;0.07861328125;0.09765625;1.271728515625;;;;;;;;;;;;;;;
19.318603515625;-0.12548828125;-0.057373046875;0.979736328125;;;;;;;;;;;;;;;
19.32196044921875;0.056640625;0.271240234375;0.980712890625;;;;;;;;;;;;;;;
19.3253173828125;-0.23583984375;1.6357421875;0.7861328125;;;;;;;;;;;;;;;
19.32867431640625;0.12060546875;0.110595703125;1.083984375;;;;;;;;;;;;;;;
19.332122802734375;-0.03076171875;0.023193359375;1.13623046875;;;;;;;;;;;;;;;
19.33544921875;0.0517578125;-0.1240234375;1.08203125;;;;;;;;;;;;;;;
19.3388671875;-0.20947265625;0.2158203125;1.03955078125;;;;;;;;;;;;;;;
19.34228515625;-0.170654296875;-0.01220703125;0.85595703125;;;;;;;;;;;;;;;
19.345703125;-0.022216796875;0.255615234375;1.14453125;;;;;;;;;;;;;;;
19.349029541015625;0.04296875;-0.166015625;1.011474609375;;;;;;;;;;;;;;;
19.35247802734375;0.136962890625;0.301025390625;1.088623046875;;;;;;;;;;;;;;;
19.35589599609375;-0.268798828125;0.063232421875;0.8056640625;;;;;;;;;;;;;;;
19.359283447265625;0.18408203125;0.17578125;0.873046875;;;;;;;;;;;;;;;
19.3626708984375;-0.00244140625;0.15966796875;1.189453125;;;;;;;;;;;;;;;
19.365966796875;0.009033203125;-0.064697265625;1.082763671875;;;;;;;;;;;;;;;
19.36932373046875;-0.1630859375;0.196533203125;1.102294921875;;;;;;;;;;;;;;;
19.372711181640625;-0.253173828125;-0.239990234375;0.7724609375;;;;;;;;;;;;;;;
19.3760986328125;0.05810546875;0.168212890625;0.98486328125;;;;;;;;;;;;;;;
19.379486083984375;-0.25;0.02880859375;1.103271484375;;;;;;;;;;;;;;;
19.382904052734375;0.006103515625;0.174072265625;1.11474609375;;;;;;;;;;;;;;;
19.38623046875;-0.052490234375;0.175537109375;1.137939453125;;;;;;;;;;;;;;;
19.389556884765625;-0.088623046875;-0.0859375;0.822509765625;;;;;;;;;;;;;;;
19.3929443359375;0.0078125;0.21875;1.02197265625;;;;;;;;;;;;;;;
19.3963623046875;-0.072021484375;-0.0400390625;0.9189453125;;;;;;;;;;;;;;;
19.39971923828125;0.0439453125;0.258056640625;1.205322265625;;;;;;;;;;;;;;;
19.403076171875;-0.1865234375;-0.041748046875;0.968505859375;;;;;;;;;;;;;;;
19.406463623046875;0.228271484375;0.032958984375;0.99072265625;;;;;;;;;;;;;;;
19.40985107421875;-0.281982421875;0.19189453125;1.11962890625;;;;;;;;;;;;;;;
19.413238525390625;-0.164794921875;-0.045166015625;1.008544921875;;;;;;;;;;;;;;;
19.41668701171875;-0.080078125;0.157470703125;1.21484375;;;;;;;;;;;;;;;
19.42010498046875;-0.357421875;-0.12451171875;0.83837890625;;;;;;;;;;;;;;;
19.42352294921875;0.218994140625;0.380859375;0.984130859375;;;;;;;;;;;;;;;
19.4268798828125;-0.27197265625;0.157470703125;0.79931640625;;;;;;;;;;;;;;;
19.4302978515625;0.093994140625;0.1611328125;1.0068359375;;;;;;;;;;;;;;;
19.433746337890625;0.253662109375;-0.018798828125;1.298828125;;;;;;;;;;;;;;;
19.43707275390625;-0.2158203125;-0.18994140625;1.00830078125;;;;;;;;;;;;;;;
19.44049072265625;0.02783203125;0.138671875;1.004638671875;;;;;;;;;;;;;;;
19.443817138671875;-0.24365234375;0.0830078125;0.759765625;;;;;;;;;;;;;;;
19.447235107421875;0.091796875;0.35302734375;1.122314453125;;;;;;;;;;;;;;;
19.45068359375;-0.10107421875;0.028076171875;1.06591796875;;;;;;;;;;;;;;;
19.45404052734375;0.176025390625;0.031982421875;1.1318359375;;;;;;;;;;;;;;;
19.457366943359375;-0.1171875;0.078369140625;1.005126953125;;;;;;;;;;;;;;;
19.460784912109375;-0.222412109375;-0.009521484375;0.8291015625;;;;;;;;;;;;;;;
19.464202880859375;0.0263671875;0.13671875;1.103759765625;;;;;;;;;;;;;;;
19.467620849609375;0.053955078125;-0.208984375;1.0439453125;;;;;;;;;;;;;;;
19.471038818359375;0.14501953125;0.428466796875;1.131103515625;;;;;;;;;;;;;;;
19.474334716796875;-0.31005859375;0.146728515625;0.783203125;;;;;;;;;;;;;;;
19.47772216796875;0.20556640625;0.306640625;0.874267578125;;;;;;;;;;;;;;;
19.481048583984375;0.112060546875;0.072998046875;1.225341796875;;;;;;;;;;;;;;;
19.484344482421875;-0.21875;-0.107421875;1.06884765625;;;;;;;;;;;;;;;
19.48779296875;-0.171630859375;0.031982421875;1.176513671875;;;;;;;;;;;;;;;
19.491180419921875;-0.26806640625;-0.279541015625;0.748779296875;;;;;;;;;;;;;;;
19.494598388671875;0.040283203125;0.340087890625;0.97900390625;;;;;;;;;;;;;;;
19.498016357421875;-0.333740234375;0.049560546875;1.0537109375;;;;;;;;;;;;;;;
19.50146484375;-0.002197265625;0.307373046875;1.163818359375;;;;;;;;;;;;;;;
19.504852294921875;-0.063232421875;0.1962890625;1.142578125;;;;;;;;;;;;;;;
19.508209228515625;-0.02392578125;-0.02734375;0.81982421875;;;;;;;;;;;;;;;
19.511566162109375;-0.02783203125;0.072998046875;1.034423828125;;;;;;;;;;;;;;;
19.514984130859375;-0.070068359375;-0.212158203125;0.9130859375;;;;;;;;;;;;;;;
19.518280029296875;0.021240234375;0.242919921875;1.187744140625;;;;;;;;;;;;;;;
19.521697998046875;-0.255126953125;-0.12158203125;0.9482421875;;;;;;;;;;;;;;;
19.525054931640625;0.24365234375;0.150146484375;1.033203125;;;;;;;;;;;;;;;
19.528411865234375;-0.333740234375;0.283447265625;1.02783203125;;;;;;;;;;;;;;;
19.53173828125;-0.1220703125;0.08447265625;1.013671875;;;;;;;;;;;;;;;
19.535125732421875;-0.1611328125;0.07568359375;1.16162109375;;;;;;;;;;;;;;;
19.538543701171875;0.114013671875;-0.32666015625;0.9169921875;;;;;;;;;;;;;;;
19.542022705078125;-0.02001953125;0.300537109375;0.978271484375;;;;;;;;;;;;;;;
19.54541015625;-0.225341796875;0.0380859375;0.7666015625;;;;;;;;;;;;;;;
19.548858642578125;0.095458984375;0.321533203125;1.083984375;;;;;;;;;;;;;;;
19.55230712890625;-0.04931640625;0.06591796875;1.153076171875;;;;;;;;;;;;;;;
19.5556640625;0.037353515625;-0.081298828125;1.12890625;;;;;;;;;;;;;;;
19.558990478515625;-0.184326171875;0.049072265625;1.026123046875;;;;;;;;;;;;;;;
19.562408447265625;-0.14404296875;-0.020263671875;0.78564453125;;;;;;;;;;;;;;;
19.56585693359375;-0.052490234375;0.354248046875;1.0576171875;;;;;;;;;;;;;;;
19.569244384765625;-0.11572265625;-0.11328125;1.01318359375;;;;;;;;;;;;;;;
19.5726318359375;0.1142578125;0.261962890625;1.20849609375;;;;;;;;;;;;;;;
19.576019287109375;-0.211669921875;0.0546875;0.916259765625;;;;;;;;;;;;;;;
19.579376220703125;-0.08154296875;0.138916015625;0.848876953125;;;;;;;;;;;;;;;
19.582672119140625;-0.05810546875;0.144287109375;1.074462890625;;;;;;;;;;;;;;;
19.58599853515625;0.093017578125;-0.312744140625;1.068115234375;;;;;;;;;;;;;;;
19.5894775390625;-0.127197265625;0.32958984375;1.1337890625;;;;;;;;;;;;;;;
19.592803955078125;-0.216796875;0.05419921875;0.7578125;;;;;;;;;;;;;;;
19.596221923828125;0.033935546875;0.33203125;1.066650390625;;;;;;;;;;;;;;;
19.59967041015625;-0.098388671875;0.038818359375;1.090576171875;;;;;;;;;;;;;;;
19.603057861328125;0.032958984375;-0.168701171875;1.127685546875;;;;;;;;;;;;;;;
19.6064453125;-0.1708984375;0.04150390625;1.0810546875;;;;;;;;;;;;;;;
19.609771728515625;-0.107666015625;-0.182373046875;0.830322265625;;;;;;;;;;;;;;;
19.613128662109375;-0.12548828125;0.41796875;0.969482421875;;;;;;;;;;;;;;;
19.6165771484375;-0.20556640625;0.020751953125;0.938232421875;;;;;;;;;;;;;;;
19.61993408203125;0.158935546875;0.303955078125;1.2392578125;;;;;;;;;;;;;;;
19.62335205078125;-0.083251953125;0.114501953125;1.1015625;;;;;;;;;;;;;;;
19.626678466796875;0.065673828125;-0.05908203125;0.880615234375;;;;;;;;;;;;;;;
19.630096435546875;-0.123046875;0.0361328125;0.946533203125;;;;;;;;;;;;;;;
19.633453369140625;0.024169921875;-0.32666015625;0.9384765625;;;;;;;;;;;;;;;
19.636810302734375;-0.07080078125;0.308349609375;1.2021484375;;;;;;;;;;;;;;;
19.640289306640625;-0.14892578125;-0.116943359375;0.96142578125;;;;;;;;;;;;;;;
19.643646240234375;0.00927734375;0.3369140625;1.12109375;;;;;;;;;;;;;;;
19.647064208984375;-0.412841796875;0.08642578125;0.972900390625;;;;;;;;;;;;;;;
19.650421142578125;-0.136962890625;0.13330078125;0.98486328125;;;;;;;;;;;;;;;
19.65386962890625;-0.04248046875;-0.031005859375;1.10693359375;;;;;;;;;;;;;;;
19.657318115234375;0.1884765625;-0.222900390625;0.98388671875;;;;;;;;;;;;;;;
19.660736083984375;-0.031982421875;0.27294921875;1.028076171875;;;;;;;;;;;;;;;
19.66412353515625;-0.231689453125;0.019775390625;0.759521484375;;;;;;;;;;;;;;;
19.66754150390625;-0.08642578125;0.348388671875;1.17919921875;;;;;;;;;;;;;;;
19.670928955078125;-0.2890625;-0.102783203125;1.121337890625;;;;;;;;;;;;;;;
19.67425537109375;-0.04248046875;-0.050537109375;1.1513671875;;;;;;;;;;;;;;;
19.677642822265625;-0.183837890625;0.02099609375;0.991943359375;;;;;;;;;;;;;;;
19.681060791015625;0.017822265625;0.1455078125;0.82568359375;;;;;;;;;;;;;;;
19.68438720703125;-0.124755859375;0.41015625;1.04541015625;;;;;;;;;;;;;;;
19.687835693359375;-0.092529296875;-0.26416015625;1.02001953125;;;;;;;;;;;;;;;
19.691192626953125;-0.02490234375;0.18896484375;1.270263671875;;;;;;;;;;;;;;;
19.694549560546875;-0.3515625;-0.059326171875;0.881591796875;;;;;;;;;;;;;;;
19.69793701171875;-0.171142578125;0.187255859375;0.854736328125;;;;;;;;;;;;;;;
19.701263427734375;-0.037841796875;0.265869140625;1.009033203125;;;;;;;;;;;;;;;
19.704681396484375;0.125244140625;-0.136474609375;1.114990234375;;;;;;;;;;;;;;;
19.708099365234375;-0.07763671875;0.29541015625;1.17724609375;;;;;;;;;;;;;;;
19.711517333984375;-0.216064453125;-0.361572265625;0.817626953125;;;;;;;;;;;;;;;
19.7149658203125;-0.050537109375;0.28857421875;1.071533203125;;;;;;;;;;;;;;;
19.71844482421875;-0.408447265625;-0.06591796875;1.0048828125;;;;;;;;;;;;;;;
19.72186279296875;0.014892578125;-0.0908203125;1.1474609375;;;;;;;;;;;;;;;
19.72528076171875;-0.14208984375;-0.000244140625;1.04638671875;;;;;;;;;;;;;;;
19.728668212890625;0.0009765625;0.123779296875;0.86376953125;;;;;;;;;;;;;;;
19.73199462890625;-0.116943359375;0.510009765625;0.962646484375;;;;;;;;;;;;;;;
19.735443115234375;-0.21630859375;-0.1103515625;0.831787109375;;;;;;;;;;;;;;;
19.738861083984375;0.1494140625;0.142822265625;1.253173828125;;;;;;;;;;;;;;;
19.74224853515625;-0.06005859375;-0.056396484375;1.10205078125;;;;;;;;;;;;;;;
19.745635986328125;0.061767578125;0.0205078125;1.0849609375;;;;;;;;;;;;;;;
19.7490234375;-0.07373046875;0.107421875;0.9150390625;;;;;;;;;;;;;;;
19.752471923828125;-0.012451171875;-0.122314453125;0.938720703125;;;;;;;;;;;;;;;
19.75579833984375;-0.12939453125;0.26318359375;1.1962890625;;;;;;;;;;;;;;;
19.75921630859375;-0.120361328125;-0.20068359375;1.00341796875;;;;;;;;;;;;;;;
19.762542724609375;-0.01318359375;0.374755859375;1.113525390625;;;;;;;;;;;;;;;
19.765899658203125;-0.358154296875;-0.0244140625;0.90771484375;;;;;;;;;;;;;;;
19.769317626953125;-0.025146484375;0.14892578125;1.04052734375;;;;;;;;;;;;;;;
19.772705078125;-0.094970703125;-0.135986328125;1.032958984375;;;;;;;;;;;;;;;
19.776092529296875;0.19921875;0.03125;1.02685546875;;;;;;;;;;;;;;;
19.77947998046875;-0.1240234375;0.211181640625;1.0205078125;;;;;;;;;;;;;;;
19.782806396484375;-0.1552734375;-0.00732421875;0.7998046875;;;;;;;;;;;;;;;
19.7862548828125;-0.092529296875;0.33740234375;1.1591796875;;;;;;;;;;;;;;;
19.78961181640625;-0.14208984375;-0.15185546875;1.082763671875;;;;;;;;;;;;;;;
19.793060302734375;0.054931640625;0.026123046875;1.224365234375;;;;;;;;;;;;;;;
19.796478271484375;-0.131591796875;0.001220703125;0.9501953125;;;;;;;;;;;;;;;
19.7999267578125;0.0361328125;0.28173828125;0.84228515625;;;;;;;;;;;;;;;
19.80328369140625;-0.0810546875;0.296875;0.97265625;;;;;;;;;;;;;;;
19.806732177734375;0.01123046875;-0.215087890625;1.005126953125;;;;;;;;;;;;;;;
19.810089111328125;-0.064453125;0.1904296875;1.2412109375;;;;;;;;;;;;;;;
19.8134765625;-0.16455078125;-0.03857421875;0.92431640625;;;;;;;;;;;;;;;
19.81695556640625;0.03173828125;0.1904296875;0.942138671875;;;;;;;;;;;;;;;
19.820343017578125;-0.10693359375;0.16943359375;0.91845703125;;;;;;;;;;;;;;;
19.823760986328125;0.16162109375;-0.06005859375;1.10302734375;;;;;;;;;;;;;;;
19.827117919921875;-0.08984375;0.270751953125;1.125732421875;;;;;;;;;;;;;;;
19.83050537109375;-0.03466796875;-0.204833984375;0.89111328125;;;;;;;;;;;;;;;
19.83392333984375;-0.1572265625;0.276123046875;1.0048828125;;;;;;;;;;;;;;;
19.83734130859375;-0.15673828125;-0.09716796875;0.938720703125;;;;;;;;;;;;;;;
19.84063720703125;0.1376953125;0.19921875;1.2080078125;;;;;;;;;;;;;;;
19.843963623046875;-0.057373046875;0.10546875;1.033935546875;;;;;;;;;;;;;;;
19.847320556640625;0.104736328125;0.226806640625;0.93505859375;;;;;;;;;;;;;;;
19.850677490234375;-0.19482421875;0.17822265625;0.856689453125;;;;;;;;;;;;;;;
19.854034423828125;0.1005859375;-0.161376953125;0.876953125;;;;;;;;;;;;;;;
19.857421875;0.135009765625;0.083740234375;1.2861328125;;;;;;;;;;;;;;;
19.860870361328125;-0.125732421875;-0.2158203125;1.0908203125;;;;;;;;;;;;;;;
19.8642578125;0.009521484375;0.11767578125;1.1279296875;;;;;;;;;;;;;;;
19.86761474609375;-0.208251953125;0.16796875;0.86767578125;;;;;;;;;;;;;;;
19.871063232421875;0.0634765625;0.073486328125;0.9306640625;;;;;;;;;;;;;;;
19.8743896484375;-0.10986328125;0.27392578125;1.005126953125;;;;;;;;;;;;;;;
19.877838134765625;0.033447265625;-0.251220703125;1.0419921875;;;;;;;;;;;;;;;
19.88134765625;-0.167724609375;0.29541015625;1.070556640625;;;;;;;;;;;;;;;
19.884735107421875;-0.111083984375;-0.16796875;0.8369140625;;;;;;;;;;;;;;;
19.8880615234375;0.11279296875;0.265625;1.084716796875;;;;;;;;;;;;;;;
19.8914794921875;-0.08642578125;-0.0107421875;1.008544921875;;;;;;;;;;;;;;;
19.894927978515625;0.1337890625;0.177978515625;1.197021484375;;;;;;;;;;;;;;;
19.8983154296875;-0.293212890625;0.203369140625;0.96337890625;;;;;;;;;;;;;;;
19.901641845703125;0.033447265625;-0.131103515625;0.84521484375;;;;;;;;;;;;;;;
19.90496826171875;-0.209716796875;0.304443359375;1.1494140625;;;;;;;;;;;;;;;
19.908416748046875;-0.197509765625;-0.2470703125;1.025390625;;;;;;;;;;;;;;;
19.91180419921875;0.05615234375;0.1123046875;1.2724609375;;;;;;;;;;;;;;;
19.9151611328125;-0.1044921875;0.032958984375;0.9140625;;;;;;;;;;;;;;;
19.91851806640625;0.125732421875;0.322998046875;0.87841796875;;;;;;;;;;;;;;;
19.921844482421875;-0.22705078125;0.2421875;0.8759765625;;;;;;;;;;;;;;;
19.925201416015625;0.11962890625;-0.2060546875;1.010009765625;;;;;;;;;;;;;;;
19.9285888671875;-0.147705078125;0.237060546875;1.2177734375;;;;;;;;;;;;;;;
19.931915283203125;-0.100341796875;-0.125732421875;0.938720703125;;;;;;;;;;;;;;;
19.935333251953125;-0.031982421875;0.219482421875;1.013427734375;;;;;;;;;;;;;;;
19.938690185546875;-0.201171875;0.103759765625;0.865966796875;;;;;;;;;;;;;;;
19.942138671875;0.1357421875;0.060302734375;1.144287109375;;;;;;;;;;;;;;;
19.945556640625;-0.181396484375;0.13037109375;1.1220703125;;;;;;;;;;;;;;;
19.948974609375;0.050048828125;-0.006103515625;0.9609375;;;;;;;;;;;;;;;
19.952392578125;-0.28076171875;0.297607421875;0.930419921875;;;;;;;;;;;;;;;
19.955718994140625;0.0126953125;-0.06494140625;0.822509765625;;;;;;;;;;;;;;;
19.95904541015625;0.30810546875;0.158203125;1.254638671875;;;;;;;;;;;;;;;
19.96240234375;-0.02685546875;0.08447265625;1.007568359375;;;;;;;;;;;;;;;
19.965850830078125;0.097412109375;0.3017578125;0.990234375;;;;;;;;;;;;;;;
19.969207763671875;-0.26806640625;0.03125;0.82373046875;;;;;;;;;;;;;;;
19.97259521484375;0.057373046875;-0.05859375;0.9228515625;;;;;;;;;;;;;;;
19.97601318359375;-0.130859375;0.050048828125;1.230712890625;;;;;;;;;;;;;;;
19.979400634765625;-0.2646484375;-0.121826171875;1.02685546875;;;;;;;;;;;;;;;
19.982696533203125;0.103515625;0.138671875;1.177001953125;;;;;;;;;;;;;;;
19.986053466796875;-0.232666015625;0.162109375;0.813232421875;;;;;;;;;;;;;;;
19.98944091796875;0.1044921875;0.364501953125;0.9990234375;;;;;;;;;;;;;;;
19.992828369140625;-0.148193359375;0.093505859375;0.9482421875;;;;;;;;;;;;;;;
19.9962158203125;0.154052734375;-0.084228515625;1.122802734375;;;;;;;;;;;;;;;
19.99957275390625;-0.261474609375;0.00927734375;1.029052734375;;;;;;;;;;;;;;;
20.002960205078125;-0.158203125;-0.262451171875;0.763427734375;;;;;;;;;;;;;;;
20.006256103515625;0.14453125;0.29296875;1.103271484375;;;;;;;;;;;;;;;
20.009674072265625;-0.03564453125;0.111083984375;1.00390625;;;;;;;;;;;;;;;
20.013031005859375;0.09765625;0.35693359375;1.24853515625;;;;;;;;;;;;;;;
20.016448974609375;-0.286376953125;-0.01025390625;0.9296875;;;;;;;;;;;;;;;
20.019744873046875;0.09716796875;-0.0791015625;0.90283203125;;;;;;;;;;;;;;;
20.023162841796875;-0.225830078125;0.07080078125;0.8916015625;;;;;;;;;;;;;;;
20.026580810546875;-0.295654296875;-0.121337890625;0.92578125;;;;;;;;;;;;;;;
20.02996826171875;0.35107421875;0.04638671875;1.319091796875;;;;;;;;;;;;;;;
20.033294677734375;-0.07958984375;0.111083984375;0.89208984375;;;;;;;;;;;;;;;
20.0367431640625;0.2392578125;0.37890625;0.969482421875;;;;;;;;;;;;;;;
20.040130615234375;-0.3564453125;0.305419921875;0.7802734375;;;;;;;;;;;;;;;
20.043487548828125;0.248046875;-0.00439453125;1.02685546875;;;;;;;;;;;;;;;
20.046844482421875;-0.01904296875;-0.090576171875;1.186767578125;;;;;;;;;;;;;;;
20.050201416015625;-0.12646484375;-0.357666015625;0.986328125;;;;;;;;;;;;;;;
20.0535888671875;0.0107421875;0.123291015625;1.013427734375;;;;;;;;;;;;;;;
20.05694580078125;-0.215087890625;0.204833984375;0.80908203125;;;;;;;;;;;;;;;
20.060333251953125;0.114990234375;0.291748046875;1.165771484375;;;;;;;;;;;;;;;
20.063720703125;-0.096923828125;0.10205078125;1.063720703125;;;;;;;;;;;;;;;
20.0670166015625;0.171875;0.1650390625;1.0673828125;;;;;;;;;;;;;;;
20.07037353515625;-0.3115234375;0.133544921875;0.846923828125;;;;;;;;;;;;;;;
20.073699951171875;0.16796875;-0.076171875;0.846923828125;;;;;;;;;;;;;;;
20.077056884765625;0.181884765625;0.11328125;1.248291015625;;;;;;;;;;;;;;;
20.080474853515625;0.098876953125;-0.001220703125;1.040771484375;;;;;;;;;;;;;;;
20.083770751953125;-0.13427734375;0.3154296875;1.058837890625;;;;;;;;;;;;;;;
20.08709716796875;-0.271728515625;-0.055908203125;0.7685546875;;;;;;;;;;;;;;;
20.09051513671875;0.068359375;0.10986328125;0.97412109375;;;;;;;;;;;;;;;
20.093902587890625;-0.121826171875;0.04345703125;1.15478515625;;;;;;;;;;;;;;;
20.097442626953125;-0.04345703125;-0.04736328125;1.12353515625;;;;;;;;;;;;;;;
20.10076904296875;-0.132568359375;0.108154296875;1.135986328125;;;;;;;;;;;;;;;
20.1041259765625;-0.10986328125;-0.048095703125;0.82080078125;;;;;;;;;;;;;;;
20.107513427734375;-0.02490234375;0.31689453125;1.02294921875;;;;;;;;;;;;;;;
20.11083984375;-0.15185546875;0.022705078125;0.932373046875;;;;;;;;;;;;;;;
20.114288330078125;0.0751953125;0.12109375;1.18017578125;;;;;;;;;;;;;;;
20.11767578125;-0.222412109375;0.034423828125;1.0087890625;;;;;;;;;;;;;;;
20.121124267578125;0.088134765625;-0.097412109375;0.94287109375;;;;;;;;;;;;;;;
20.124481201171875;-0.00048828125;0.2578125;1.06640625;;;;;;;;;;;;;;;
20.127899169921875;0.043212890625;-0.041015625;0.999755859375;;;;;;;;;;;;;;;
20.1312255859375;-0.14453125;0.29248046875;1.23193359375;;;;;;;;;;;;;;;
20.134613037109375;-0.19580078125;-0.159423828125;0.926513671875;;;;;;;;;;;;;;;
20.13800048828125;0.008544921875;-0.033935546875;0.95556640625;;;;;;;;;;;;;;;
20.141326904296875;-0.17333984375;0.10400390625;0.822265625;;;;;;;;;;;;;;;
20.144683837890625;0.040283203125;0.10986328125;1.017333984375;;;;;;;;;;;;;;;
20.148101806640625;0.056884765625;0.236328125;1.25244140625;;;;;;;;;;;;;;;
20.151458740234375;-0.042724609375;-0.0654296875;1.036376953125;;;;;;;;;;;;;;;
20.154876708984375;0.020751953125;0.206787109375;1.00390625;;;;;;;;;;;;;;;
20.158233642578125;-0.232177734375;0.12158203125;0.76513671875;;;;;;;;;;;;;;;
20.16162109375;0.061279296875;0.060791015625;1.128173828125;;;;;;;;;;;;;;;
20.1650390625;-0.005615234375;0.04052734375;1.146240234375;;;;;;;;;;;;;;;
20.168426513671875;0.04150390625;-0.174072265625;1.061279296875;;;;;;;;;;;;;;;
20.171875;-0.190673828125;0.26171875;1.044921875;;;;;;;;;;;;;;;
20.1751708984375;-0.141357421875;0.01025390625;0.858154296875;;;;;;;;;;;;;;;
20.178466796875;-0.06494140625;0.3828125;1.14892578125;;;;;;;;;;;;;;;
20.18194580078125;0.02685546875;-0.1962890625;0.989990234375;;;;;;;;;;;;;;;
20.18536376953125;0.091796875;0.3232421875;1.119384765625;;;;;;;;;;;;;;;
20.18878173828125;-0.244384765625;0.04541015625;0.812744140625;;;;;;;;;;;;;;;
20.192138671875;0.249267578125;0.105712890625;0.850341796875;;;;;;;;;;;;;;;
20.19549560546875;0.186767578125;0.23095703125;1.2197265625;;;;;;;;;;;;;;;
20.198974609375;-0.044921875;-0.036376953125;1.06982421875;;;;;;;;;;;;;;;
20.202392578125;-0.28173828125;0.30712890625;1.140625;;;;;;;;;;;;;;;
20.205780029296875;-0.345458984375;-0.2744140625;0.734130859375;;;;;;;;;;;;;;;
20.20916748046875;0.075927734375;0.291748046875;0.974853515625;;;;;;;;;;;;;;;
20.212554931640625;-0.157958984375;-0.001708984375;1.112548828125;;;;;;;;;;;;;;;
20.215911865234375;0.044677734375;0.15087890625;1.14501953125;;;;;;;;;;;;;;;
20.219268798828125;-0.08447265625;0.0830078125;1.156005859375;;;;;;;;;;;;;;;
20.222686767578125;-0.099609375;-0.066650390625;0.781005859375;;;;;;;;;;;;;;;
20.22613525390625;0.007080078125;0.2978515625;1.005615234375;;;;;;;;;;;;;;;
20.229461669921875;-0.1025390625;-0.0009765625;0.90185546875;;;;;;;;;;;;;;;
20.232879638671875;0.0068359375;0.364013671875;1.1923828125;;;;;;;;;;;;;;;
20.23638916015625;-0.22705078125;-0.11376953125;0.99072265625;;;;;;;;;;;;;;;
20.239776611328125;0.193603515625;-0.01025390625;0.984619140625;;;;;;;;;;;;;;;
20.2431640625;-0.21533203125;0.160888671875;1.105224609375;;;;;;;;;;;;;;;
20.246551513671875;-0.167236328125;0.03515625;0.93994140625;;;;;;;;;;;;;;;
20.249847412109375;-0.03857421875;0.16796875;1.237060546875;;;;;;;;;;;;;;;
20.253204345703125;-0.300048828125;-0.165771484375;0.873046875;;;;;;;;;;;;;;;
20.256561279296875;0.144775390625;0.424072265625;1.0;;;;;;;;;;;;;;;
20.260009765625;-0.274658203125;0.126220703125;0.77294921875;;;;;;;;;;;;;;;
20.263397216796875;0.185302734375;0.250732421875;1.027587890625;;;;;;;;;;;;;;;
20.266754150390625;0.123291015625;0.041259765625;1.3134765625;;;;;;;;;;;;;;;
20.270172119140625;-0.322265625;-0.11474609375;0.976318359375;;;;;;;;;;;;;;;
20.273529052734375;-0.05419921875;0.055908203125;1.049560546875;;;;;;;;;;;;;;;
20.276885986328125;-0.25244140625;-0.174072265625;0.72412109375;;;;;;;;;;;;;;;
20.280242919921875;0.09375;0.3330078125;1.13427734375;;;;;;;;;;;;;;;
20.28363037109375;0.009521484375;-0.03759765625;1.117919921875;;;;;;;;;;;;;;;
20.287078857421875;0.03125;0.361572265625;1.125732421875;;;;;;;;;;;;;;;
20.29046630859375;-0.221923828125;0.185546875;0.98828125;;;;;;;;;;;;;;;
20.29388427734375;-0.259033203125;0.024169921875;0.81396484375;;;;;;;;;;;;;;;
20.297332763671875;-0.0283203125;0.228271484375;1.142822265625;;;;;;;;;;;;;;;
20.300689697265625;0.050048828125;-0.32861328125;1.044677734375;;;;;;;;;;;;;;;
20.30413818359375;0.048828125;0.396728515625;1.1728515625;;;;;;;;;;;;;;;
20.307525634765625;-0.243408203125;-0.077392578125;0.783447265625;;;;;;;;;;;;;;;
20.31085205078125;0.171142578125;0.354248046875;1.060546875;;;;;;;;;;;;;;;
20.314239501953125;-0.0400390625;0.165283203125;1.178955078125;;;;;;;;;;;;;;;
20.31768798828125;-0.210693359375;-0.0439453125;1.082763671875;;;;;;;;;;;;;;;
20.321044921875;-0.259765625;0.09130859375;1.207275390625;;;;;;;;;;;;;;;
20.324432373046875;-0.2578125;-0.322998046875;0.769287109375;;;;;;;;;;;;;;;
20.32781982421875;-0.07080078125;0.386962890625;0.997314453125;;;;;;;;;;;;;;;
20.33123779296875;-0.40673828125;-0.085693359375;1.033447265625;;;;;;;;;;;;;;;
20.3345947265625;-0.035888671875;0.346923828125;1.142822265625;;;;;;;;;;;;;;;
20.33795166015625;0.05029296875;0.12060546875;1.148193359375;;;;;;;;;;;;;;;
20.341278076171875;0.051025390625;0.01806640625;0.80615234375;;;;;;;;;;;;;;;
20.344696044921875;-0.056884765625;0.09375;1.042724609375;;;;;;;;;;;;;;;
20.34808349609375;-0.171142578125;-0.146484375;0.898193359375;;;;;;;;;;;;;;;
20.3514404296875;-0.06494140625;0.27978515625;1.22021484375;;;;;;;;;;;;;;;
20.35491943359375;-0.16796875;-0.178466796875;0.970703125;;;;;;;;;;;;;;;
20.35833740234375;0.1318359375;0.1591796875;1.05419921875;;;;;;;;;;;;;;;
20.3616943359375;-0.241943359375;0.145751953125;1.000244140625;;;;;;;;;;;;;;;
20.365081787109375;-0.114501953125;0.161376953125;0.998291015625;;;;;;;;;;;;;;;
20.36846923828125;-0.1015625;0.131591796875;1.1806640625;;;;;;;;;;;;;;;
20.371917724609375;0.09375;-0.3271484375;0.93310546875;;;;;;;;;;;;;;;
20.37530517578125;0.021240234375;0.2900390625;1.009521484375;;;;;;;;;;;;;;;
20.378692626953125;-0.243408203125;0.018798828125;0.7373046875;;;;;;;;;;;;;;;
20.382049560546875;-0.019287109375;0.341552734375;1.111328125;;;;;;;;;;;;;;;
20.38543701171875;-0.033203125;0.0400390625;1.182373046875;;;;;;;;;;;;;;;
20.388763427734375;-0.01953125;-0.060791015625;1.125244140625;;;;;;;;;;;;;;;
20.392242431640625;-0.133056640625;-0.0068359375;1.034912109375;;;;;;;;;;;;;;;
20.395660400390625;-0.118896484375;-0.145263671875;0.7939453125;;;;;;;;;;;;;;;
20.399078369140625;-0.072021484375;0.3427734375;1.0625;;;;;;;;;;;;;;;
20.4024658203125;-0.00390625;-0.093505859375;1.049072265625;;;;;;;;;;;;;;;
20.40576171875;0.021484375;0.376708984375;1.237060546875;;;;;;;;;;;;;;;
20.4091796875;-0.2333984375;0.134521484375;0.919921875;;;;;;;;;;;;;;;
20.412567138671875;-0.12646484375;0.085693359375;0.86328125;;;;;;;;;;;;;;;
20.415924072265625;-0.087890625;0.022705078125;1.06591796875;;;;;;;;;;;;;;;
20.41925048828125;0.114013671875;-0.48388671875;1.07421875;;;;;;;;;;;;;;;
20.422698974609375;-0.05224609375;0.329345703125;1.155517578125;;;;;;;;;;;;;;;
20.42608642578125;-0.138427734375;-0.054931640625;0.814453125;;;;;;;;;;;;;;;
20.42950439453125;-0.001953125;0.41552734375;1.05078125;;;;;;;;;;;;;;;
20.432861328125;-0.159912109375;0.12060546875;1.0693359375;;;;;;;;;;;;;;;
20.43621826171875;-0.055419921875;-0.05908203125;1.133056640625;;;;;;;;;;;;;;;
20.439605712890625;-0.206298828125;0.0546875;1.10302734375;;;;;;;;;;;;;;;
20.443023681640625;-0.099853515625;-0.29345703125;0.816650390625;;;;;;;;;;;;;;;
20.446441650390625;-0.1083984375;0.439208984375;0.9736328125;;;;;;;;;;;;;;;
20.449859619140625;-0.1005859375;-0.127197265625;0.9267578125;;;;;;;;;;;;;;;
20.453277587890625;0.2255859375;0.32568359375;1.258544921875;;;;;;;;;;;;;;;
20.456573486328125;-0.212158203125;0.056396484375;1.1064453125;;;;;;;;;;;;;;;
20.459991455078125;0.019287109375;0.018310546875;0.849609375;;;;;;;;;;;;;;;
20.46331787109375;-0.15234375;0.121826171875;0.95849609375;;;;;;;;;;;;;;;
20.466644287109375;0.007080078125;-0.1875;0.909912109375;;;;;;;;;;;;;;;
20.470001220703125;-0.033447265625;0.2802734375;1.223876953125;;;;;;;;;;;;;;;
20.473480224609375;-0.11767578125;-0.306396484375;0.998291015625;;;;;;;;;;;;;;;
20.476898193359375;0.065673828125;0.271484375;1.129150390625;;;;;;;;;;;;;;;
20.480316162109375;-0.422119140625;0.02490234375;0.96923828125;;;;;;;;;;;;;;;
20.483734130859375;-0.118896484375;0.2119140625;0.986572265625;;;;;;;;;;;;;;;
20.487030029296875;-0.074951171875;0.004150390625;1.109375;;;;;;;;;;;;;;;
20.490447998046875;0.205078125;-0.156982421875;0.966552734375;;;;;;;;;;;;;;;
20.49383544921875;-0.076416015625;0.242919921875;1.018798828125;;;;;;;;;;;;;;;
20.4971923828125;-0.139892578125;-0.044189453125;0.79052734375;;;;;;;;;;;;;;;
20.500518798828125;-0.087158203125;0.380859375;1.15087890625;;;;;;;;;;;;;;;
20.50396728515625;-0.172119140625;-0.142333984375;1.142822265625;;;;;;;;;;;;;;;
20.507354736328125;-0.08447265625;-0.047607421875;1.163330078125;;;;;;;;;;;;;;;
20.51080322265625;-0.203369140625;-0.039794921875;1.00634765625;;;;;;;;;;;;;;;
20.514129638671875;0.007080078125;0.1357421875;0.793701171875;;;;;;;;;;;;;;;
20.517486572265625;-0.127197265625;0.375732421875;1.022216796875;;;;;;;;;;;;;;;
20.520843505859375;0.021728515625;-0.203857421875;1.011962890625;;;;;;;;;;;;;;;
20.524322509765625;0.000244140625;0.349853515625;1.241455078125;;;;;;;;;;;;;;;
20.527740478515625;-0.206787109375;0.01904296875;0.941162109375;;;;;;;;;;;;;;;
20.5311279296875;0.155517578125;0.09521484375;0.8623046875;;;;;;;;;;;;;;;
20.5345458984375;-0.080322265625;0.103271484375;1.00048828125;;;;;;;;;;;;;;;
20.537994384765625;0.1533203125;-0.30126953125;1.067626953125;;;;;;;;;;;;;;;
20.541351318359375;-0.13134765625;0.269775390625;1.1591796875;;;;;;;;;;;;;;;
20.54473876953125;-0.06396484375;-0.19384765625;0.8564453125;;;;;;;;;;;;;;;
20.548126220703125;-0.109619140625;0.4951171875;1.017333984375;;;;;;;;;;;;;;;
20.551513671875;-0.28759765625;0.0048828125;0.988037109375;;;;;;;;;;;;;;;
20.554962158203125;0.053466796875;0.076416015625;1.205810546875;;;;;;;;;;;;;;;
20.558380126953125;-0.217041015625;-0.042724609375;1.03076171875;;;;;;;;;;;;;;;
20.561676025390625;-0.005615234375;-0.068603515625;0.841796875;;;;;;;;;;;;;;;
20.565093994140625;-0.08349609375;0.34423828125;0.91650390625;;;;;;;;;;;;;;;
20.5684814453125;-0.02587890625;-0.113037109375;0.863525390625;;;;;;;;;;;;;;;
20.571929931640625;0.113525390625;0.375244140625;1.240478515625;;;;;;;;;;;;;;;
20.575347900390625;-0.111083984375;0.050048828125;1.111572265625;;;;;;;;;;;;;;;
20.578704833984375;0.0390625;0.12158203125;1.10009765625;;;;;;;;;;;;;;;
20.582183837890625;-0.193603515625;0.011962890625;0.885498046875;;;;;;;;;;;;;;;
20.58551025390625;0.05859375;-0.166259765625;0.896484375;;;;;;;;;;;;;;;
20.588836669921875;0.062255859375;0.192626953125;1.088623046875;;;;;;;;;;;;;;;
20.5921630859375;0.050537109375;-0.212646484375;1.030517578125;;;;;;;;;;;;;;;
20.5955810546875;-0.097412109375;0.395751953125;1.10693359375;;;;;;;;;;;;;;;
20.5989990234375;-0.362548828125;-0.05810546875;0.89501953125;;;;;;;;;;;;;;;
20.6024169921875;-0.039794921875;0.2880859375;1.0283203125;;;;;;;;;;;;;;;
20.605743408203125;-0.093017578125;-0.04345703125;1.024658203125;;;;;;;;;;;;;;;
20.609222412109375;0.227294921875;-0.0048828125;1.039306640625;;;;;;;;;;;;;;;
20.612579345703125;0.0146484375;0.176025390625;1.0205078125;;;;;;;;;;;;;;;
20.615997314453125;-0.06591796875;-0.107421875;0.8046875;;;;;;;;;;;;;;;
20.619354248046875;-0.141357421875;0.34326171875;1.1357421875;;;;;;;;;;;;;;;
20.622711181640625;-0.12646484375;-0.15771484375;1.070068359375;;;;;;;;;;;;;;;
20.626068115234375;0.109619140625;0.078125;1.240966796875;;;;;;;;;;;;;;;
20.6295166015625;-0.20703125;-0.022705078125;0.951416015625;;;;;;;;;;;;;;;
20.63287353515625;0.09765625;0.3447265625;0.853759765625;;;;;;;;;;;;;;;
20.63623046875;-0.18359375;0.326171875;0.928955078125;;;;;;;;;;;;;;;
20.63958740234375;0.1005859375;-0.19140625;0.986328125;;;;;;;;;;;;;;;
20.64300537109375;-0.109619140625;0.14599609375;1.243896484375;;;;;;;;;;;;;;;
20.646453857421875;-0.072998046875;-0.146484375;0.949462890625;;;;;;;;;;;;;;;
20.6497802734375;0.018310546875;0.136962890625;0.968505859375;;;;;;;;;;;;;;;
20.6531982421875;-0.183349609375;0.20703125;0.867431640625;;;;;;;;;;;;;;;
20.65655517578125;0.1787109375;-0.02001953125;1.1318359375;;;;;;;;;;;;;;;
20.65997314453125;0.004638671875;0.250732421875;1.12451171875;;;;;;;;;;;;;;;
20.66339111328125;-0.00244140625;-0.14111328125;0.917724609375;;;;;;;;;;;;;;;
20.666778564453125;-0.1953125;0.298095703125;0.99560546875;;;;;;;;;;;;;;;
20.67010498046875;-0.235107421875;-0.115234375;0.912109375;;;;;;;;;;;;;;;
20.6734619140625;0.130126953125;0.129150390625;1.24609375;;;;;;;;;;;;;;;
20.67681884765625;-0.097412109375;0.014404296875;1.015380859375;;;;;;;;;;;;;;;
20.680145263671875;0.131591796875;0.2197265625;0.9638671875;;;;;;;;;;;;;;;
20.683502197265625;-0.23583984375;0.1259765625;0.869873046875;;;;;;;;;;;;;;;
20.686920166015625;-0.015625;-0.111572265625;0.88916015625;;;;;;;;;;;;;;;
20.69024658203125;-0.014404296875;0.125;1.244140625;;;;;;;;;;;;;;;
20.693634033203125;-0.008056640625;-0.114013671875;1.100830078125;;;;;;;;;;;;;;;
20.697052001953125;-0.020751953125;0.15673828125;1.17529296875;;;;;;;;;;;;;;;
20.700408935546875;-0.21923828125;0.07763671875;0.813720703125;;;;;;;;;;;;;;;
20.7037353515625;0.0595703125;0.066650390625;0.968017578125;;;;;;;;;;;;;;;
20.7071533203125;-0.141357421875;0.0615234375;0.982666015625;;;;;;;;;;;;;;;
20.710540771484375;0.0625;-0.162353515625;1.080322265625;;;;;;;;;;;;;;;
20.713958740234375;-0.207275390625;0.241943359375;1.10888671875;;;;;;;;;;;;;;;
20.7174072265625;-0.19482421875;-0.07958984375;0.79248046875;;;;;;;;;;;;;;;
20.72088623046875;0.120849609375;0.27978515625;1.099853515625;;;;;;;;;;;;;;;
20.72418212890625;-0.099365234375;0.104736328125;0.966552734375;;;;;;;;;;;;;;;
20.727569580078125;0.151123046875;0.12548828125;1.111083984375;;;;;;;;;;;;;;;
20.730926513671875;-0.257568359375;-0.019287109375;0.976318359375;;;;;;;;;;;;;;;
20.734283447265625;0.005126953125;-0.21533203125;0.837646484375;;;;;;;;;;;;;;;
20.73773193359375;-0.1572265625;0.188720703125;1.1416015625;;;;;;;;;;;;;;;
20.7412109375;-0.319580078125;-0.0673828125;0.97998046875;;;;;;;;;;;;;;;
20.74456787109375;0.224853515625;0.129150390625;1.306396484375;;;;;;;;;;;;;;;
20.74798583984375;-0.150146484375;0.134033203125;0.910888671875;;;;;;;;;;;;;;;
20.7513427734375;0.2001953125;0.291748046875;0.931640625;;;;;;;;;;;;;;;
20.754791259765625;0.00146484375;0.282958984375;0.8330078125;;;;;;;;;;;;;;;
20.7581787109375;0.183837890625;-0.223388671875;1.035400390625;;;;;;;;;;;;;;;
20.76153564453125;-0.100341796875;0.0078125;1.2197265625;;;;;;;;;;;;;;;
20.76495361328125;-0.10693359375;-0.295166015625;0.962158203125;;;;;;;;;;;;;;;
20.76837158203125;-0.004638671875;0.203369140625;0.991455078125;;;;;;;;;;;;;;;
20.771728515625;-0.2177734375;0.259521484375;0.84521484375;;;;;;;;;;;;;;;
20.77508544921875;0.090087890625;0.222900390625;1.14794921875;;;;;;;;;;;;;;;
20.77838134765625;-0.21240234375;0.16015625;1.09814453125;;;;;;;;;;;;;;;
20.78179931640625;0.07763671875;-0.1171875;1.02685546875;;;;;;;;;;;;;;;
20.78521728515625;-0.224609375;0.11865234375;0.91162109375;;;;;;;;;;;;;;;
20.788543701171875;0.0068359375;-0.160400390625;0.86328125;;;;;;;;;;;;;;;
20.79193115234375;0.221923828125;0.22802734375;1.2275390625;;;;;;;;;;;;;;;
20.7952880859375;0.01708984375;0.0986328125;1.02978515625;;;;;;;;;;;;;;;
20.798614501953125;0.266845703125;0.393798828125;1.053955078125;;;;;;;;;;;;;;;
20.801971435546875;-0.370849609375;0.02783203125;0.79150390625;;;;;;;;;;;;;;;
20.805419921875;0.10693359375;-0.0107421875;0.924560546875;;;;;;;;;;;;;;;
20.808807373046875;-0.064208984375;-0.01953125;1.187255859375;;;;;;;;;;;;;;;
20.81219482421875;-0.020751953125;-0.155029296875;1.12353515625;;;;;;;;;;;;;;;
20.815521240234375;-0.114501953125;0.097412109375;1.157958984375;;;;;;;;;;;;;;;
20.81890869140625;-0.22705078125;0.0439453125;0.79443359375;;;;;;;;;;;;;;;
20.822296142578125;0.070068359375;0.47802734375;0.98193359375;;;;;;;;;;;;;;;
20.825653076171875;-0.492919921875;0.1904296875;0.91845703125;;;;;;;;;;;;;;;
20.829010009765625;0.126220703125;-0.00244140625;1.137939453125;;;;;;;;;;;;;;;
20.8323974609375;-0.196533203125;0.242919921875;1.065185546875;;;;;;;;;;;;;;;
20.835723876953125;-0.026123046875;-0.21826171875;0.862548828125;;;;;;;;;;;;;;;
20.839111328125;0.05419921875;0.189453125;1.0947265625;;;;;;;;;;;;;;;
20.842498779296875;-0.0400390625;-0.02490234375;0.952392578125;;;;;;;;;;;;;;;
20.84588623046875;0.054443359375;0.317626953125;1.255126953125;;;;;;;;;;;;;;;
20.849273681640625;-0.205078125;0.04296875;0.94189453125;;;;;;;;;;;;;;;
20.8526611328125;0.0439453125;-0.06884765625;0.915283203125;;;;;;;;;;;;;;;
20.8560791015625;-0.150146484375;0.1611328125;0.884521484375;;;;;;;;;;;;;;;
20.8594970703125;-0.098876953125;-0.07080078125;1.017578125;;;;;;;;;;;;;;;
20.862884521484375;0.107421875;0.138916015625;1.29150390625;;;;;;;;;;;;;;;
20.8663330078125;-0.063720703125;-0.070068359375;0.876220703125;;;;;;;;;;;;;;;
20.869720458984375;0.18310546875;0.392333984375;0.96484375;;;;;;;;;;;;;;;
20.87310791015625;-0.488037109375;0.272216796875;0.778564453125;;;;;;;;;;;;;;;
20.87646484375;0.06884765625;0.02490234375;1.054443359375;;;;;;;;;;;;;;;
20.87982177734375;-0.027099609375;-0.024658203125;1.196044921875;;;;;;;;;;;;;;;
20.88323974609375;-0.029541015625;-0.2685546875;1.037353515625;;;;;;;;;;;;;;;
20.88653564453125;-0.13232421875;0.2119140625;1.04296875;;;;;;;;;;;;;;;
20.88995361328125;-0.206787109375;0.07421875;0.80322265625;;;;;;;;;;;;;;;
20.89337158203125;0.029296875;0.36181640625;1.150634765625;;;;;;;;;;;;;;;
20.896728515625;-0.025146484375;0.002197265625;1.018798828125;;;;;;;;;;;;;;;
20.900177001953125;0.1630859375;0.145263671875;1.11767578125;;;;;;;;;;;;;;;
20.903594970703125;-0.26513671875;0.04931640625;0.85595703125;;;;;;;;;;;;;;;
20.906951904296875;0.148681640625;0.005126953125;0.85205078125;;;;;;;;;;;;;;;
20.910400390625;0.135009765625;0.263916015625;1.233154296875;;;;;;;;;;;;;;;
20.913787841796875;0.015380859375;0.1025390625;1.07177734375;;;;;;;;;;;;;;;
20.917205810546875;-0.178466796875;0.31591796875;1.11083984375;;;;;;;;;;;;;;;
20.920623779296875;-0.3017578125;-0.201171875;0.74267578125;;;;;;;;;;;;;;;
20.92401123046875;0.09326171875;0.072998046875;0.95703125;;;;;;;;;;;;;;;
20.9273681640625;-0.08154296875;-0.060302734375;1.131103515625;;;;;;;;;;;;;;;
20.930755615234375;0.072509765625;0.094482421875;1.131591796875;;;;;;;;;;;;;;;
20.93414306640625;-0.10986328125;0.177001953125;1.16552734375;;;;;;;;;;;;;;;
20.9375;-0.1259765625;0.00927734375;0.797119140625;;;;;;;;;;;;;;;
20.94085693359375;-0.04296875;0.305419921875;1.024169921875;;;;;;;;;;;;;;;
20.9442138671875;-0.1298828125;0.095458984375;0.86328125;;;;;;;;;;;;;;;
20.947601318359375;0.111328125;0.12060546875;1.162353515625;;;;;;;;;;;;;;;
20.95098876953125;-0.12646484375;-0.061767578125;1.033447265625;;;;;;;;;;;;;;;
20.954437255859375;0.128173828125;-0.1318359375;0.912841796875;;;;;;;;;;;;;;;
20.95782470703125;0.132080078125;0.2412109375;1.08349609375;;;;;;;;;;;;;;;
20.961181640625;-0.06494140625;0.006103515625;0.9716796875;;;;;;;;;;;;;;;
20.964599609375;-0.040771484375;0.256103515625;1.246826171875;;;;;;;;;;;;;;;
20.9678955078125;-0.33251953125;-0.1083984375;0.88037109375;;;;;;;;;;;;;;;
20.971282958984375;0.123779296875;0.388427734375;0.9501953125;;;;;;;;;;;;;;;
20.97467041015625;-0.194091796875;0.125732421875;0.78173828125;;;;;;;;;;;;;;;
20.977996826171875;0.0693359375;0.16943359375;0.962158203125;;;;;;;;;;;;;;;
20.981353759765625;0.330078125;0.1572265625;1.3408203125;;;;;;;;;;;;;;;
20.984832763671875;-0.195556640625;-0.121337890625;0.98486328125;;;;;;;;;;;;;;;
20.988189697265625;0.07421875;0.16015625;1.01953125;;;;;;;;;;;;;;;
20.9915771484375;-0.315185546875;0.0654296875;0.722412109375;;;;;;;;;;;;;;;
20.99505615234375;0.16259765625;0.29296875;1.097900390625;;;;;;;;;;;;;;;
20.998504638671875;-0.015869140625;0.05810546875;1.1337890625;;;;;;;;;;;;;;;
21.001922607421875;0.07080078125;-0.021484375;1.072021484375;;;;;;;;;;;;;;;
21.005340576171875;-0.004150390625;0.15576171875;1.068603515625;;;;;;;;;;;;;;;
21.00872802734375;-0.237548828125;-0.034423828125;0.80029296875;;;;;;;;;;;;;;;
21.012176513671875;0.024658203125;0.246826171875;1.146484375;;;;;;;;;;;;;;;
21.01556396484375;0.004638671875;-0.19677734375;0.97998046875;;;;;;;;;;;;;;;
21.018951416015625;0.113037109375;0.4404296875;1.1201171875;;;;;;;;;;;;;;;
21.02227783203125;-0.29443359375;0.0634765625;0.8203125;;;;;;;;;;;;;;;
21.025726318359375;0.2705078125;0.277099609375;0.80810546875;;;;;;;;;;;;;;;
21.029205322265625;0.355224609375;0.1357421875;1.2919921875;;;;;;;;;;;;;;;
21.032562255859375;-0.231689453125;-0.0517578125;1.043701171875;;;;;;;;;;;;;;;
21.035919189453125;-0.22607421875;0.201416015625;1.185302734375;;;;;;;;;;;;;;;
21.039337158203125;-0.31103515625;-0.337890625;0.716064453125;;;;;;;;;;;;;;;
21.042755126953125;0.106689453125;0.352294921875;0.9873046875;;;;;;;;;;;;;;;
21.046142578125;-0.301513671875;-0.065185546875;1.0830078125;;;;;;;;;;;;;;;
21.04949951171875;0.034912109375;0.331298828125;1.078857421875;;;;;;;;;;;;;;;
21.0528564453125;0.15869140625;0.146240234375;1.242919921875;;;;;;;;;;;;;;;
21.056304931640625;-0.209716796875;0.042236328125;0.79736328125;;;;;;;;;;;;;;;
21.059661865234375;-0.0400390625;0.09130859375;1.042236328125;;;;;;;;;;;;;;;
21.062957763671875;-0.1396484375;-0.15380859375;0.8505859375;;;;;;;;;;;;;;;
21.066375732421875;-0.013427734375;0.250732421875;1.22509765625;;;;;;;;;;;;;;;
21.0697021484375;-0.22265625;-0.1201171875;0.9853515625;;;;;;;;;;;;;;;
21.0731201171875;0.21875;0.1240234375;1.009033203125;;;;;;;;;;;;;;;
21.07647705078125;-0.329833984375;0.23291015625;1.09033203125;;;;;;;;;;;;;;;
21.07977294921875;-0.171875;0.120361328125;0.95947265625;;;;;;;;;;;;;;;
21.083221435546875;-0.185546875;0.232177734375;1.220703125;;;;;;;;;;;;;;;
21.08660888671875;0.06494140625;-0.287841796875;0.88525390625;;;;;;;;;;;;;;;
21.089996337890625;0.061767578125;0.272216796875;1.012939453125;;;;;;;;;;;;;;;
21.0933837890625;-0.263427734375;-0.06396484375;0.771728515625;;;;;;;;;;;;;;;
21.096771240234375;0.166748046875;0.270263671875;1.03173828125;;;;;;;;;;;;;;;
21.10015869140625;0.1025390625;0.14111328125;1.23046875;;;;;;;;;;;;;;;
21.103485107421875;-0.057373046875;0.010009765625;1.0888671875;;;;;;;;;;;;;;;
21.10687255859375;-0.080810546875;0.125;1.059326171875;;;;;;;;;;;;;;;
21.110321044921875;-0.22021484375;-0.245849609375;0.759765625;;;;;;;;;;;;;;;
21.113739013671875;-0.0947265625;0.303955078125;1.082275390625;;;;;;;;;;;;;;;
21.117218017578125;-0.054931640625;-0.12841796875;1.092529296875;;;;;;;;;;;;;;;
21.12060546875;0.030029296875;0.3349609375;1.166259765625;;;;;;;;;;;;;;;
21.123992919921875;-0.2216796875;0.11767578125;0.957275390625;;;;;;;;;;;;;;;
21.12738037109375;-0.134033203125;0.055908203125;0.845703125;;;;;;;;;;;;;;;
21.1307373046875;-0.119384765625;0.092041015625;1.09033203125;;;;;;;;;;;;;;;
21.13409423828125;0.060791015625;-0.350341796875;1.0634765625;;;;;;;;;;;;;;;
21.137451171875;-0.088623046875;0.3603515625;1.146484375;;;;;;;;;;;;;;;
21.140777587890625;-0.15869140625;-0.00439453125;0.80859375;;;;;;;;;;;;;;;
21.144134521484375;0.102294921875;0.307861328125;1.05078125;;;;;;;;;;;;;;;
21.147552490234375;-0.103271484375;0.1240234375;1.11181640625;;;;;;;;;;;;;;;
21.15093994140625;-0.084716796875;-0.152587890625;1.114013671875;;;;;;;;;;;;;;;
21.15435791015625;-0.218505859375;0.05224609375;1.10107421875;;;;;;;;;;;;;;;
21.15777587890625;-0.18017578125;-0.32373046875;0.810546875;;;;;;;;;;;;;;;
21.161224365234375;-0.058349609375;0.37255859375;0.94482421875;;;;;;;;;;;;;;;
21.164642333984375;-0.1728515625;0.103271484375;0.854248046875;;;;;;;;;;;;;;;
21.16796875;0.1572265625;0.289794921875;1.21142578125;;;;;;;;;;;;;;;
21.17138671875;-0.140625;0.1630859375;1.132080078125;;;;;;;;;;;;;;;
21.17474365234375;0.02001953125;-0.12109375;0.87109375;;;;;;;;;;;;;;;
21.1781005859375;-0.1943359375;0.07080078125;0.980712890625;;;;;;;;;;;;;;;
21.181396484375;-0.056396484375;-0.25244140625;0.9072265625;;;;;;;;;;;;;;;
21.18475341796875;-0.030029296875;0.302734375;1.19482421875;;;;;;;;;;;;;;;
21.18804931640625;-0.1376953125;-0.071533203125;0.991455078125;;;;;;;;;;;;;;;
21.19134521484375;0.1357421875;0.2216796875;1.1162109375;;;;;;;;;;;;;;;
21.1947021484375;-0.543701171875;0.172119140625;0.996337890625;;;;;;;;;;;;;;;
21.198089599609375;-0.13916015625;0.084716796875;0.9833984375;;;;;;;;;;;;;;;
21.201507568359375;-0.156982421875;0.17041015625;1.14794921875;;;;;;;;;;;;;;;
21.204864501953125;0.23828125;-0.361572265625;0.939453125;;;;;;;;;;;;;;;
21.20819091796875;-0.031005859375;0.2412109375;1.047119140625;;;;;;;;;;;;;;;
21.211639404296875;-0.3076171875;-0.018798828125;0.73828125;;;;;;;;;;;;;;;
21.214996337890625;0.071533203125;0.357177734375;1.08740234375;;;;;;;;;;;;;;;
21.2183837890625;-0.22705078125;0.0966796875;1.18701171875;;;;;;;;;;;;;;;
21.221832275390625;-0.051513671875;-0.050537109375;1.11572265625;;;;;;;;;;;;;;;
21.22515869140625;-0.286376953125;0.084716796875;1.03466796875;;;;;;;;;;;;;;;
21.228607177734375;-0.095703125;-0.153564453125;0.796142578125;;;;;;;;;;;;;;;
21.231964111328125;-0.1181640625;0.416259765625;1.046875;;;;;;;;;;;;;;;
21.235321044921875;-0.025634765625;-0.2294921875;1.05908203125;;;;;;;;;;;;;;;
21.238677978515625;0.10595703125;0.320556640625;1.208740234375;;;;;;;;;;;;;;;
21.2420654296875;-0.286376953125;0.0908203125;0.93896484375;;;;;;;;;;;;;;;
21.24542236328125;0.06005859375;0.150390625;0.830078125;;;;;;;;;;;;;;;
21.248809814453125;-0.125;0.1533203125;1.0400390625;;;;;;;;;;;;;;;
21.252105712890625;0.104736328125;-0.341064453125;1.063720703125;;;;;;;;;;;;;;;
21.255523681640625;-0.076904296875;0.289794921875;1.172607421875;;;;;;;;;;;;;;;
21.258941650390625;-0.121826171875;-0.3056640625;0.8388671875;;;;;;;;;;;;;;;
21.262298583984375;0.007080078125;0.375244140625;1.054931640625;;;;;;;;;;;;;;;
21.265716552734375;-0.342041015625;0.11669921875;1.063720703125;;;;;;;;;;;;;;;
21.2691650390625;-0.09814453125;0.017333984375;1.073486328125;;;;;;;;;;;;;;;
21.272491455078125;-0.0693359375;0.018310546875;1.108642578125;;;;;;;;;;;;;;;
21.275848388671875;-0.00537109375;-0.183349609375;0.840087890625;;;;;;;;;;;;;;;
21.27923583984375;-0.066162109375;0.283203125;0.9658203125;;;;;;;;;;;;;;;
21.282623291015625;-0.244140625;-0.010498046875;0.84326171875;;;;;;;;;;;;;;;
21.2860107421875;0.155517578125;0.306640625;1.239990234375;;;;;;;;;;;;;;;
21.289459228515625;-0.24560546875;0.10546875;1.12548828125;;;;;;;;;;;;;;;
21.2928466796875;0.09033203125;-0.0927734375;1.018798828125;;;;;;;;;;;;;;;
21.29620361328125;-0.056640625;0.003173828125;0.972412109375;;;;;;;;;;;;;;;
21.299530029296875;-0.0048828125;-0.27783203125;0.90234375;;;;;;;;;;;;;;;
21.30291748046875;-0.0537109375;0.3125;1.115234375;;;;;;;;;;;;;;;
21.3062744140625;-0.130615234375;-0.158203125;0.995361328125;;;;;;;;;;;;;;;
21.309661865234375;0.107421875;0.442138671875;1.133056640625;;;;;;;;;;;;;;;
21.3131103515625;-0.56103515625;0.026123046875;0.7685546875;;;;;;;;;;;;;;;
21.316497802734375;-0.093994140625;0.11767578125;0.96044921875;;;;;;;;;;;;;;;
21.319854736328125;-0.109375;-0.078857421875;1.085693359375;;;;;;;;;;;;;;;
21.323272705078125;0.241455078125;-0.20947265625;1.00732421875;;;;;;;;;;;;;;;
21.326629638671875;-0.1484375;0.187255859375;1.033935546875;;;;;;;;;;;;;;;
21.33013916015625;-0.21484375;-0.01708984375;0.750732421875;;;;;;;;;;;;;;;
21.333587646484375;0.04345703125;0.421630859375;1.11328125;;;;;;;;;;;;;;;
21.336944580078125;-0.41015625;-0.05224609375;1.05224609375;;;;;;;;;;;;;;;
21.34039306640625;0.2783203125;-0.058837890625;1.226318359375;;;;;;;;;;;;;;;
21.34375;-0.37744140625;0.014892578125;1.04052734375;;;;;;;;;;;;;;;
21.34716796875;-0.138427734375;0.07080078125;0.745849609375;;;;;;;;;;;;;;;
21.3505859375;0.17041015625;0.315673828125;1.01953125;;;;;;;;;;;;;;;
21.3538818359375;0.0107421875;-0.168701171875;0.998291015625;;;;;;;;;;;;;;;
21.35723876953125;0.196044921875;0.29443359375;1.23486328125;;;;;;;;;;;;;;;
21.360626220703125;-0.240478515625;0.036376953125;0.975830078125;;;;;;;;;;;;;;;
21.36395263671875;0.027587890625;0.17138671875;0.89599609375;;;;;;;;;;;;;;;
21.367401123046875;-0.143310546875;0.130859375;0.93017578125;;;;;;;;;;;;;;;
21.370819091796875;0.085693359375;-0.28955078125;1.080322265625;;;;;;;;;;;;;;;
21.37420654296875;-0.023193359375;0.206787109375;1.135498046875;;;;;;;;;;;;;;;
21.377655029296875;-0.027587890625;-0.17822265625;0.9091796875;;;;;;;;;;;;;;;
21.381011962890625;-0.1318359375;0.353515625;1.0205078125;;;;;;;;;;;;;;;
21.3843994140625;-0.19287109375;0.093505859375;0.9599609375;;;;;;;;;;;;;;;
21.38775634765625;0.11083984375;0.14013671875;1.176513671875;;;;;;;;;;;;;;;
21.39111328125;-0.11962890625;-0.008544921875;1.052734375;;;;;;;;;;;;;;;
21.394561767578125;0.125732421875;-0.019287109375;0.907470703125;;;;;;;;;;;;;;;
21.39794921875;-0.243408203125;0.171875;0.934326171875;;;;;;;;;;;;;;;
21.401336669921875;-0.115966796875;-0.073974609375;0.84130859375;;;;;;;;;;;;;;;
21.40472412109375;0.02099609375;0.22802734375;1.2548828125;;;;;;;;;;;;;;;
21.408172607421875;-0.100830078125;-0.119384765625;1.097900390625;;;;;;;;;;;;;;;
21.411590576171875;0.091064453125;0.08837890625;1.134033203125;;;;;;;;;;;;;;;
21.4149169921875;-0.134521484375;0.013916015625;0.9033203125;;;;;;;;;;;;;;;
21.418304443359375;0.02734375;0.35302734375;0.88916015625;;;;;;;;;;;;;;;
21.421722412109375;-0.095458984375;0.16943359375;1.048583984375;;;;;;;;;;;;;;;
21.42510986328125;-0.03564453125;-0.13623046875;1.0224609375;;;;;;;;;;;;;;;
21.428558349609375;-0.10107421875;0.12255859375;1.152099609375;;;;;;;;;;;;;;;
21.431915283203125;-0.318603515625;0.00732421875;0.81103515625;;;;;;;;;;;;;;;
21.435211181640625;0.03515625;0.168701171875;1.026123046875;;;;;;;;;;;;;;;
21.4385986328125;-0.052001953125;0.041015625;1.022216796875;;;;;;;;;;;;;;;
21.44189453125;0.172607421875;-0.09619140625;1.168701171875;;;;;;;;;;;;;;;
21.445220947265625;-0.148193359375;0.181640625;1.012451171875;;;;;;;;;;;;;;;
21.448638916015625;-0.083984375;-0.064453125;0.7978515625;;;;;;;;;;;;;;;
21.452117919921875;-0.15478515625;0.328125;1.055908203125;;;;;;;;;;;;;;;
21.455474853515625;-0.446044921875;-0.10546875;0.9931640625;;;;;;;;;;;;;;;
21.458831787109375;0.297607421875;0.008544921875;1.286376953125;;;;;;;;;;;;;;;
21.462158203125;-0.1787109375;0.020751953125;0.900146484375;;;;;;;;;;;;;;;
21.465606689453125;0.1279296875;0.199462890625;0.86865234375;;;;;;;;;;;;;;;
21.468963623046875;-0.13134765625;0.19189453125;0.91162109375;;;;;;;;;;;;;;;
21.472320556640625;0.063720703125;-0.19921875;1.01806640625;;;;;;;;;;;;;;;
21.475738525390625;0.048828125;0.1640625;1.25634765625;;;;;;;;;;;;;;;
21.47906494140625;-0.28759765625;0.01220703125;0.928955078125;;;;;;;;;;;;;;;
21.482391357421875;0.189453125;0.173828125;0.93701171875;;;;;;;;;;;;;;;
21.485748291015625;-0.226318359375;0.179931640625;0.9033203125;;;;;;;;;;;;;;;
21.489105224609375;0.121826171875;-0.140869140625;1.09814453125;;;;;;;;;;;;;;;
21.4925537109375;-0.079833984375;0.070556640625;1.138916015625;;;;;;;;;;;;;;;
21.49591064453125;0.0380859375;-0.106201171875;0.95361328125;;;;;;;;;;;;;;;
21.499359130859375;-0.171875;0.28271484375;0.985595703125;;;;;;;;;;;;;;;
21.502777099609375;-0.12158203125;0.022705078125;0.815185546875;;;;;;;;;;;;;;;
21.506256103515625;0.486083984375;0.133056640625;1.2578125;;;;;;;;;;;;;;;
21.509735107421875;-0.17138671875;0.09228515625;0.982177734375;;;;;;;;;;;;;;;
21.513092041015625;0.216064453125;0.1826171875;0.953857421875;;;;;;;;;;;;;;;
21.516448974609375;-0.1083984375;0.047607421875;0.88818359375;;;;;;;;;;;;;;;
21.519866943359375;-0.014892578125;-0.09619140625;0.8544921875;;;;;;;;;;;;;;;
21.52325439453125;0.0625;0.066650390625;1.2509765625;;;;;;;;;;;;;;;
21.52667236328125;-0.329833984375;-0.144287109375;1.052734375;;;;;;;;;;;;;;;
21.530029296875;0.180908203125;0.08447265625;1.189208984375;;;;;;;;;;;;;;;
21.5333251953125;-0.236083984375;0.16552734375;0.82763671875;;;;;;;;;;;;;;;
21.5367431640625;0.1279296875;0.443603515625;0.92529296875;;;;;;;;;;;;;;;
21.540130615234375;-0.48486328125;0.18896484375;0.980712890625;;;;;;;;;;;;;;;
21.54351806640625;0.111572265625;-0.116943359375;1.10302734375;;;;;;;;;;;;;;;
21.546966552734375;-0.16796875;-0.04052734375;1.128173828125;;;;;;;;;;;;;;;
21.5504150390625;-0.23291015625;-0.180908203125;0.758056640625;;;;;;;;;;;;;;;
21.553863525390625;0.33154296875;0.201416015625;1.06640625;;;;;;;;;;;;;;;
21.557281494140625;-0.107666015625;0.125732421875;0.947998046875;;;;;;;;;;;;;;;
21.5606689453125;0.205810546875;0.181640625;1.2197265625;;;;;;;;;;;;;;;
21.564056396484375;0.009521484375;0.098388671875;0.987060546875;;;;;;;;;;;;;;;
21.5675048828125;0.027099609375;0.173583984375;0.815673828125;;;;;;;;;;;;;;;
21.57086181640625;-0.001708984375;0.228515625;1.0146484375;;;;;;;;;;;;;;;
21.57421875;-0.35498046875;-0.173828125;0.982421875;;;;;;;;;;;;;;;
21.577606201171875;0.39794921875;0.024658203125;1.309814453125;;;;;;;;;;;;;;;
21.581024169921875;-0.173095703125;0.008056640625;0.916259765625;;;;;;;;;;;;;;;
21.584381103515625;0.216552734375;0.34130859375;0.87353515625;;;;;;;;;;;;;;;
21.587738037109375;-0.000732421875;0.216796875;0.885986328125;;;;;;;;;;;;;;;
21.591156005859375;0.027587890625;0.02685546875;1.037353515625;;;;;;;;;;;;;;;
21.594635009765625;0.043701171875;0.058349609375;1.260986328125;;;;;;;;;;;;;;;
21.598052978515625;-0.3369140625;-0.092529296875;0.949951171875;;;;;;;;;;;;;;;
21.601348876953125;0.1279296875;0.03271484375;1.0537109375;;;;;;;;;;;;;;;
21.604705810546875;-0.137939453125;0.116943359375;0.826904296875;;;;;;;;;;;;;;;
21.60809326171875;0.213623046875;0.08251953125;1.10986328125;;;;;;;;;;;;;;;
21.611572265625;0.00439453125;0.127197265625;1.02685546875;;;;;;;;;;;;;;;
21.61492919921875;0.036376953125;0.099365234375;1.01611328125;;;;;;;;;;;;;;;
21.6182861328125;-0.20458984375;0.246826171875;0.968017578125;;;;;;;;;;;;;;;
21.621673583984375;-0.070556640625;-0.031494140625;0.81591796875;;;;;;;;;;;;;;;
21.624969482421875;0.2763671875;0.11376953125;1.23046875;;;;;;;;;;;;;;;
21.62841796875;0.0;-0.024658203125;1.029052734375;;;;;;;;;;;;;;;
21.631805419921875;0.015625;0.323974609375;1.030029296875;;;;;;;;;;;;;;;
21.63519287109375;-0.14013671875;0.068359375;0.81494140625;;;;;;;;;;;;;;;
21.638580322265625;0.08837890625;0.057373046875;0.9111328125;;;;;;;;;;;;;;;
21.6419677734375;-0.081787109375;0.073974609375;1.22021484375;;;;;;;;;;;;;;;
21.6453857421875;-0.114501953125;-0.116455078125;1.083251953125;;;;;;;;;;;;;;;
21.6488037109375;-0.091064453125;0.114013671875;1.1943359375;;;;;;;;;;;;;;;
21.652191162109375;-0.14111328125;0.021728515625;0.788330078125;;;;;;;;;;;;;;;
21.655487060546875;0.068359375;0.466796875;0.959228515625;;;;;;;;;;;;;;;
21.658843994140625;-0.07861328125;0.1123046875;0.934814453125;;;;;;;;;;;;;;;
21.662200927734375;0.06005859375;0.0341796875;1.13134765625;;;;;;;;;;;;;;;
21.665557861328125;-0.19140625;-0.02392578125;1.108642578125;;;;;;;;;;;;;;;
21.668975830078125;-0.053466796875;-0.164306640625;0.851806640625;;;;;;;;;;;;;;;
21.67236328125;-0.0546875;0.248291015625;1.0751953125;;;;;;;;;;;;;;;
21.67572021484375;-0.018310546875;0.01953125;0.96630859375;;;;;;;;;;;;;;;
21.679107666015625;-0.010986328125;0.340087890625;1.233642578125;;;;;;;;;;;;;;;
21.6824951171875;-0.19580078125;0.01025390625;0.946044921875;;;;;;;;;;;;;;;
21.6859130859375;0.059814453125;0.20703125;0.896484375;;;;;;;;;;;;;;;
21.6893310546875;-0.100341796875;0.1005859375;0.906005859375;;;;;;;;;;;;;;;
21.692718505859375;0.04638671875;-0.044921875;1.01220703125;;;;;;;;;;;;;;;
21.696075439453125;0.069580078125;0.154052734375;1.284912109375;;;;;;;;;;;;;;;
21.69940185546875;-0.0673828125;0.0390625;0.989013671875;;;;;;;;;;;;;;;
21.702789306640625;-0.091552734375;0.38427734375;0.941162109375;;;;;;;;;;;;;;;
21.7061767578125;-0.236572265625;0.0419921875;0.77978515625;;;;;;;;;;;;;;;
21.7095947265625;0.1201171875;0.0380859375;1.060791015625;;;;;;;;;;;;;;;
21.712982177734375;-0.072265625;-0.005859375;1.2216796875;;;;;;;;;;;;;;;
21.7164306640625;-0.04150390625;0.0205078125;1.042236328125;;;;;;;;;;;;;;;
21.719818115234375;-0.12890625;0.112548828125;1.015869140625;;;;;;;;;;;;;;;
21.723236083984375;-0.1748046875;0.09619140625;0.810302734375;;;;;;;;;;;;;;;
21.726593017578125;0.046875;0.34765625;1.121826171875;;;;;;;;;;;;;;;
21.729949951171875;-0.1318359375;0.10302734375;0.99658203125;;;;;;;;;;;;;;;
21.73333740234375;0.012451171875;0.1533203125;1.052734375;;;;;;;;;;;;;;;
21.736724853515625;-0.1943359375;0.04638671875;0.90234375;;;;;;;;;;;;;;;
21.740203857421875;0.096923828125;-0.010498046875;0.875;;;;;;;;;;;;;;;
21.743621826171875;0.19189453125;0.19677734375;1.2109375;;;;;;;;;;;;;;;
21.747039794921875;0.017578125;-0.143310546875;1.03857421875;;;;;;;;;;;;;;;
21.75042724609375;-0.123046875;0.24853515625;1.19775390625;;;;;;;;;;;;;;;
21.7537841796875;-0.32568359375;-0.03173828125;0.76318359375;;;;;;;;;;;;;;;
21.757171630859375;0.09912109375;0.059814453125;0.9072265625;;;;;;;;;;;;;;;
21.7606201171875;-0.13330078125;0.127685546875;0.978515625;;;;;;;;;;;;;;;
21.7640380859375;-0.094970703125;0.043212890625;1.053466796875;;;;;;;;;;;;;;;
21.7674560546875;0.099853515625;0.1318359375;1.24560546875;;;;;;;;;;;;;;;
21.770782470703125;-0.1845703125;-0.0458984375;0.84130859375;;;;;;;;;;;;;;;
21.77410888671875;0.08056640625;0.291015625;0.996337890625;;;;;;;;;;;;;;;
21.777496337890625;-0.1708984375;-0.0009765625;0.869384765625;;;;;;;;;;;;;;;
21.78082275390625;0.092041015625;0.11865234375;1.19580078125;;;;;;;;;;;;;;;
21.784271240234375;-0.19775390625;0.096923828125;1.0546875;;;;;;;;;;;;;;;
21.787689208984375;0.1416015625;-0.039306640625;0.89990234375;;;;;;;;;;;;;;;
21.791107177734375;-0.074462890625;0.25439453125;1.052001953125;;;;;;;;;;;;;;;
21.79449462890625;-0.19921875;-0.033203125;0.929443359375;;;;;;;;;;;;;;;
21.7978515625;-0.05322265625;0.260986328125;1.253173828125;;;;;;;;;;;;;;;
21.80126953125;-0.107177734375;-0.13671875;0.913330078125;;;;;;;;;;;;;;;
21.804718017578125;0.243896484375;0.329833984375;0.9521484375;;;;;;;;;;;;;;;
21.80804443359375;-0.189697265625;0.0693359375;0.839111328125;;;;;;;;;;;;;;;
21.8114013671875;0.149169921875;0.17626953125;0.915283203125;;;;;;;;;;;;;;;
21.8148193359375;0.419677734375;0.16796875;1.377197265625;;;;;;;;;;;;;;;
21.818145751953125;-0.306640625;0.035400390625;0.972412109375;;;;;;;;;;;;;;;
21.82159423828125;-0.125;0.30419921875;1.017333984375;;;;;;;;;;;;;;;
21.824951171875;-0.3896484375;1.505859375;0.7421875;;;;;;;;;;;;;;;
21.828369140625;0.088134765625;0.155517578125;1.0634765625;;;;;;;;;;;;;;;
21.831787109375;-0.13916015625;-0.08203125;1.197265625;;;;;;;;;;;;;;;
21.835174560546875;-0.121826171875;0.225341796875;1.0234375;;;;;;;;;;;;;;;
21.838531494140625;0.08203125;0.129150390625;1.048583984375;;;;;;;;;;;;;;;
21.841888427734375;-0.179931640625;0.159423828125;0.807861328125;;;;;;;;;;;;;;;
21.84521484375;0.04345703125;0.1982421875;1.119140625;;;;;;;;;;;;;;;
21.848602294921875;-0.083984375;-0.0126953125;1.013916015625;;;;;;;;;;;;;;;
21.852020263671875;-0.06787109375;0.257568359375;1.13623046875;;;;;;;;;;;;;;;
21.855438232421875;-0.30224609375;-0.15087890625;0.838134765625;;;;;;;;;;;;;;;
21.858917236328125;0.260986328125;0.010009765625;0.97314453125;;;;;;;;;;;;;;;
21.862335205078125;-0.254150390625;0.214599609375;1.235595703125;;;;;;;;;;;;;;;
21.865692138671875;-0.118896484375;0.03173828125;1.040283203125;;;;;;;;;;;;;;;
21.869140625;-0.25048828125;0.35693359375;1.224365234375;;;;;;;;;;;;;;;
21.87249755859375;-0.102783203125;-0.239990234375;0.760986328125;;;;;;;;;;;;;;;
21.87591552734375;0.099609375;0.338623046875;0.974853515625;;;;;;;;;;;;;;;
21.8792724609375;-0.259033203125;-0.0498046875;0.908203125;;;;;;;;;;;;;;;
21.8826904296875;0.15771484375;0.064697265625;1.10205078125;;;;;;;;;;;;;;;
21.886077880859375;0.025146484375;0.142822265625;1.196533203125;;;;;;;;;;;;;;;
21.88946533203125;-0.09033203125;-0.009033203125;0.884033203125;;;;;;;;;;;;;;;
21.892822265625;0.04833984375;0.259765625;1.011962890625;;;;;;;;;;;;;;;
21.89630126953125;-0.190185546875;-0.258056640625;0.8828125;;;;;;;;;;;;;;;
21.899658203125;-0.01318359375;0.197265625;1.181884765625;;;;;;;;;;;;;;;
21.902984619140625;-0.251953125;-0.08935546875;1.00732421875;;;;;;;;;;;;;;;
21.90631103515625;0.237548828125;0.3125;1.01318359375;;;;;;;;;;;;;;;
21.90966796875;-0.207275390625;0.178955078125;0.9267578125;;;;;;;;;;;;;;;
21.913177490234375;-0.104736328125;0.080810546875;0.9580078125;;;;;;;;;;;;;;;
21.916595458984375;-0.123046875;-0.049560546875;1.2099609375;;;;;;;;;;;;;;;
21.920074462890625;0.00146484375;-0.232177734375;1.054443359375;;;;;;;;;;;;;;;
21.923431396484375;0.0166015625;0.276123046875;0.983642578125;;;;;;;;;;;;;;;
21.926788330078125;-0.211669921875;0.029296875;0.76806640625;;;;;;;;;;;;;;;
21.930145263671875;0.2060546875;0.244384765625;1.133544921875;;;;;;;;;;;;;;;
21.93353271484375;0.089111328125;0.181884765625;1.24853515625;;;;;;;;;;;;;;;
21.9368896484375;-0.15771484375;-0.048828125;1.082275390625;;;;;;;;;;;;;;;
21.940338134765625;-0.2724609375;0.11865234375;0.996337890625;;;;;;;;;;;;;;;
21.943817138671875;-0.215576171875;-0.308349609375;0.7431640625;;;;;;;;;;;;;;;
21.947235107421875;0.007080078125;0.23876953125;1.092041015625;;;;;;;;;;;;;;;
21.95062255859375;-0.2119140625;-0.055419921875;0.970703125;;;;;;;;;;;;;;;
21.953948974609375;0.091064453125;0.34765625;1.11328125;;;;;;;;;;;;;;;
21.957305908203125;-0.134765625;0.224365234375;1.033447265625;;;;;;;;;;;;;;;
21.960723876953125;-0.1435546875;0.033203125;0.835693359375;;;;;;;;;;;;;;;
21.964141845703125;-0.1181640625;0.087646484375;1.091796875;;;;;;;;;;;;;;;
21.96759033203125;0.017333984375;-0.31787109375;1.043212890625;;;;;;;;;;;;;;;
21.970977783203125;-0.109130859375;0.326416015625;1.175048828125;;;;;;;;;;;;;;;
21.974334716796875;-0.27783203125;-0.089111328125;0.831298828125;;;;;;;;;;;;;;;
21.977752685546875;0.25439453125;0.25;1.029052734375;;;;;;;;;;;;;;;
21.9810791015625;-0.555908203125;0.20263671875;1.173583984375;;;;;;;;;;;;;;;
21.98443603515625;-0.128662109375;-0.068603515625;1.064697265625;;;;;;;;;;;;;;;
21.98779296875;-0.273681640625;0.239501953125;1.169189453125;;;;;;;;;;;;;;;
21.99114990234375;0.050048828125;-0.3359375;0.78564453125;;;;;;;;;;;;;;;
21.9945068359375;-0.016357421875;0.26220703125;0.991943359375;;;;;;;;;;;;;;;
21.997894287109375;-0.3408203125;-0.014892578125;0.82958984375;;;;;;;;;;;;;;;
22.001220703125;0.2529296875;0.22607421875;1.140625;;;;;;;;;;;;;;;
22.004608154296875;-0.11083984375;0.09716796875;1.208251953125;;;;;;;;;;;;;;;
22.0079345703125;-0.0908203125;-0.115478515625;0.94775390625;;;;;;;;;;;;;;;
22.01129150390625;-0.308837890625;0.191650390625;1.021240234375;;;;;;;;;;;;;;;
22.014678955078125;-0.293701171875;-0.189453125;0.849853515625;;;;;;;;;;;;;;;
22.018096923828125;0.0205078125;0.32421875;1.1689453125;;;;;;;;;;;;;;;
22.021514892578125;0.028564453125;-0.134033203125;1.024658203125;;;;;;;;;;;;;;;
22.024932861328125;0.287353515625;0.2890625;1.10693359375;;;;;;;;;;;;;;;
22.0283203125;-0.554443359375;0.126953125;0.825439453125;;;;;;;;;;;;;;;
22.031707763671875;0.197265625;0.04833984375;0.93359375;;;;;;;;;;;;;;;
22.03509521484375;-0.13623046875;0.04736328125;1.157958984375;;;;;;;;;;;;;;;
22.038421630859375;0.134765625;-0.255615234375;1.08447265625;;;;;;;;;;;;;;;
22.041778564453125;-0.17578125;0.317138671875;1.02099609375;;;;;;;;;;;;;;;
22.04510498046875;-0.42041015625;-0.099853515625;0.7626953125;;;;;;;;;;;;;;;
22.04852294921875;0.173828125;0.3154296875;1.14208984375;;;;;;;;;;;;;;;
22.051910400390625;-0.308837890625;0.025390625;1.144775390625;;;;;;;;;;;;;;;
22.055328369140625;0.300537109375;-0.017822265625;1.154296875;;;;;;;;;;;;;;;
22.058685302734375;-0.48046875;0.073974609375;0.933837890625;;;;;;;;;;;;;;;
22.062042236328125;-0.453125;-0.13916015625;0.6181640625;;;;;;;;;;;;;;;
22.06549072265625;0.541015625;0.295654296875;1.103271484375;;;;;;;;;;;;;;;
22.0689697265625;-0.079345703125;-0.01904296875;0.96142578125;;;;;;;;;;;;;;;
22.072418212890625;0.46826171875;0.307373046875;1.243896484375;;;;;;;;;;;;;;;
22.07574462890625;-0.53515625;0.08447265625;0.97265625;;;;;;;;;;;;;;;
22.079132080078125;0.01806640625;0.039306640625;0.880859375;;;;;;;;;;;;;;;
22.082550048828125;-0.046142578125;0.041748046875;1.04541015625;;;;;;;;;;;;;;;
22.085906982421875;-0.011474609375;-0.370361328125;1.02294921875;;;;;;;;;;;;;;;
22.0892333984375;0.09130859375;0.289794921875;1.162353515625;;;;;;;;;;;;;;;
22.0926513671875;-0.13134765625;-0.0712890625;0.86962890625;;;;;;;;;;;;;;;
22.0960693359375;0.092529296875;0.38916015625;1.047119140625;;;;;;;;;;;;;;;
22.0994873046875;-0.401611328125;0.147705078125;0.8466796875;;;;;;;;;;;;;;;
22.102935791015625;0.128173828125;-0.05810546875;1.14306640625;;;;;;;;;;;;;;;
22.106353759765625;-0.300537109375;-0.025390625;1.080078125;;;;;;;;;;;;;;;
22.10968017578125;0.201171875;-0.284912109375;0.937744140625;;;;;;;;;;;;;;;
22.113067626953125;0.101806640625;0.259033203125;0.943115234375;;;;;;;;;;;;;;;
22.116485595703125;-0.06591796875;0.1201171875;0.83447265625;;;;;;;;;;;;;;;
22.119873046875;0.024658203125;0.317138671875;1.23779296875;;;;;;;;;;;;;;;
22.123260498046875;-0.262451171875;-0.038818359375;1.162841796875;;;;;;;;;;;;;;;
22.12664794921875;-0.11865234375;-0.070068359375;0.99462890625;;;;;;;;;;;;;;;
22.12994384765625;-0.160888671875;-0.0380859375;0.966064453125;;;;;;;;;;;;;;;
22.133331298828125;-0.070068359375;0.0703125;0.864013671875;;;;;;;;;;;;;;;
22.136627197265625;0.0654296875;0.1826171875;1.128173828125;;;;;;;;;;;;;;;
22.1400146484375;0.020751953125;-0.057373046875;1.01416015625;;;;;;;;;;;;;;;
22.143402099609375;0.133056640625;0.284912109375;1.13037109375;;;;;;;;;;;;;;;
22.1468505859375;-0.430419921875;0.135009765625;0.807373046875;;;;;;;;;;;;;;;
22.150299072265625;0.177001953125;0.103759765625;0.914306640625;;;;;;;;;;;;;;;
22.15362548828125;-0.026123046875;-0.03271484375;1.11328125;;;;;;;;;;;;;;;
22.156982421875;0.108154296875;-0.290283203125;1.12548828125;;;;;;;;;;;;;;;
22.160430908203125;-0.214599609375;0.22509765625;1.044921875;;;;;;;;;;;;;;;
22.163818359375;-0.2578125;-0.054931640625;0.739013671875;;;;;;;;;;;;;;;
22.16717529296875;0.028564453125;0.386474609375;1.10302734375;;;;;;;;;;;;;;;
22.17059326171875;-0.295654296875;0.04443359375;1.142333984375;;;;;;;;;;;;;;;
22.17401123046875;-0.02734375;0.020751953125;1.1494140625;;;;;;;;;;;;;;;
22.177398681640625;-0.17724609375;-0.05908203125;0.9365234375;;;;;;;;;;;;;;;
22.1807861328125;0.134765625;0.0400390625;0.8125;;;;;;;;;;;;;;;
22.18414306640625;-0.070068359375;0.274169921875;1.00732421875;;;;;;;;;;;;;;;
22.187530517578125;-0.045654296875;-0.114501953125;0.977294921875;;;;;;;;;;;;;;;
22.19085693359375;-0.000732421875;0.242919921875;1.251708984375;;;;;;;;;;;;;;;
22.1942138671875;-0.230712890625;-0.085693359375;0.96240234375;;;;;;;;;;;;;;;
22.19757080078125;0.106201171875;0.066650390625;0.976806640625;;;;;;;;;;;;;;;
22.20098876953125;-0.124267578125;0.108154296875;0.973876953125;;;;;;;;;;;;;;;
22.204437255859375;0.14697265625;0.19580078125;1.072265625;;;;;;;;;;;;;;;
22.207763671875;-0.053955078125;0.26025390625;1.12060546875;;;;;;;;;;;;;;;
22.211212158203125;0.0283203125;-0.22998046875;0.871826171875;;;;;;;;;;;;;;;
22.214599609375;-0.031494140625;0.218505859375;1.04736328125;;;;;;;;;;;;;;;
22.21795654296875;-0.333251953125;0.1279296875;0.840576171875;;;;;;;;;;;;;;;
22.221343994140625;0.039794921875;0.081298828125;1.153564453125;;;;;;;;;;;;;;;
22.224822998046875;-0.117431640625;-0.018798828125;1.068359375;;;;;;;;;;;;;;;
22.22821044921875;0.203857421875;-0.15283203125;1.022216796875;;;;;;;;;;;;;;;
22.23150634765625;-0.02490234375;0.20068359375;0.922607421875;;;;;;;;;;;;;;;
22.234954833984375;-0.0703125;0.04931640625;0.827392578125;;;;;;;;;;;;;;;
22.23834228515625;-0.03466796875;0.291748046875;1.23974609375;;;;;;;;;;;;;;;
22.24176025390625;-0.2119140625;-0.136474609375;1.0849609375;;;;;;;;;;;;;;;
22.245208740234375;0.122802734375;0.05126953125;1.15625;;;;;;;;;;;;;;;
22.24859619140625;-0.2548828125;0.021728515625;0.769775390625;;;;;;;;;;;;;;;
22.251983642578125;0.017822265625;0.260986328125;0.882080078125;;;;;;;;;;;;;;;
22.25537109375;0.007080078125;0.16845703125;1.091064453125;;;;;;;;;;;;;;;
22.258758544921875;0.06494140625;-0.134765625;1.091796875;;;;;;;;;;;;;;;
22.262176513671875;0.030517578125;0.175048828125;1.16845703125;;;;;;;;;;;;;;;
22.2655029296875;-0.36767578125;0.066650390625;0.802978515625;;;;;;;;;;;;;;;
22.2689208984375;0.139892578125;0.130615234375;1.080810546875;;;;;;;;;;;;;;;
22.27227783203125;-0.060302734375;0.110595703125;1.0361328125;;;;;;;;;;;;;;;
22.275604248046875;0.154296875;-0.13916015625;1.175537109375;;;;;;;;;;;;;;;
22.279022216796875;-0.240478515625;0.158447265625;0.972412109375;;;;;;;;;;;;;;;
22.282440185546875;-0.108642578125;-0.098876953125;0.80712890625;;;;;;;;;;;;;;;
22.285797119140625;-0.152587890625;0.316650390625;1.043701171875;;;;;;;;;;;;;;;
22.289276123046875;-0.219970703125;-0.0498046875;1.047119140625;;;;;;;;;;;;;;;
22.29266357421875;0.148193359375;0.071533203125;1.218994140625;;;;;;;;;;;;;;;
22.2960205078125;-0.1904296875;0.1171875;0.930419921875;;;;;;;;;;;;;;;
22.299346923828125;0.135986328125;0.14208984375;0.841552734375;;;;;;;;;;;;;;;
22.302764892578125;-0.13916015625;0.1787109375;0.964599609375;;;;;;;;;;;;;;;
22.30615234375;-0.056884765625;-0.25927734375;0.987548828125;;;;;;;;;;;;;;;
22.30950927734375;0.059814453125;0.164306640625;1.272216796875;;;;;;;;;;;;;;;
22.312896728515625;-0.196533203125;-0.174072265625;0.96630859375;;;;;;;;;;;;;;;
22.3162841796875;0.146240234375;0.145751953125;1.04541015625;;;;;;;;;;;;;;;
22.3197021484375;-0.27587890625;0.277587890625;0.92431640625;;;;;;;;;;;;;;;
22.32318115234375;0.0654296875;0.2490234375;1.069580078125;;;;;;;;;;;;;;;
22.3265380859375;-0.121337890625;0.2255859375;1.06787109375;;;;;;;;;;;;;;;
22.329864501953125;0.086181640625;-0.24365234375;0.9296875;;;;;;;;;;;;;;;
22.333221435546875;-0.2001953125;0.115966796875;1.0322265625;;;;;;;;;;;;;;;
22.3365478515625;-0.271240234375;-0.059326171875;0.755615234375;;;;;;;;;;;;;;;
22.339874267578125;0.44482421875;0.178955078125;1.18017578125;;;;;;;;;;;;;;;
22.34320068359375;-0.021484375;0.064697265625;1.023193359375;;;;;;;;;;;;;;;
22.346527099609375;0.228759765625;0.1015625;1.11962890625;;;;;;;;;;;;;;;
22.349822998046875;-0.385986328125;0.17822265625;0.921875;;;;;;;;;;;;;;;
22.35333251953125;-0.11865234375;0.141845703125;0.81396484375;;;;;;;;;;;;;;;
22.356658935546875;0.0400390625;0.242919921875;1.153564453125;;;;;;;;;;;;;;;
22.360015869140625;-0.151123046875;-0.288330078125;1.0771484375;;;;;;;;;;;;;;;
22.363372802734375;0.07373046875;0.093017578125;1.159912109375;;;;;;;;;;;;;;;
22.36669921875;-0.138916015625;0.066650390625;0.798095703125;;;;;;;;;;;;;;;
22.370147705078125;0.114013671875;0.4462890625;0.889892578125;;;;;;;;;;;;;;;
22.373626708984375;-0.05908203125;0.1044921875;1.01513671875;;;;;;;;;;;;;;;
22.376983642578125;0.13623046875;-0.18359375;1.153564453125;;;;;;;;;;;;;;;
22.38031005859375;-0.106201171875;0.14208984375;1.147216796875;;;;;;;;;;;;;;;
22.38360595703125;-0.3837890625;-0.164306640625;0.798583984375;;;;;;;;;;;;;;;
22.38702392578125;0.09521484375;0.2138671875;1.060791015625;;;;;;;;;;;;;;;
22.390411376953125;-0.094482421875;0.075439453125;0.98095703125;;;;;;;;;;;;;;;
22.393829345703125;0.212158203125;0.3193359375;1.183349609375;;;;;;;;;;;;;;;
22.39715576171875;-0.237060546875;0.17041015625;0.956787109375;;;;;;;;;;;;;;;
22.400482177734375;-0.041015625;0.0322265625;0.8330078125;;;;;;;;;;;;;;;
22.403900146484375;-0.123046875;0.342529296875;0.975830078125;;;;;;;;;;;;;;;
22.407318115234375;-0.10693359375;-0.132080078125;0.98876953125;;;;;;;;;;;;;;;
22.410614013671875;0.1044921875;0.0458984375;1.275634765625;;;;;;;;;;;;;;;
22.414093017578125;-0.1669921875;-0.04541015625;0.94287109375;;;;;;;;;;;;;;;
22.417388916015625;0.0380859375;0.3603515625;1.002685546875;;;;;;;;;;;;;;;
22.420684814453125;-0.189697265625;0.203369140625;0.8671875;;;;;;;;;;;;;;;
22.424102783203125;0.1044921875;-0.1171875;1.01025390625;;;;;;;;;;;;;;;
22.427459716796875;0.010498046875;0.169677734375;1.1416015625;;;;;;;;;;;;;;;
22.430816650390625;-0.052734375;-0.21484375;0.980224609375;;;;;;;;;;;;;;;
22.4342041015625;-0.001953125;0.14306640625;1.059326171875;;;;;;;;;;;;;;;
22.437591552734375;-0.174072265625;0.142578125;0.820068359375;;;;;;;;;;;;;;;
22.4410400390625;0.1357421875;0.4541015625;1.0810546875;;;;;;;;;;;;;;;
22.44439697265625;-0.132568359375;0.16259765625;1.02587890625;;;;;;;;;;;;;;;
22.44781494140625;0.0595703125;-0.040771484375;0.998291015625;;;;;;;;;;;;;;;
22.451202392578125;-0.208984375;0.05078125;0.982177734375;;;;;;;;;;;;;;;
22.45452880859375;-0.052734375;-0.054443359375;0.83837890625;;;;;;;;;;;;;;;
22.4578857421875;-0.009765625;0.182373046875;1.232421875;;;;;;;;;;;;;;;
22.461212158203125;-0.005126953125;-0.0498046875;1.026123046875;;;;;;;;;;;;;;;
22.464508056640625;-0.006103515625;0.357177734375;1.152587890625;;;;;;;;;;;;;;;
22.46795654296875;-0.297119140625;0.127197265625;0.840087890625;;;;;;;;;;;;;;;
22.471435546875;-0.002685546875;0.21630859375;0.8759765625;;;;;;;;;;;;;;;
22.474884033203125;-0.114990234375;0.1142578125;1.07373046875;;;;;;;;;;;;;;;
22.478302001953125;0.08056640625;-0.185791015625;1.100341796875;;;;;;;;;;;;;;;
22.481719970703125;-0.086669921875;0.170654296875;1.215576171875;;;;;;;;;;;;;;;
22.485076904296875;-0.13232421875;0.041259765625;0.822021484375;;;;;;;;;;;;;;;
22.488433837890625;-0.106689453125;0.46728515625;0.919677734375;;;;;;;;;;;;;;;
22.491790771484375;-0.098876953125;0.05517578125;0.933837890625;;;;;;;;;;;;;;;
22.4951171875;0.05712890625;-0.05029296875;1.17822265625;;;;;;;;;;;;;;;
22.498504638671875;-0.223876953125;0.095458984375;1.168701171875;;;;;;;;;;;;;;;
22.50189208984375;-0.177734375;-0.114013671875;0.836669921875;;;;;;;;;;;;;;;
22.50537109375;-0.03369140625;0.21630859375;1.029052734375;;;;;;;;;;;;;;;
22.508758544921875;-0.053955078125;-0.052001953125;0.955810546875;;;;;;;;;;;;;;;
22.512176513671875;0.078369140625;0.29248046875;1.197509765625;;;;;;;;;;;;;;;
22.51556396484375;-0.171630859375;0.108154296875;0.953857421875;;;;;;;;;;;;;;;
22.518890380859375;0.026611328125;0.21728515625;0.883544921875;;;;;;;;;;;;;;;
22.52227783203125;-0.259521484375;0.101318359375;0.90966796875;;;;;;;;;;;;;;;
22.525634765625;0.199462890625;-0.124755859375;0.989501953125;;;;;;;;;;;;;;;
22.52899169921875;0.31591796875;0.10107421875;1.33544921875;;;;;;;;;;;;;;;
22.53240966796875;-0.076171875;-0.1630859375;0.97998046875;;;;;;;;;;;;;;;
22.535858154296875;-0.0634765625;0.29248046875;1.0615234375;;;;;;;;;;;;;;;
22.5391845703125;-0.27197265625;0.048828125;0.7763671875;;;;;;;;;;;;;;;
22.542633056640625;0.15234375;0.41259765625;1.03125;;;;;;;;;;;;;;;
22.545989990234375;-0.049072265625;0.094970703125;1.107666015625;;;;;;;;;;;;;;;
22.549346923828125;-0.15478515625;0.00830078125;0.98095703125;;;;;;;;;;;;;;;
22.552825927734375;-0.011474609375;0.0966796875;1.083740234375;;;;;;;;;;;;;;;
22.55621337890625;-0.1767578125;0.078369140625;0.79736328125;;;;;;;;;;;;;;;
22.5595703125;0.0849609375;0.273193359375;1.087890625;;;;;;;;;;;;;;;
22.56292724609375;-0.1142578125;0.044677734375;0.997314453125;;;;;;;;;;;;;;;
22.566253662109375;0.03564453125;0.10986328125;1.18310546875;;;;;;;;;;;;;;;
22.5697021484375;-0.30810546875;0.0263671875;0.90625;;;;;;;;;;;;;;;
22.57305908203125;0.150390625;-0.046630859375;0.833251953125;;;;;;;;;;;;;;;
22.576385498046875;0.202392578125;0.206787109375;1.1826171875;;;;;;;;;;;;;;;
22.579742431640625;0.02685546875;-0.070068359375;1.0322265625;;;;;;;;;;;;;;;
22.583099365234375;-0.08447265625;0.36962890625;1.236572265625;;;;;;;;;;;;;;;
22.586578369140625;-0.331298828125;-0.0732421875;0.762451171875;;;;;;;;;;;;;;;
22.59002685546875;0.09375;0.300048828125;0.902587890625;;;;;;;;;;;;;;;
22.5933837890625;-0.1328125;0.005615234375;0.966796875;;;;;;;;;;;;;;;
22.59686279296875;0.138671875;-0.0703125;1.0634765625;;;;;;;;;;;;;;;
22.6002197265625;-0.01611328125;0.16943359375;1.203369140625;;;;;;;;;;;;;;;
22.603546142578125;-0.091796875;0.02734375;0.865478515625;;;;;;;;;;;;;;;
22.606964111328125;-0.07177734375;0.405029296875;0.972412109375;;;;;;;;;;;;;;;
22.610382080078125;-0.1572265625;-0.109375;0.87353515625;;;;;;;;;;;;;;;
22.613677978515625;0.088623046875;0.08203125;1.20947265625;;;;;;;;;;;;;;;
22.617156982421875;-0.24658203125;-0.042724609375;1.104736328125;;;;;;;;;;;;;;;
22.620574951171875;-0.02587890625;0.054443359375;0.870849609375;;;;;;;;;;;;;;;
22.62396240234375;0.1025390625;0.1162109375;0.995361328125;;;;;;;;;;;;;;;
22.62750244140625;-0.16748046875;0.107177734375;0.9345703125;;;;;;;;;;;;;;;
22.63092041015625;0.0478515625;0.132080078125;1.267578125;;;;;;;;;;;;;;;
22.63427734375;-0.205322265625;0.017333984375;0.978759765625;;;;;;;;;;;;;;;
22.637603759765625;0.027099609375;0.273193359375;0.935791015625;;;;;;;;;;;;;;;
22.64093017578125;-0.185791015625;-0.029052734375;0.84228515625;;;;;;;;;;;;;;;
22.64434814453125;0.123046875;-0.06787109375;1.070068359375;;;;;;;;;;;;;;;
22.64764404296875;-0.033447265625;0.04638671875;1.260009765625;;;;;;;;;;;;;;;
22.651092529296875;-0.01123046875;-0.015380859375;1.036865234375;;;;;;;;;;;;;;;
22.654449462890625;-0.167236328125;0.2890625;1.055908203125;;;;;;;;;;;;;;;
22.6578369140625;-0.13134765625;-0.053466796875;0.757080078125;;;;;;;;;;;;;;;
22.6612548828125;0.023193359375;0.346923828125;1.0537109375;;;;;;;;;;;;;;;
22.66461181640625;-0.15869140625;0.044921875;1.00927734375;;;;;;;;;;;;;;;
22.66796875;0.12890625;0.045166015625;1.09423828125;;;;;;;;;;;;;;;
22.67138671875;-0.2138671875;0.092529296875;1.000244140625;;;;;;;;;;;;;;;
22.674713134765625;-0.046142578125;-0.029541015625;0.841796875;;;;;;;;;;;;;;;
22.678131103515625;-0.150390625;0.1884765625;1.104736328125;;;;;;;;;;;;;;;
22.6815185546875;-0.001953125;-0.315185546875;1.028076171875;;;;;;;;;;;;;;;
22.684906005859375;-0.12109375;0.22607421875;1.16064453125;;;;;;;;;;;;;;;
22.688323974609375;-0.27392578125;0.02880859375;0.854248046875;;;;;;;;;;;;;;;
22.6917724609375;0.16162109375;0.300048828125;0.974609375;;;;;;;;;;;;;;;
22.695159912109375;-0.172119140625;0.263916015625;0.994140625;;;;;;;;;;;;;;;
22.69854736328125;0.0283203125;-0.160888671875;1.08447265625;;;;;;;;;;;;;;;
22.701904296875;-0.20263671875;0.00439453125;1.176025390625;;;;;;;;;;;;;;;
22.705291748046875;-0.029541015625;-0.2109375;0.8994140625;;;;;;;;;;;;;;;
22.708648681640625;0.015380859375;0.36865234375;0.943359375;;;;;;;;;;;;;;;
22.7120361328125;-0.175048828125;0.077392578125;0.8759765625;;;;;;;;;;;;;;;
22.7154541015625;0.184814453125;0.086669921875;1.23779296875;;;;;;;;;;;;;;;
22.71881103515625;-0.1640625;0.2021484375;1.15478515625;;;;;;;;;;;;;;;
22.72216796875;-0.0751953125;-0.063720703125;0.928466796875;;;;;;;;;;;;;;;
22.7255859375;-0.146484375;0.235595703125;0.94970703125;;;;;;;;;;;;;;;
22.728973388671875;-0.13818359375;-0.235107421875;0.873291015625;;;;;;;;;;;;;;;
22.732330322265625;0.0595703125;0.122314453125;1.1689453125;;;;;;;;;;;;;;;
22.7357177734375;-0.044677734375;0.037353515625;1.024169921875;;;;;;;;;;;;;;;
22.73907470703125;0.10498046875;0.252685546875;0.994384765625;;;;;;;;;;;;;;;
22.742431640625;-0.19873046875;0.254638671875;0.91455078125;;;;;;;;;;;;;;;
22.74578857421875;-0.02978515625;0.01611328125;0.95703125;;;;;;;;;;;;;;;
22.74920654296875;-0.029296875;0.08837890625;1.200927734375;;;;;;;;;;;;;;;
22.752593994140625;0.011962890625;-0.06982421875;1.0595703125;;;;;;;;;;;;;;;
22.75592041015625;-0.04443359375;0.312744140625;0.980712890625;;;;;;;;;;;;;;;
22.75933837890625;-0.219970703125;-0.07470703125;0.779541015625;;;;;;;;;;;;;;;
22.762786865234375;0.208740234375;0.09814453125;1.079345703125;;;;;;;;;;;;;;;
22.76611328125;-0.049560546875;0.0771484375;1.22998046875;;;;;;;;;;;;;;;
22.769561767578125;0.0146484375;0.004150390625;1.052734375;;;;;;;;;;;;;;;
22.77294921875;-0.154296875;0.206787109375;1.0595703125;;;;;;;;;;;;;;;
22.776336669921875;-0.084716796875;-0.090576171875;0.763427734375;;;;;;;;;;;;;;;
22.7796630859375;0.045654296875;0.325927734375;1.046142578125;;;;;;;;;;;;;;;
22.7830810546875;-0.067626953125;0.031005859375;0.98583984375;;;;;;;;;;;;;;;
22.786407470703125;0.08740234375;0.19091796875;1.136962890625;;;;;;;;;;;;;;;
22.789794921875;-0.07275390625;0.01025390625;1.022216796875;;;;;;;;;;;;;;;
22.79315185546875;-0.093994140625;-0.050048828125;0.86474609375;;;;;;;;;;;;;;;
22.7965087890625;-0.099365234375;0.102783203125;1.10107421875;;;;;;;;;;;;;;;
22.79986572265625;-0.00537109375;-0.201171875;0.99951171875;;;;;;;;;;;;;;;
22.80322265625;-0.0068359375;0.36328125;1.196533203125;;;;;;;;;;;;;;;
22.806640625;-0.104736328125;-0.0302734375;0.819091796875;;;;;;;;;;;;;;;
22.810089111328125;0.294189453125;0.33056640625;1.04248046875;;;;;;;;;;;;;;;
22.813446044921875;-0.417236328125;0.18603515625;0.983154296875;;;;;;;;;;;;;;;
22.81689453125;-0.059326171875;-0.09375;1.02392578125;;;;;;;;;;;;;;;
22.8203125;-0.1943359375;-0.076904296875;1.20458984375;;;;;;;;;;;;;;;
22.82373046875;0.0556640625;-0.33056640625;0.898681640625;;;;;;;;;;;;;;;
22.8271484375;-0.115234375;0.399658203125;0.954345703125;;;;;;;;;;;;;;;
22.830474853515625;-0.21630859375;-0.029052734375;0.85693359375;;;;;;;;;;;;;;;
22.833892822265625;0.16796875;0.30322265625;1.240478515625;;;;;;;;;;;;;;;
22.8372802734375;-0.086181640625;0.0595703125;1.210205078125;;;;;;;;;;;;;;;
22.840728759765625;-0.070068359375;0.061279296875;0.93408203125;;;;;;;;;;;;;;;
22.84405517578125;-0.1103515625;0.065185546875;0.94970703125;;;;;;;;;;;;;;;
22.847442626953125;-0.19140625;-0.18017578125;0.8388671875;;;;;;;;;;;;;;;
22.85076904296875;-0.00244140625;0.186279296875;1.18359375;;;;;;;;;;;;;;;
22.8541259765625;-0.05322265625;-0.156005859375;1.01220703125;;;;;;;;;;;;;;;
22.857421875;0.21923828125;0.4453125;1.044189453125;;;;;;;;;;;;;;;
22.860870361328125;-0.108642578125;0.049560546875;0.91796875;;;;;;;;;;;;;;;
22.864227294921875;-0.08837890625;0.26953125;0.992919921875;;;;;;;;;;;;;;;
22.8675537109375;-0.086669921875;-0.202392578125;1.2080078125;;;;;;;;;;;;;;;
22.870880126953125;0.041015625;-0.17333984375;1.041748046875;;;;;;;;;;;;;;;
22.87420654296875;-0.4873046875;0.132568359375;1.05419921875;;;;;;;;;;;;;;;
22.877532958984375;-0.181396484375;-0.10888671875;0.74267578125;;;;;;;;;;;;;;;
22.880950927734375;0.14599609375;0.32373046875;1.1171875;;;;;;;;;;;;;;;
22.88433837890625;-0.297607421875;0.25048828125;1.089599609375;;;;;;;;;;;;;;;
22.887725830078125;-0.133544921875;0.04931640625;1.129638671875;;;;;;;;;;;;;;;
22.89111328125;-0.303955078125;0.021240234375;1.0;;;;;;;;;;;;;;;
22.8944091796875;0.103759765625;-0.3037109375;0.82080078125;;;;;;;;;;;;;;;
22.897857666015625;0.01904296875;0.340087890625;1.053955078125;;;;;;;;;;;;;;;
22.90118408203125;-0.046630859375;-0.098388671875;0.971435546875;;;;;;;;;;;;;;;
22.904541015625;-0.082275390625;0.421142578125;1.264892578125;;;;;;;;;;;;;;;
22.907989501953125;-0.222900390625;-0.040283203125;0.96435546875;;;;;;;;;;;;;;;
22.911346435546875;0.05224609375;0.0703125;0.954345703125;;;;;;;;;;;;;;;
22.914703369140625;-0.183837890625;0.041259765625;1.048828125;;;;;;;;;;;;;;;
22.91815185546875;0.0888671875;-0.041748046875;1.040283203125;;;;;;;;;;;;;;;
22.92156982421875;-0.1083984375;0.333251953125;1.162841796875;;;;;;;;;;;;;;;
22.9249267578125;0.05517578125;-0.098876953125;0.828369140625;;;;;;;;;;;;;;;
22.928253173828125;0.107666015625;0.3203125;1.05029296875;;;;;;;;;;;;;;;
22.93157958984375;-0.315185546875;0.1328125;0.889404296875;;;;;;;;;;;;;;;
22.9349365234375;0.12255859375;-0.005126953125;1.10009765625;;;;;;;;;;;;;;;
22.938262939453125;-0.1376953125;0.0322265625;1.13916015625;;;;;;;;;;;;;;;
22.941650390625;0.096435546875;-0.287841796875;0.996826171875;;;;;;;;;;;;;;;
22.944976806640625;-0.149658203125;0.335205078125;0.94482421875;;;;;;;;;;;;;;;
22.948333740234375;-0.136962890625;-0.016845703125;0.799072265625;;;;;;;;;;;;;;;
22.95172119140625;0.027099609375;0.36474609375;1.272705078125;;;;;;;;;;;;;;;
22.955108642578125;-0.2783203125;-0.045166015625;1.14111328125;;;;;;;;;;;;;;;
22.95843505859375;0.00341796875;0.02490234375;1.060302734375;;;;;;;;;;;;;;;
22.961822509765625;-0.26025390625;-0.02734375;0.82421875;;;;;;;;;;;;;;;
22.9652099609375;0.107177734375;0.012939453125;0.86865234375;;;;;;;;;;;;;;;
22.968658447265625;-0.014892578125;0.272705078125;1.1611328125;;;;;;;;;;;;;;;
22.9720458984375;-0.021484375;-0.05224609375;1.05908203125;;;;;;;;;;;;;;;
22.975433349609375;-0.173095703125;0.34326171875;1.169189453125;;;;;;;;;;;;;;;
22.97882080078125;-0.5498046875;-0.218994140625;0.815185546875;;;;;;;;;;;;;;;
22.982177734375;0.15234375;0.079833984375;1.014892578125;;;;;;;;;;;;;;;
22.98553466796875;-0.0576171875;0.0087890625;1.101806640625;;;;;;;;;;;;;;;
22.98895263671875;0.2939453125;0.112548828125;1.11328125;;;;;;;;;;;;;;;
22.992340087890625;-0.276611328125;0.250732421875;1.04638671875;;;;;;;;;;;;;;;
22.995758056640625;-0.06787109375;-0.104248046875;0.75;;;;;;;;;;;;;;;
22.9991455078125;-0.0419921875;0.27734375;1.1181640625;;;;;;;;;;;;;;;
23.002471923828125;-0.464599609375;-0.00146484375;0.9111328125;;;;;;;;;;;;;;;
23.005889892578125;-0.081298828125;0.050048828125;1.139892578125;;;;;;;;;;;;;;;
23.009246826171875;-0.205078125;0.085205078125;0.973876953125;;;;;;;;;;;;;;;
23.0125732421875;0.200927734375;-0.055419921875;0.9111328125;;;;;;;;;;;;;;;
23.016021728515625;-0.1259765625;0.192138671875;1.03759765625;;;;;;;;;;;;;;;
23.019317626953125;-0.147705078125;-0.1474609375;0.92724609375;;;;;;;;;;;;;;;
23.02276611328125;0.067138671875;0.27734375;1.275634765625;;;;;;;;;;;;;;;
23.026153564453125;-0.330810546875;-0.070556640625;0.968017578125;;;;;;;;;;;;;;;
23.029510498046875;0.077392578125;0.173828125;0.9951171875;;;;;;;;;;;;;;;
23.03289794921875;-0.2861328125;0.203369140625;0.821044921875;;;;;;;;;;;;;;;
23.0362548828125;0.050048828125;0.06005859375;1.03955078125;;;;;;;;;;;;;;;
23.03961181640625;-0.099365234375;0.224609375;1.128173828125;;;;;;;;;;;;;;;
23.04302978515625;0.101318359375;-0.289306640625;1.024169921875;;;;;;;;;;;;;;;
23.046356201171875;-0.00341796875;0.23876953125;1.0732421875;;;;;;;;;;;;;;;
23.049774169921875;-0.50048828125;0.078857421875;0.76171875;;;;;;;;;;;;;;;
23.05316162109375;0.46044921875;0.1435546875;1.250244140625;;;;;;;;;;;;;;;
23.056640625;-0.122802734375;0.107177734375;1.078857421875;;;;;;;;;;;;;;;
23.06005859375;0.235595703125;-0.072509765625;1.059814453125;;;;;;;;;;;;;;;
23.063446044921875;-0.315673828125;0.191650390625;0.973388671875;;;;;;;;;;;;;;;
23.0667724609375;-0.258056640625;-0.025146484375;0.7763671875;;;;;;;;;;;;;;;
23.07012939453125;0.09716796875;0.2509765625;1.219482421875;;;;;;;;;;;;;;;
23.073486328125;-0.299072265625;-0.194580078125;1.1259765625;;;;;;;;;;;;;;;
23.07684326171875;0.0927734375;0.100341796875;1.098876953125;;;;;;;;;;;;;;;
23.080230712890625;-0.2509765625;0.020263671875;0.809326171875;;;;;;;;;;;;;;;
23.0836181640625;0.171142578125;0.28466796875;0.85693359375;;;;;;;;;;;;;;;
23.087066650390625;-0.03271484375;0.146240234375;1.088623046875;;;;;;;;;;;;;;;
23.090423583984375;0.115234375;-0.14306640625;1.114990234375;;;;;;;;;;;;;;;
23.09381103515625;-0.2294921875;0.239013671875;1.195556640625;;;;;;;;;;;;;;;
23.09722900390625;-0.570068359375;-0.2900390625;0.767822265625;;;;;;;;;;;;;;;
23.1005859375;0.315185546875;0.07080078125;1.065673828125;;;;;;;;;;;;;;;
23.103912353515625;-0.00244140625;0.07568359375;1.018798828125;;;;;;;;;;;;;;;
23.107269287109375;0.308349609375;0.339111328125;1.13330078125;;;;;;;;;;;;;;;
23.110626220703125;-0.19970703125;0.20556640625;1.007080078125;;;;;;;;;;;;;;;
23.113983154296875;0.041748046875;-0.015869140625;0.773193359375;;;;;;;;;;;;;;;
23.1173095703125;-0.0546875;0.10107421875;1.038818359375;;;;;;;;;;;;;;;
23.12066650390625;-0.23681640625;-0.074462890625;0.93896484375;;;;;;;;;;;;;;;
23.12408447265625;0.314697265625;-0.021240234375;1.2412109375;;;;;;;;;;;;;;;
23.12744140625;-0.2373046875;0.066650390625;0.9130859375;;;;;;;;;;;;;;;
23.1307373046875;0.244384765625;0.143310546875;0.95654296875;;;;;;;;;;;;;;;
23.1341552734375;-0.184814453125;0.24951171875;0.939453125;;;;;;;;;;;;;;;
23.137542724609375;0.041748046875;0.045166015625;0.994873046875;;;;;;;;;;;;;;;
23.140899658203125;-0.005859375;0.2236328125;1.216796875;;;;;;;;;;;;;;;
23.144287109375;-0.114990234375;-0.203125;1.012939453125;;;;;;;;;;;;;;;
23.147705078125;0.05419921875;0.09814453125;1.01806640625;;;;;;;;;;;;;;;
23.15106201171875;-0.130126953125;0.19482421875;0.8427734375;;;;;;;;;;;;;;;
23.15447998046875;0.08251953125;0.293701171875;1.0341796875;;;;;;;;;;;;;;;
23.157867431640625;-0.00830078125;0.0400390625;1.09375;;;;;;;;;;;;;;;
23.161346435546875;0.030517578125;-0.23046875;1.096923828125;;;;;;;;;;;;;;;
23.1646728515625;-0.146240234375;0.157958984375;1.022216796875;;;;;;;;;;;;;;;
23.168121337890625;-0.177001953125;-0.0390625;0.82861328125;;;;;;;;;;;;;;;
23.171630859375;0.042724609375;0.2080078125;1.177734375;;;;;;;;;;;;;;;
23.175018310546875;-0.013671875;-0.01806640625;1.065673828125;;;;;;;;;;;;;;;
23.178466796875;0.064453125;0.307861328125;1.086669921875;;;;;;;;;;;;;;;
23.18182373046875;-0.264404296875;0.1611328125;0.818115234375;;;;;;;;;;;;;;;
23.185150146484375;-0.06494140625;0.020751953125;0.81689453125;;;;;;;;;;;;;;;
23.1884765625;-0.04638671875;0.247314453125;1.14404296875;;;;;;;;;;;;;;;
23.19189453125;-0.003662109375;-0.190185546875;1.09423828125;;;;;;;;;;;;;;;
23.19525146484375;0.033935546875;0.159423828125;1.183837890625;;;;;;;;;;;;;;;
23.198699951171875;-0.185302734375;-0.0126953125;0.817626953125;;;;;;;;;;;;;;;
23.2020263671875;0.019287109375;0.453125;0.9638671875;;;;;;;;;;;;;;;
23.205413818359375;-0.094970703125;0.1591796875;1.016845703125;;;;;;;;;;;;;;;
23.208740234375;0.097412109375;-0.187744140625;1.127685546875;;;;;;;;;;;;;;;
23.212127685546875;-0.146240234375;0.117431640625;1.11181640625;;;;;;;;;;;;;;;
23.21551513671875;-0.198486328125;-0.2177734375;0.823974609375;;;;;;;;;;;;;;;
23.218841552734375;0.05419921875;0.214599609375;1.0517578125;;;;;;;;;;;;;;;
23.22216796875;-0.063232421875;0.10546875;0.98486328125;;;;;;;;;;;;;;;
23.225555419921875;0.146728515625;0.380615234375;1.171875;;;;;;;;;;;;;;;
23.228912353515625;-0.279541015625;0.2177734375;0.96630859375;;;;;;;;;;;;;;;
23.23223876953125;0.107421875;-0.067626953125;0.792724609375;;;;;;;;;;;;;;;
23.235626220703125;-0.155517578125;0.099853515625;1.015380859375;;;;;;;;;;;;;;;
23.238983154296875;-0.063720703125;-0.188232421875;0.944091796875;;;;;;;;;;;;;;;
23.242340087890625;0.1708984375;0.089111328125;1.270751953125;;;;;;;;;;;;;;;
23.245635986328125;-0.116455078125;-0.015869140625;0.958740234375;;;;;;;;;;;;;;;
23.248992919921875;0.102783203125;0.32568359375;1.008544921875;;;;;;;;;;;;;;;
23.25238037109375;-0.2900390625;0.23486328125;0.88525390625;;;;;;;;;;;;;;;
23.2557373046875;0.0703125;0.14404296875;0.968994140625;;;;;;;;;;;;;;;
23.259063720703125;0.050048828125;0.133544921875;1.18994140625;;;;;;;;;;;;;;;
23.262420654296875;-0.016845703125;-0.227294921875;0.990234375;;;;;;;;;;;;;;;
23.265777587890625;0.05908203125;0.140380859375;1.07373046875;;;;;;;;;;;;;;;
23.269134521484375;-0.26171875;0.117431640625;0.79443359375;;;;;;;;;;;;;;;
23.27252197265625;0.013671875;0.35302734375;1.04638671875;;;;;;;;;;;;;;;
23.27587890625;-0.162841796875;0.0087890625;1.024169921875;;;;;;;;;;;;;;;
23.2794189453125;0.1259765625;-0.04345703125;1.13671875;;;;;;;;;;;;;;;
23.28277587890625;-0.27783203125;0.10888671875;1.006591796875;;;;;;;;;;;;;;;
23.28619384765625;-0.1640625;0.036376953125;0.7734375;;;;;;;;;;;;;;;
23.2896728515625;0.303466796875;0.174072265625;1.2216796875;;;;;;;;;;;;;;;
23.293121337890625;-0.06982421875;-0.04541015625;1.010986328125;;;;;;;;;;;;;;;
23.29656982421875;0.131591796875;0.16845703125;1.19189453125;;;;;;;;;;;;;;;
23.299957275390625;-0.4306640625;0.024658203125;0.766357421875;;;;;;;;;;;;;;;
23.303314208984375;-0.025390625;0.205810546875;0.8271484375;;;;;;;;;;;;;;;
23.3067626953125;-0.087646484375;0.11376953125;1.040283203125;;;;;;;;;;;;;;;
23.3101806640625;0.038818359375;-0.1328125;1.062744140625;;;;;;;;;;;;;;;
23.3135986328125;0.098876953125;0.195068359375;1.22900390625;;;;;;;;;;;;;;;
23.31695556640625;-0.188232421875;-0.09423828125;0.832763671875;;;;;;;;;;;;;;;
23.320404052734375;0.0283203125;0.35986328125;1.005859375;;;;;;;;;;;;;;;
23.323822021484375;-0.25830078125;-0.060546875;0.904052734375;;;;;;;;;;;;;;;
23.3272705078125;0.268798828125;0.201171875;1.1787109375;;;;;;;;;;;;;;;
23.330718994140625;-0.24365234375;0.056884765625;1.041015625;;;;;;;;;;;;;;;
23.3341064453125;-0.23388671875;0.081298828125;0.828369140625;;;;;;;;;;;;;;;
23.33746337890625;0.004638671875;0.30126953125;1.043701171875;;;;;;;;;;;;;;;
23.3408203125;-0.13720703125;0.1396484375;0.897705078125;;;;;;;;;;;;;;;
23.344268798828125;0.09375;0.10888671875;1.20263671875;;;;;;;;;;;;;;;
23.34765625;-0.2080078125;0.105224609375;0.950927734375;;;;;;;;;;;;;;;
23.3509521484375;0.15283203125;0.045654296875;1.0;;;;;;;;;;;;;;;
23.354400634765625;-0.16943359375;0.06396484375;0.9130859375;;;;;;;;;;;;;;;
23.35772705078125;0.014404296875;-0.197265625;0.942626953125;;;;;;;;;;;;;;;
23.36114501953125;0.2646484375;0.132080078125;1.275146484375;;;;;;;;;;;;;;;
23.364501953125;-0.0791015625;-0.007568359375;0.98583984375;;;;;;;;;;;;;;;
23.367919921875;0.020751953125;0.340087890625;1.076416015625;;;;;;;;;;;;;;;
23.37139892578125;-0.299560546875;0.11767578125;0.826416015625;;;;;;;;;;;;;;;
23.374755859375;0.123779296875;0.2822265625;1.017333984375;;;;;;;;;;;;;;;
23.37811279296875;-0.009033203125;0.05078125;1.094970703125;;;;;;;;;;;;;;;
23.38153076171875;0.024169921875;-0.160888671875;1.0615234375;;;;;;;;;;;;;;;
23.384857177734375;-0.10400390625;0.140380859375;1.031005859375;;;;;;;;;;;;;;;
23.388214111328125;-0.174560546875;0.0556640625;0.81298828125;;;;;;;;;;;;;;;
23.39166259765625;-0.093994140625;0.351318359375;1.082275390625;;;;;;;;;;;;;;;
23.39508056640625;-0.1396484375;-0.145263671875;1.018798828125;;;;;;;;;;;;;;;
23.3984375;0.051513671875;0.09375;1.1767578125;;;;;;;;;;;;;;;
23.401824951171875;-0.2197265625;0.0517578125;0.943603515625;;;;;;;;;;;;;;;
23.4051513671875;0.001220703125;0.09521484375;0.865966796875;;;;;;;;;;;;;;;
23.408477783203125;0.0390625;0.1279296875;1.099853515625;;;;;;;;;;;;;;;
23.411895751953125;-0.0439453125;-0.130859375;1.029541015625;;;;;;;;;;;;;;;
23.415252685546875;-0.015625;0.212646484375;1.208984375;;;;;;;;;;;;;;;
23.41864013671875;-0.257568359375;0.034423828125;0.828369140625;;;;;;;;;;;;;;;
23.42193603515625;-0.033447265625;0.296875;0.916748046875;;;;;;;;;;;;;;;
23.425323486328125;-0.152587890625;0.052734375;0.95166015625;;;;;;;;;;;;;;;
23.4287109375;0.1279296875;-0.123291015625;1.188720703125;;;;;;;;;;;;;;;
23.43206787109375;-0.0908203125;0.14794921875;1.22412109375;;;;;;;;;;;;;;;
23.4354248046875;-0.096923828125;-0.087158203125;0.870849609375;;;;;;;;;;;;;;;
23.438812255859375;-0.11865234375;0.402099609375;1.000732421875;;;;;;;;;;;;;;;
23.44219970703125;-0.11962890625;-0.170654296875;0.8720703125;;;;;;;;;;;;;;;
23.445587158203125;0.080322265625;0.248046875;1.180908203125;;;;;;;;;;;;;;;
23.448974609375;-0.1484375;0.029296875;1.031005859375;;;;;;;;;;;;;;;
23.452423095703125;0.095458984375;0.17333984375;0.93896484375;;;;;;;;;;;;;;;
23.455780029296875;-0.24951171875;0.115234375;0.9736328125;;;;;;;;;;;;;;;
23.45916748046875;-0.131103515625;0.021240234375;0.915771484375;;;;;;;;;;;;;;;
23.462554931640625;-0.08935546875;0.02880859375;1.218017578125;;;;;;;;;;;;;;;
23.4659423828125;-0.08056640625;-0.32958984375;0.984619140625;;;;;;;;;;;;;;;
23.469329833984375;0.007568359375;0.152099609375;1.084228515625;;;;;;;;;;;;;;;
23.472808837890625;-0.214111328125;0.107177734375;0.850830078125;;;;;;;;;;;;;;;
23.476165771484375;0.169189453125;0.364990234375;1.02783203125;;;;;;;;;;;;;;;
23.479583740234375;-0.08544921875;0.203125;1.15576171875;;;;;;;;;;;;;;;
23.482879638671875;-0.09423828125;-0.111572265625;1.03125;;;;;;;;;;;;;;;
23.486236572265625;-0.118408203125;0.319091796875;1.06689453125;;;;;;;;;;;;;;;
23.489593505859375;-0.099365234375;-0.121826171875;0.791748046875;;;;;;;;;;;;;;;
23.492950439453125;0.162109375;0.3251953125;1.0576171875;;;;;;;;;;;;;;;
23.496307373046875;-0.0703125;-0.046142578125;1.048583984375;;;;;;;;;;;;;;;
23.49969482421875;0.046142578125;0.10546875;1.2060546875;;;;;;;;;;;;;;;
23.503021240234375;-0.201416015625;0.182861328125;1.01416015625;;;;;;;;;;;;;;;
23.50634765625;-0.145263671875;0.050048828125;0.825439453125;;;;;;;;;;;;;;;
23.509735107421875;-0.04638671875;0.25830078125;1.08349609375;;;;;;;;;;;;;;;
23.51318359375;-0.073974609375;-0.3642578125;0.974609375;;;;;;;;;;;;;;;
23.5166015625;0.06103515625;0.128662109375;1.19970703125;;;;;;;;;;;;;;;
23.519989013671875;-0.146240234375;0.0126953125;0.88916015625;;;;;;;;;;;;;;;
23.5234375;0.175537109375;0.3544921875;0.920166015625;;;;;;;;;;;;;;;
23.526885986328125;-0.083251953125;0.244384765625;1.03515625;;;;;;;;;;;;;;;
23.53033447265625;-0.05615234375;-0.1533203125;1.04345703125;;;;;;;;;;;;;;;
23.533660888671875;-0.115478515625;0.048583984375;1.2109375;;;;;;;;;;;;;;;
23.537078857421875;-0.09326171875;-0.104248046875;0.855224609375;;;;;;;;;;;;;;;
23.540435791015625;-0.04736328125;0.431884765625;0.950439453125;;;;;;;;;;;;;;;
23.54388427734375;-0.20751953125;0.0341796875;0.87451171875;;;;;;;;;;;;;;;
23.547271728515625;0.311279296875;0.114501953125;1.222900390625;;;;;;;;;;;;;;;
23.5506591796875;-0.1005859375;0.030029296875;1.249755859375;;;;;;;;;;;;;;;
23.55413818359375;-0.142578125;-0.080078125;0.8828125;;;;;;;;;;;;;;;
23.557464599609375;-0.144287109375;0.17724609375;0.961181640625;;;;;;;;;;;;;;;
23.560821533203125;-0.074951171875;-0.05029296875;0.82568359375;;;;;;;;;;;;;;;
23.564178466796875;0.072265625;0.33740234375;1.186767578125;;;;;;;;;;;;;;;
23.5675048828125;-0.120849609375;0.07080078125;1.016845703125;;;;;;;;;;;;;;;
23.570953369140625;0.119873046875;0.240478515625;0.94482421875;;;;;;;;;;;;;;;
23.574310302734375;0.064697265625;-0.01416015625;1.011962890625;;;;;;;;;;;;;;;
23.577728271484375;-0.21630859375;0.009521484375;0.90185546875;;;;;;;;;;;;;;;
23.581207275390625;-0.034912109375;-0.02294921875;1.240478515625;;;;;;;;;;;;;;;
23.58465576171875;-0.065673828125;-0.255615234375;0.99365234375;;;;;;;;;;;;;;;
23.588134765625;0.01708984375;0.305419921875;1.1005859375;;;;;;;;;;;;;;;
23.591522216796875;-0.2119140625;0.050537109375;0.767578125;;;;;;;;;;;;;;;
23.59490966796875;0.220947265625;0.5126953125;1.0771484375;;;;;;;;;;;;;;;
23.5982666015625;-0.1103515625;0.125732421875;1.169677734375;;;;;;;;;;;;;;;
23.601715087890625;-0.1513671875;-0.082275390625;1.0537109375;;;;;;;;;;;;;;;
23.60504150390625;-0.169921875;-0.142578125;1.0810546875;;;;;;;;;;;;;;;
23.60845947265625;-0.02783203125;-0.27587890625;0.784912109375;;;;;;;;;;;;;;;
23.611846923828125;0.15283203125;0.412353515625;1.04443359375;;;;;;;;;;;;;;;
23.615234375;-0.1484375;-0.07861328125;0.980712890625;;;;;;;;;;;;;;;
23.618621826171875;0.04541015625;0.387451171875;1.252197265625;;;;;;;;;;;;;;;
23.6219482421875;-0.043212890625;0.033203125;1.0390625;;;;;;;;;;;;;;;
23.625274658203125;-0.113037109375;0.10791015625;0.8603515625;;;;;;;;;;;;;;;
23.62872314453125;-0.078125;0.02392578125;0.95361328125;;;;;;;;;;;;;;;
23.632080078125;0.009033203125;-0.308837890625;0.963623046875;;;;;;;;;;;;;;;
23.635528564453125;0.03369140625;0.28564453125;1.218017578125;;;;;;;;;;;;;;;
23.638946533203125;-0.162353515625;-0.081787109375;0.885498046875;;;;;;;;;;;;;;;
23.642242431640625;0.13671875;0.43505859375;0.971435546875;;;;;;;;;;;;;;;
23.6456298828125;-0.130126953125;0.16748046875;0.9560546875;;;;;;;;;;;;;;;
23.6490478515625;0.008056640625;0.0625;1.146484375;;;;;;;;;;;;;;;
23.65240478515625;-0.1259765625;-0.07080078125;1.2216796875;;;;;;;;;;;;;;;
23.65582275390625;-0.0244140625;-0.2451171875;0.915283203125;;;;;;;;;;;;;;;
23.6591796875;-0.103515625;0.3466796875;0.959228515625;;;;;;;;;;;;;;;
23.662567138671875;-0.230224609375;-0.10009765625;0.810791015625;;;;;;;;;;;;;;;
23.6658935546875;0.1298828125;0.1484375;1.244140625;;;;;;;;;;;;;;;
23.6693115234375;-0.094482421875;0.04150390625;1.161865234375;;;;;;;;;;;;;;;
23.672698974609375;-0.02783203125;0.1318359375;0.9716796875;;;;;;;;;;;;;;;
23.67608642578125;-0.14404296875;0.091552734375;0.921630859375;;;;;;;;;;;;;;;
23.679473876953125;0.0107421875;-0.072998046875;0.83740234375;;;;;;;;;;;;;;;
23.682861328125;-0.003173828125;0.245849609375;1.166015625;;;;;;;;;;;;;;;
23.6861572265625;-0.06396484375;-0.01513671875;0.999755859375;;;;;;;;;;;;;;;
23.6895751953125;-0.065185546875;0.271240234375;1.11181640625;;;;;;;;;;;;;;;
23.69293212890625;-0.2724609375;-0.04833984375;0.849853515625;;;;;;;;;;;;;;;
23.696319580078125;0.0615234375;0.063232421875;0.970703125;;;;;;;;;;;;;;;
23.699676513671875;-0.083984375;-0.046630859375;1.148193359375;;;;;;;;;;;;;;;
23.70306396484375;0.123046875;-0.02197265625;1.089111328125;;;;;;;;;;;;;;;
23.706390380859375;-0.169189453125;0.327392578125;1.067138671875;;;;;;;;;;;;;;;
23.70977783203125;-0.07958984375;-0.040283203125;0.725830078125;;;;;;;;;;;;;;;
23.713134765625;0.10986328125;0.3291015625;1.11572265625;;;;;;;;;;;;;;;
23.716522216796875;-0.2568359375;0.063232421875;1.011474609375;;;;;;;;;;;;;;;
23.71990966796875;0.171875;-0.038330078125;1.13134765625;;;;;;;;;;;;;;;
23.723297119140625;-0.2041015625;-0.019287109375;1.0166015625;;;;;;;;;;;;;;;
23.72674560546875;0.06396484375;-0.209228515625;0.857666015625;;;;;;;;;;;;;;;
23.7301025390625;-0.24462890625;0.358154296875;1.03564453125;;;;;;;;;;;;;;;
23.733489990234375;-0.169189453125;-0.1552734375;0.931884765625;;;;;;;;;;;;;;;
23.73687744140625;-0.00341796875;0.356201171875;1.281982421875;;;;;;;;;;;;;;;
23.740264892578125;-0.03955078125;-0.095703125;0.9921875;;;;;;;;;;;;;;;
23.74365234375;0.058349609375;0.123046875;0.932861328125;;;;;;;;;;;;;;;
23.747039794921875;-0.14306640625;0.089111328125;0.878173828125;;;;;;;;;;;;;;;
23.750396728515625;0.12646484375;-0.11572265625;1.040283203125;;;;;;;;;;;;;;;
23.75384521484375;-0.096923828125;0.200927734375;1.18994140625;;;;;;;;;;;;;;;
23.757171630859375;-0.0341796875;-0.180908203125;0.94677734375;;;;;;;;;;;;;;;
23.7606201171875;0.06787109375;0.32666015625;1.04150390625;;;;;;;;;;;;;;;
23.764068603515625;-0.23095703125;0.00146484375;0.906982421875;;;;;;;;;;;;;;;
23.76739501953125;0.043701171875;0.092529296875;1.18359375;;;;;;;;;;;;;;;
23.770751953125;-0.08154296875;-0.013916015625;1.1767578125;;;;;;;;;;;;;;;
23.774200439453125;0.052734375;-0.247802734375;0.982421875;;;;;;;;;;;;;;;
23.777557373046875;-0.194091796875;0.239501953125;0.921630859375;;;;;;;;;;;;;;;
23.78094482421875;-0.1220703125;-0.175537109375;0.8046875;;;;;;;;;;;;;;;
23.784332275390625;-0.00341796875;0.27001953125;1.238037109375;;;;;;;;;;;;;;;
23.7877197265625;-0.0771484375;-0.052001953125;1.1044921875;;;;;;;;;;;;;;;
23.7911376953125;-0.00146484375;0.22314453125;1.042236328125;;;;;;;;;;;;;;;
23.79461669921875;-0.1796875;0.1162109375;0.89111328125;;;;;;;;;;;;;;;
23.797943115234375;-0.004150390625;0.0341796875;0.876708984375;;;;;;;;;;;;;;;
23.801361083984375;-0.03564453125;0.151611328125;1.137451171875;;;;;;;;;;;;;;;
23.804779052734375;0.046875;-0.210693359375;1.064208984375;;;;;;;;;;;;;;;
23.8082275390625;-0.210693359375;0.262451171875;1.16552734375;;;;;;;;;;;;;;;
23.8116455078125;-0.33154296875;-0.160400390625;0.87548828125;;;;;;;;;;;;;;;
23.81500244140625;0.02001953125;0.16796875;0.993408203125;;;;;;;;;;;;;;;
23.81842041015625;-0.105224609375;0.07666015625;1.14599609375;;;;;;;;;;;;;;;
23.821868896484375;0.129638671875;0.08056640625;1.089599609375;;;;;;;;;;;;;;;
23.82525634765625;-0.236572265625;0.30859375;1.087890625;;;;;;;;;;;;;;;
23.82861328125;-0.001953125;-0.236328125;0.73291015625;;;;;;;;;;;;;;;
23.832000732421875;0.042236328125;0.2783203125;1.1376953125;;;;;;;;;;;;;;;
23.83538818359375;-0.5439453125;-0.08935546875;0.9404296875;;;;;;;;;;;;;;;
23.8387451171875;0.259033203125;0.0634765625;1.089599609375;;;;;;;;;;;;;;;
23.842193603515625;-0.160400390625;0.025390625;1.019775390625;;;;;;;;;;;;;;;
23.845550537109375;0.170654296875;-0.05615234375;0.890625;;;;;;;;;;;;;;;
23.84893798828125;-0.236328125;0.3505859375;1.0224609375;;;;;;;;;;;;;;;
23.852325439453125;-0.111328125;-0.17333984375;0.961181640625;;;;;;;;;;;;;;;
23.8558349609375;0.00244140625;0.396240234375;1.251953125;;;;;;;;;;;;;;;
23.859222412109375;-0.2001953125;-0.22802734375;1.038818359375;;;;;;;;;;;;;;;
23.862640380859375;-0.033203125;0.11669921875;0.97705078125;;;;;;;;;;;;;;;
23.866058349609375;-0.249267578125;-0.000732421875;0.8173828125;;;;;;;;;;;;;;;
23.8695068359375;0.1337890625;0.128173828125;1.002685546875;;;;;;;;;;;;;;;
23.872833251953125;-0.107666015625;0.195068359375;1.14599609375;;;;;;;;;;;;;;;
23.876251220703125;0.12890625;-0.226806640625;1.035888671875;;;;;;;;;;;;;;;
23.879608154296875;-0.2451171875;0.3583984375;1.06201171875;;;;;;;;;;;;;;;
23.88299560546875;-0.39794921875;-0.132568359375;0.863037109375;;;;;;;;;;;;;;;
23.886383056640625;0.083251953125;0.13330078125;1.18115234375;;;;;;;;;;;;;;;
23.8897705078125;-0.014404296875;-0.136474609375;1.108154296875;;;;;;;;;;;;;;;
23.893157958984375;0.2119140625;0.31103515625;1.017578125;;;;;;;;;;;;;;;
23.89654541015625;-0.2177734375;0.22412109375;0.87744140625;;;;;;;;;;;;;;;
23.89996337890625;-0.10009765625;0.02734375;0.802734375;;;;;;;;;;;;;;;
23.9033203125;-0.08740234375;0.21044921875;1.180908203125;;;;;;;;;;;;;;;
23.90667724609375;-0.1220703125;-0.117431640625;1.09521484375;;;;;;;;;;;;;;;
23.91009521484375;-0.0302734375;0.08984375;1.1240234375;;;;;;;;;;;;;;;
23.913421630859375;-0.239501953125;0.006591796875;0.823974609375;;;;;;;;;;;;;;;
23.916778564453125;0.117919921875;0.2158203125;0.906982421875;;;;;;;;;;;;;;;
23.920166015625;-0.060302734375;0.235595703125;1.094482421875;;;;;;;;;;;;;;;
23.92352294921875;0.1025390625;-0.229248046875;1.09619140625;;;;;;;;;;;;;;;
23.92694091796875;-0.217529296875;0.319580078125;1.134033203125;;;;;;;;;;;;;;;
23.930328369140625;-0.2451171875;-0.22509765625;0.8564453125;;;;;;;;;;;;;;;
23.933746337890625;0.070068359375;0.237060546875;1.04052734375;;;;;;;;;;;;;;;
23.9371337890625;-0.16552734375;0.09521484375;0.901123046875;;;;;;;;;;;;;;;
23.94049072265625;0.168701171875;0.278564453125;1.11279296875;;;;;;;;;;;;;;;
23.94378662109375;-0.248779296875;0.29931640625;1.029052734375;;;;;;;;;;;;;;;
23.947113037109375;0.114501953125;-0.16552734375;0.923095703125;;;;;;;;;;;;;;;
23.95050048828125;-0.15966796875;0.13037109375;1.052001953125;;;;;;;;;;;;;;;
23.953857421875;-0.181640625;-0.1591796875;0.9541015625;;;;;;;;;;;;;;;
23.957183837890625;0.125;0.11181640625;1.228271484375;;;;;;;;;;;;;;;
23.960601806640625;-0.216064453125;0.131591796875;0.96044921875;;;;;;;;;;;;;;;
23.96392822265625;0.134521484375;0.167724609375;0.9443359375;;;;;;;;;;;;;;;
23.96728515625;-0.279541015625;0.330322265625;0.938720703125;;;;;;;;;;;;;;;
23.970611572265625;-0.009033203125;-0.11865234375;0.94091796875;;;;;;;;;;;;;;;
23.9739990234375;0.02001953125;0.19140625;1.22412109375;;;;;;;;;;;;;;;
23.977386474609375;-0.043212890625;-0.297607421875;1.01708984375;;;;;;;;;;;;;;;
23.980804443359375;0.10498046875;0.18359375;1.045654296875;;;;;;;;;;;;;;;
23.984130859375;-0.212890625;0.167236328125;0.786865234375;;;;;;;;;;;;;;;
23.987548828125;0.074951171875;0.3154296875;1.031982421875;;;;;;;;;;;;;;;
23.99102783203125;-0.142578125;0.103759765625;1.079833984375;;;;;;;;;;;;;;;
23.994415283203125;0.107666015625;-0.20458984375;1.105712890625;;;;;;;;;;;;;;;
23.997802734375;-0.19287109375;0.123046875;1.038330078125;;;;;;;;;;;;;;;
24.001220703125;-0.28271484375;-0.073486328125;0.736328125;;;;;;;;;;;;;;;
24.00457763671875;0.477783203125;0.22705078125;1.23291015625;;;;;;;;;;;;;;;
24.00799560546875;-0.099609375;-0.00048828125;1.032470703125;;;;;;;;;;;;;;;
24.011505126953125;0.23388671875;0.286865234375;1.129638671875;;;;;;;;;;;;;;;
24.014862060546875;-0.4013671875;0.09375;0.78076171875;;;;;;;;;;;;;;;
24.01824951171875;0.269775390625;0.1181640625;0.7705078125;;;;;;;;;;;;;;;
24.021636962890625;0.040283203125;0.116943359375;1.149658203125;;;;;;;;;;;;;;;
24.024993896484375;-0.092041015625;-0.142578125;0.988525390625;;;;;;;;;;;;;;;
24.02838134765625;0.3349609375;0.12109375;1.231201171875;;;;;;;;;;;;;;;
24.031707763671875;-0.282470703125;-0.1064453125;0.7861328125;;;;;;;;;;;;;;;
24.035125732421875;0.230224609375;0.29931640625;0.975830078125;;;;;;;;;;;;;;;
24.038482666015625;-0.16552734375;0.07080078125;0.99169921875;;;;;;;;;;;;;;;
24.041900634765625;0.183837890625;0.204833984375;1.104248046875;;;;;;;;;;;;;;;
24.0452880859375;-0.141845703125;0.154052734375;1.13818359375;;;;;;;;;;;;;;;
24.048583984375;-0.380859375;-0.068603515625;0.76708984375;;;;;;;;;;;;;;;
24.0518798828125;0.339599609375;0.265625;1.109619140625;;;;;;;;;;;;;;;
24.05523681640625;-0.161376953125;0.1552734375;0.882080078125;;;;;;;;;;;;;;;
24.05859375;0.2734375;0.15673828125;1.209228515625;;;;;;;;;;;;;;;
24.06201171875;-0.3115234375;0.091552734375;0.948974609375;;;;;;;;;;;;;;;
24.065521240234375;0.210205078125;-0.048095703125;0.97119140625;;;;;;;;;;;;;;;
24.06903076171875;-0.103759765625;0.076416015625;0.9833984375;;;;;;;;;;;;;;;
24.0723876953125;-0.09765625;-0.057373046875;0.8828125;;;;;;;;;;;;;;;
24.075836181640625;0.40380859375;0.131591796875;1.29736328125;;;;;;;;;;;;;;;
24.079315185546875;-0.234375;-0.002197265625;0.947998046875;;;;;;;;;;;;;;;
24.082763671875;0.20556640625;0.239013671875;1.031982421875;;;;;;;;;;;;;;;
24.086151123046875;-0.266357421875;0.100341796875;0.877685546875;;;;;;;;;;;;;;;
24.089569091796875;0.128662109375;0.152099609375;0.960205078125;;;;;;;;;;;;;;;
24.092987060546875;0.12060546875;0.020751953125;1.1943359375;;;;;;;;;;;;;;;
24.0963134765625;-0.1103515625;-0.142578125;0.98388671875;;;;;;;;;;;;;;;
24.099609375;0.233154296875;0.169677734375;1.075927734375;;;;;;;;;;;;;;;
24.10302734375;-0.229248046875;0.29150390625;0.799560546875;;;;;;;;;;;;;;;
24.1064453125;0.047607421875;0.422607421875;1.03271484375;;;;;;;;;;;;;;;
24.109832763671875;-0.033935546875;-0.1123046875;1.048828125;;;;;;;;;;;;;;;
24.113189697265625;0.013671875;-0.094482421875;1.1689453125;;;;;;;;;;;;;;;
24.116546630859375;-0.190185546875;-0.10693359375;0.984375;;;;;;;;;;;;;;;
24.11993408203125;-0.0244140625;0.09814453125;0.822998046875;;;;;;;;;;;;;;;
24.123291015625;0.09912109375;0.191162109375;1.160888671875;;;;;;;;;;;;;;;
24.12664794921875;-0.063232421875;0.04052734375;1.002685546875;;;;;;;;;;;;;;;
24.1300048828125;0.111083984375;0.30126953125;1.2109375;;;;;;;;;;;;;;;
24.13330078125;-0.277587890625;0.131591796875;0.839599609375;;;;;;;;;;;;;;;
24.13671875;-0.089111328125;0.155029296875;0.87158203125;;;;;;;;;;;;;;;
24.14007568359375;-0.034423828125;-0.040771484375;1.04541015625;;;;;;;;;;;;;;;
24.14349365234375;0.108642578125;-0.255859375;1.080078125;;;;;;;;;;;;;;;
24.14691162109375;0.031982421875;0.197998046875;1.258056640625;;;;;;;;;;;;;;;
24.1502685546875;-0.15185546875;-0.037109375;0.8515625;;;;;;;;;;;;;;;
24.153717041015625;-0.047119140625;0.49609375;1.0078125;;;;;;;;;;;;;;;
24.15716552734375;-0.252685546875;-0.00732421875;0.942138671875;;;;;;;;;;;;;;;
24.160552978515625;0.04150390625;0.199462890625;1.157958984375;;;;;;;;;;;;;;;
24.16387939453125;-0.136474609375;-0.00439453125;1.095458984375;;;;;;;;;;;;;;;
24.167236328125;0.135986328125;-0.014892578125;0.84521484375;;;;;;;;;;;;;;;
24.17059326171875;0.09814453125;0.171142578125;1.064697265625;;;;;;;;;;;;;;;
24.1739501953125;-0.181884765625;0.10400390625;0.90869140625;;;;;;;;;;;;;;;
24.1773681640625;0.0771484375;0.2197265625;1.1884765625;;;;;;;;;;;;;;;
24.180694580078125;-0.202880859375;-0.148193359375;0.9765625;;;;;;;;;;;;;;;
24.184051513671875;0.0595703125;0.09228515625;1.0146484375;;;;;;;;;;;;;;;
24.187469482421875;-0.17626953125;0.070068359375;0.9111328125;;;;;;;;;;;;;;;
24.1907958984375;-0.01806640625;0.142822265625;0.953125;;;;;;;;;;;;;;;
24.194183349609375;0.103271484375;0.019775390625;1.23486328125;;;;;;;;;;;;;;;
24.197509765625;-0.048583984375;-0.052490234375;1.01025390625;;;;;;;;;;;;;;;
24.200897216796875;-0.025634765625;0.214599609375;1.06298828125;;;;;;;;;;;;;;;
24.204254150390625;-0.21142578125;0.167236328125;0.74072265625;;;;;;;;;;;;;;;
24.20758056640625;0.110107421875;0.28857421875;1.032470703125;;;;;;;;;;;;;;;
24.210968017578125;-0.067626953125;0.0830078125;1.0908203125;;;;;;;;;;;;;;;
24.214324951171875;0.081787109375;-0.199951171875;1.1728515625;;;;;;;;;;;;;;;
24.21783447265625;-0.081298828125;0.11669921875;1.083251953125;;;;;;;;;;;;;;;
24.22119140625;-0.126708984375;0.064697265625;0.810791015625;;;;;;;;;;;;;;;
24.224578857421875;-0.121826171875;0.4560546875;1.067138671875;;;;;;;;;;;;;;;
24.228057861328125;-0.14111328125;-0.193115234375;0.9970703125;;;;;;;;;;;;;;;
24.231353759765625;0.057373046875;0.057861328125;1.201904296875;;;;;;;;;;;;;;;
24.234771728515625;-0.224609375;-0.035888671875;0.95556640625;;;;;;;;;;;;;;;
24.23809814453125;0.0341796875;0.134033203125;0.8515625;;;;;;;;;;;;;;;
24.241546630859375;-0.052978515625;0.169677734375;1.080078125;;;;;;;;;;;;;;;
24.24493408203125;-0.023193359375;-0.055419921875;1.015625;;;;;;;;;;;;;;;
24.248382568359375;-0.02587890625;0.217529296875;1.217041015625;;;;;;;;;;;;;;;
24.251708984375;-0.2412109375;0.068359375;0.833740234375;;;;;;;;;;;;;;;
24.255126953125;-0.001220703125;0.262451171875;0.898193359375;;;;;;;;;;;;;;;
24.258453369140625;-0.1728515625;0.018310546875;0.9599609375;;;;;;;;;;;;;;;
24.26177978515625;0.15380859375;-0.122802734375;1.12939453125;;;;;;;;;;;;;;;
24.265167236328125;-0.093994140625;0.15869140625;1.243896484375;;;;;;;;;;;;;;;
24.268524169921875;-0.063232421875;-0.047607421875;0.873046875;;;;;;;;;;;;;;;
24.2718505859375;-0.135986328125;0.436767578125;0.98486328125;;;;;;;;;;;;;;;
24.275238037109375;-0.135498046875;-0.052490234375;0.854736328125;;;;;;;;;;;;;;;
24.278594970703125;0.096435546875;0.23291015625;1.182861328125;;;;;;;;;;;;;;;
24.282012939453125;-0.135009765625;-0.013671875;1.04052734375;;;;;;;;;;;;;;;
24.285308837890625;0.16259765625;0.1025390625;0.91162109375;;;;;;;;;;;;;;;
24.288665771484375;-0.102294921875;0.141845703125;1.008056640625;;;;;;;;;;;;;;;
24.2921142578125;-0.133544921875;0.026123046875;0.88818359375;;;;;;;;;;;;;;;
24.295562744140625;-0.027587890625;0.19775390625;1.18994140625;;;;;;;;;;;;;;;
24.29888916015625;-0.1123046875;-0.254638671875;0.982421875;;;;;;;;;;;;;;;
24.302276611328125;0.05908203125;0.23046875;1.077880859375;;;;;;;;;;;;;;;
24.30572509765625;-0.199462890625;0.021484375;0.84326171875;;;;;;;;;;;;;;;
24.309051513671875;0.235107421875;0.34814453125;1.01123046875;;;;;;;;;;;;;;;
24.3123779296875;-0.1015625;0.092529296875;1.19921875;;;;;;;;;;;;;;;
24.315704345703125;-0.186767578125;-0.13623046875;1.03125;;;;;;;;;;;;;;;
24.319091796875;-0.12548828125;0.102294921875;1.079345703125;;;;;;;;;;;;;;;
24.322418212890625;-0.148681640625;-0.009521484375;0.74560546875;;;;;;;;;;;;;;;
24.32574462890625;0.197509765625;0.46875;1.013671875;;;;;;;;;;;;;;;
24.32916259765625;-0.093505859375;-0.095947265625;1.03515625;;;;;;;;;;;;;;;
24.332489013671875;0.1279296875;0.124755859375;1.208251953125;;;;;;;;;;;;;;;
24.335906982421875;0.123779296875;0.084716796875;1.14404296875;;;;;;;;;;;;;;;
24.339385986328125;-0.242431640625;-0.00830078125;0.8095703125;;;;;;;;;;;;;;;
24.342742919921875;-0.08203125;0.207275390625;1.028564453125;;;;;;;;;;;;;;;
24.34619140625;-0.132568359375;-0.291259765625;0.937744140625;;;;;;;;;;;;;;;
24.34954833984375;0.078369140625;0.2197265625;1.216552734375;;;;;;;;;;;;;;;
24.352935791015625;-0.158447265625;-0.016845703125;0.88916015625;;;;;;;;;;;;;;;
24.356353759765625;0.19091796875;0.382568359375;0.90087890625;;;;;;;;;;;;;;;
24.3597412109375;-0.166748046875;0.196533203125;1.091064453125;;;;;;;;;;;;;;;
24.36309814453125;-0.214599609375;-0.0986328125;1.04248046875;;;;;;;;;;;;;;;
24.366485595703125;-0.154541015625;-0.032958984375;1.243896484375;;;;;;;;;;;;;;;
24.369873046875;-0.114990234375;-0.1806640625;0.841064453125;;;;;;;;;;;;;;;
24.373260498046875;0.00537109375;0.37890625;1.010986328125;;;;;;;;;;;;;;;
24.376617431640625;-0.189453125;0.105712890625;0.902099609375;;;;;;;;;;;;;;;
24.3800048828125;0.14697265625;0.17626953125;1.171875;;;;;;;;;;;;;;;
24.383331298828125;-0.07763671875;0.1142578125;1.288330078125;;;;;;;;;;;;;;;
24.386688232421875;-0.177490234375;-0.0703125;0.906005859375;;;;;;;;;;;;;;;
24.390106201171875;-0.13818359375;0.17822265625;0.992919921875;;;;;;;;;;;;;;;
24.393524169921875;-0.122802734375;-0.14453125;0.81103515625;;;;;;;;;;;;;;;
24.3968505859375;0.040771484375;0.320556640625;1.18212890625;;;;;;;;;;;;;;;
24.40032958984375;-0.133056640625;-0.059814453125;1.028076171875;;;;;;;;;;;;;;;
24.403656005859375;0.07177734375;0.243896484375;0.975830078125;;;;;;;;;;;;;;;
24.406982421875;-0.03271484375;0.14501953125;0.986328125;;;;;;;;;;;;;;;
24.410430908203125;-0.212646484375;0.16455078125;0.9033203125;;;;;;;;;;;;;;;
24.413848876953125;-0.060546875;-0.0048828125;1.218994140625;;;;;;;;;;;;;;;
24.417205810546875;-0.08056640625;-0.33056640625;1.001220703125;;;;;;;;;;;;;;;
24.420623779296875;-0.004150390625;0.301025390625;1.107177734375;;;;;;;;;;;;;;;
24.423980712890625;-0.26513671875;-0.03125;0.819580078125;;;;;;;;;;;;;;;
24.427398681640625;0.0576171875;0.414794921875;1.03125;;;;;;;;;;;;;;;
24.430816650390625;-0.127197265625;0.09033203125;1.106201171875;;;;;;;;;;;;;;;
24.4342041015625;0.018310546875;0.05029296875;1.0673828125;;;;;;;;;;;;;;;
24.437652587890625;-0.1650390625;-0.080078125;1.09619140625;;;;;;;;;;;;;;;
24.4410400390625;-0.09033203125;-0.2138671875;0.80517578125;;;;;;;;;;;;;;;
24.4443359375;-0.09912109375;0.39111328125;1.02490234375;;;;;;;;;;;;;;;
24.447784423828125;-0.158447265625;-0.093994140625;0.98193359375;;;;;;;;;;;;;;;
24.45111083984375;0.039306640625;0.201416015625;1.266845703125;;;;;;;;;;;;;;;
24.454437255859375;-0.2001953125;0.07275390625;1.043701171875;;;;;;;;;;;;;;;
24.457794189453125;-0.110595703125;0.05029296875;0.84033203125;;;;;;;;;;;;;;;
24.461181640625;-0.104248046875;0.12841796875;0.9541015625;;;;;;;;;;;;;;;
24.46453857421875;-0.037353515625;-0.326416015625;0.997802734375;;;;;;;;;;;;;;;
24.4678955078125;-0.0732421875;0.3115234375;1.169921875;;;;;;;;;;;;;;;
24.471221923828125;-0.072509765625;-0.014892578125;0.909423828125;;;;;;;;;;;;;;;
24.474578857421875;0.154052734375;0.3564453125;0.981689453125;;;;;;;;;;;;;;;
24.477935791015625;-0.26025390625;0.049072265625;0.9443359375;;;;;;;;;;;;;;;
24.4813232421875;0.005859375;-0.08837890625;1.103759765625;;;;;;;;;;;;;;;
24.4847412109375;-0.18359375;-0.1025390625;1.195556640625;;;;;;;;;;;;;;;
24.48809814453125;0.0439453125;-0.371337890625;0.9658203125;;;;;;;;;;;;;;;
24.49151611328125;-0.09814453125;0.383544921875;0.93212890625;;;;;;;;;;;;;;;
24.494903564453125;-0.152587890625;0.042724609375;0.8037109375;;;;;;;;;;;;;;;
24.498321533203125;0.1630859375;0.232666015625;1.218994140625;;;;;;;;;;;;;;;
24.50177001953125;-0.15478515625;0.104736328125;1.115234375;;;;;;;;;;;;;;;
24.505157470703125;-0.027587890625;-0.031982421875;0.993408203125;;;;;;;;;;;;;;;
24.508514404296875;-0.15625;0.07861328125;0.935546875;;;;;;;;;;;;;;;
24.511993408203125;0.03564453125;-0.224365234375;0.81298828125;;;;;;;;;;;;;;;
24.515380859375;0.034912109375;0.295166015625;1.143798828125;;;;;;;;;;;;;;;
24.518768310546875;-0.017578125;0.012939453125;1.021484375;;;;;;;;;;;;;;;
24.52215576171875;-0.037109375;0.380859375;1.061279296875;;;;;;;;;;;;;;;
24.5255126953125;-0.26416015625;-0.009521484375;0.913818359375;;;;;;;;;;;;;;;
24.5289306640625;0.000732421875;0.05615234375;0.932373046875;;;;;;;;;;;;;;;
24.53228759765625;-0.045654296875;0.00439453125;1.1650390625;;;;;;;;;;;;;;;
24.53570556640625;0.105712890625;-0.216796875;1.085205078125;;;;;;;;;;;;;;;
24.5391845703125;-0.1611328125;0.3427734375;1.090576171875;;;;;;;;;;;;;;;
24.54254150390625;-0.107421875;-0.08935546875;0.74951171875;;;;;;;;;;;;;;;
24.545928955078125;0.13232421875;0.3701171875;1.0986328125;;;;;;;;;;;;;;;
24.54931640625;-0.404052734375;0.091064453125;1.01416015625;;;;;;;;;;;;;;;
24.55267333984375;0.19921875;-0.05517578125;1.067138671875;;;;;;;;;;;;;;;
24.556060791015625;-0.15380859375;0.064453125;1.084228515625;;;;;;;;;;;;;;;
24.5594482421875;0.03857421875;-0.19482421875;0.844482421875;;;;;;;;;;;;;;;
24.5628662109375;-0.142822265625;0.40673828125;1.023193359375;;;;;;;;;;;;;;;
24.56622314453125;-0.22509765625;-0.211669921875;0.932373046875;;;;;;;;;;;;;;;
24.569580078125;0.10009765625;0.32177734375;1.3037109375;;;;;;;;;;;;;;;
24.572967529296875;-0.346435546875;-0.09130859375;1.08740234375;;;;;;;;;;;;;;;
24.57635498046875;-0.09521484375;0.102294921875;0.86962890625;;;;;;;;;;;;;;;
24.579681396484375;-0.1748046875;0.109375;0.87939453125;;;;;;;;;;;;;;;
24.583099365234375;0.127197265625;-0.072021484375;0.97021484375;;;;;;;;;;;;;;;
24.58648681640625;-0.037109375;0.244384765625;1.171630859375;;;;;;;;;;;;;;;
24.58990478515625;0.0126953125;-0.085205078125;1.028564453125;;;;;;;;;;;;;;;
24.593292236328125;0.127197265625;0.30126953125;1.07275390625;;;;;;;;;;;;;;;
24.596649169921875;-0.60107421875;-0.107666015625;0.813232421875;;;;;;;;;;;;;;;
24.60003662109375;0.38818359375;-0.03564453125;1.155517578125;;;;;;;;;;;;;;;
24.60345458984375;-0.128173828125;0.002685546875;1.174560546875;;;;;;;;;;;;;;;
24.6068115234375;0.147705078125;0.147705078125;0.989501953125;;;;;;;;;;;;;;;
24.61029052734375;-0.206298828125;0.366455078125;0.909912109375;;;;;;;;;;;;;;;
24.613739013671875;-0.404296875;0.017822265625;0.732421875;;;;;;;;;;;;;;;
24.617156982421875;0.25537109375;0.43408203125;1.2353515625;;;;;;;;;;;;;;;
24.620574951171875;-0.470703125;-0.063232421875;1.02880859375;;;;;;;;;;;;;;;
24.6239013671875;-0.147216796875;-0.054931640625;1.033935546875;;;;;;;;;;;;;;;
24.627349853515625;-0.251708984375;-0.09130859375;0.863037109375;;;;;;;;;;;;;;;
24.630706787109375;0.1142578125;-0.023681640625;0.829833984375;;;;;;;;;;;;;;;
24.634033203125;-0.007080078125;0.3583984375;1.10986328125;;;;;;;;;;;;;;;
24.637481689453125;-0.079345703125;-0.044189453125;1.05517578125;;;;;;;;;;;;;;;
24.640869140625;-0.057861328125;0.40380859375;1.2021484375;;;;;;;;;;;;;;;
24.64422607421875;-0.386962890625;-0.20263671875;0.90380859375;;;;;;;;;;;;;;;
24.647705078125;0.080322265625;0.060791015625;0.97119140625;;;;;;;;;;;;;;;
24.651092529296875;-0.105224609375;-0.045166015625;1.103271484375;;;;;;;;;;;;;;;
24.654510498046875;0.23779296875;0.07177734375;1.122802734375;;;;;;;;;;;;;;;
24.65789794921875;-0.2880859375;0.343994140625;1.070068359375;;;;;;;;;;;;;;;
24.6612548828125;-0.050537109375;-0.093994140625;0.727783203125;;;;;;;;;;;;;;;
24.664642333984375;0.032958984375;0.3095703125;1.0673828125;;;;;;;;;;;;;;;
24.668121337890625;-0.30078125;0.076171875;0.978271484375;;;;;;;;;;;;;;;
24.6715087890625;0.239990234375;-0.020263671875;1.14599609375;;;;;;;;;;;;;;;
24.6749267578125;-0.25537109375;-0.033203125;1.01611328125;;;;;;;;;;;;;;;
24.6783447265625;0.162109375;-0.1591796875;0.90283203125;;;;;;;;;;;;;;;
24.681671142578125;-0.212646484375;0.392578125;0.999755859375;;;;;;;;;;;;;;;
24.685089111328125;-0.19091796875;-0.0947265625;0.895263671875;;;;;;;;;;;;;;;
24.6884765625;0.07470703125;0.3056640625;1.268310546875;;;;;;;;;;;;;;;
24.691802978515625;-0.074462890625;-0.154052734375;1.018310546875;;;;;;;;;;;;;;;
24.695220947265625;0.148681640625;0.112548828125;1.005126953125;;;;;;;;;;;;;;;
24.698638916015625;-0.144287109375;0.08984375;0.814208984375;;;;;;;;;;;;;;;
24.70196533203125;0.096435546875;0.21533203125;1.00634765625;;;;;;;;;;;;;;;
24.705322265625;-0.01611328125;0.137939453125;1.14306640625;;;;;;;;;;;;;;;
24.708709716796875;0.018310546875;-0.177490234375;1.0400390625;;;;;;;;;;;;;;;
24.71209716796875;-0.162841796875;0.133056640625;1.068115234375;;;;;;;;;;;;;;;
24.7154541015625;-0.28857421875;-0.0625;0.8359375;;;;;;;;;;;;;;;
24.718902587890625;0.181884765625;0.047119140625;1.17333984375;;;;;;;;;;;;;;;
24.722259521484375;0.013671875;0.095703125;1.104736328125;;;;;;;;;;;;;;;
24.725616455078125;0.119140625;0.30859375;1.06298828125;;;;;;;;;;;;;;;
24.729034423828125;-0.20361328125;0.28173828125;0.885498046875;;;;;;;;;;;;;;;
24.732421875;0.013916015625;-0.122802734375;0.784423828125;;;;;;;;;;;;;;;
24.735748291015625;0.0068359375;0.088623046875;1.19189453125;;;;;;;;;;;;;;;
24.7391357421875;-0.06591796875;-0.102294921875;1.089111328125;;;;;;;;;;;;;;;
24.742431640625;0.113037109375;0.0791015625;1.15380859375;;;;;;;;;;;;;;;
24.745819091796875;-0.23779296875;0.101318359375;0.821044921875;;;;;;;;;;;;;;;
24.749176025390625;0.1015625;0.163818359375;0.90380859375;;;;;;;;;;;;;;;
24.7525634765625;0.012451171875;0.228759765625;1.076416015625;;;;;;;;;;;;;;;
24.755889892578125;0.00634765625;-0.18505859375;1.068359375;;;;;;;;;;;;;;;
24.759307861328125;-0.146484375;0.17138671875;1.218017578125;;;;;;;;;;;;;;;
24.7626953125;-0.391845703125;-0.201904296875;0.84228515625;;;;;;;;;;;;;;;
24.766082763671875;0.18408203125;0.20263671875;1.037353515625;;;;;;;;;;;;;;;
24.76947021484375;-0.13427734375;0.1435546875;0.919677734375;;;;;;;;;;;;;;;
24.772796630859375;0.1767578125;0.137939453125;1.1416015625;;;;;;;;;;;;;;;
24.77618408203125;-0.28369140625;0.23681640625;1.037109375;;;;;;;;;;;;;;;
24.779541015625;0.04248046875;-0.230712890625;0.909423828125;;;;;;;;;;;;;;;
24.782867431640625;-0.099365234375;0.1728515625;1.036865234375;;;;;;;;;;;;;;;
24.786224365234375;-0.279541015625;-0.029541015625;0.90283203125;;;;;;;;;;;;;;;
24.78961181640625;0.290771484375;0.09716796875;1.285888671875;;;;;;;;;;;;;;;
24.79296875;-0.180908203125;0.07080078125;1.009033203125;;;;;;;;;;;;;;;
24.79632568359375;0.167724609375;0.031982421875;0.974365234375;;;;;;;;;;;;;;;
24.799713134765625;-0.2685546875;0.188232421875;0.961669921875;;;;;;;;;;;;;;;
24.80316162109375;-0.087158203125;-0.090087890625;0.9267578125;;;;;;;;;;;;;;;
24.80657958984375;0.04833984375;0.1513671875;1.222412109375;;;;;;;;;;;;;;;
24.809967041015625;-0.135986328125;-0.15234375;1.056884765625;;;;;;;;;;;;;;;
24.813446044921875;0.11572265625;0.18115234375;1.0322265625;;;;;;;;;;;;;;;
24.816802978515625;-0.294189453125;0.25048828125;0.81005859375;;;;;;;;;;;;;;;
24.8201904296875;0.04736328125;0.232177734375;0.99462890625;;;;;;;;;;;;;;;
24.82354736328125;-0.1435546875;-0.0146484375;1.10205078125;;;;;;;;;;;;;;;
24.826904296875;0.105224609375;-0.369384765625;1.123291015625;;;;;;;;;;;;;;;
24.830291748046875;-0.18359375;0.118408203125;1.055908203125;;;;;;;;;;;;;;;
24.833648681640625;-0.328125;0.004150390625;0.7734375;;;;;;;;;;;;;;;
24.83709716796875;0.32763671875;0.23193359375;1.180908203125;;;;;;;;;;;;;;;
24.8404541015625;-0.1201171875;0.120849609375;1.082763671875;;;;;;;;;;;;;;;
24.84381103515625;0.178955078125;0.248291015625;1.1318359375;;;;;;;;;;;;;;;
24.84722900390625;-0.39208984375;0.197265625;0.84033203125;;;;;;;;;;;;;;;
24.850555419921875;0.156494140625;-0.085693359375;0.794677734375;;;;;;;;;;;;;;;
24.8538818359375;-0.008544921875;0.08251953125;1.12255859375;;;;;;;;;;;;;;;
24.8572998046875;-0.165283203125;-0.27197265625;1.006591796875;;;;;;;;;;;;;;;
24.86065673828125;0.2890625;0.158447265625;1.183349609375;;;;;;;;;;;;;;;
24.864013671875;-0.220458984375;0.0546875;0.83154296875;;;;;;;;;;;;;;;
24.867401123046875;0.165771484375;0.34326171875;0.949951171875;;;;;;;;;;;;;;;
24.8707275390625;-0.267822265625;0.199462890625;0.99267578125;;;;;;;;;;;;;;;
24.874176025390625;0.1015625;0.05322265625;1.1201171875;;;;;;;;;;;;;;;
24.8775634765625;-0.134033203125;0.1943359375;1.139404296875;;;;;;;;;;;;;;;
24.880889892578125;-0.4130859375;-0.293212890625;0.8115234375;;;;;;;;;;;;;;;
24.884246826171875;0.293701171875;0.178466796875;1.06396484375;;;;;;;;;;;;;;;
24.887603759765625;-0.1640625;0.152099609375;0.8583984375;;;;;;;;;;;;;;;
24.8909912109375;0.28125;0.35009765625;1.16552734375;;;;;;;;;;;;;;;
24.89434814453125;-0.251953125;-0.00244140625;0.990478515625;;;;;;;;;;;;;;;
24.89776611328125;0.156005859375;-0.08740234375;0.990478515625;;;;;;;;;;;;;;;
24.901123046875;-0.070068359375;0.049072265625;0.981689453125;;;;;;;;;;;;;;;
24.904510498046875;-0.184814453125;0.026123046875;0.904296875;;;;;;;;;;;;;;;
24.9078369140625;0.360595703125;0.036376953125;1.325439453125;;;;;;;;;;;;;;;
24.9112548828125;-0.219970703125;0.07861328125;0.954345703125;;;;;;;;;;;;;;;
24.91461181640625;0.216796875;0.263916015625;1.04736328125;;;;;;;;;;;;;;;
24.917938232421875;-0.246337890625;0.159423828125;0.743408203125;;;;;;;;;;;;;;;
24.92132568359375;0.093017578125;0.1201171875;0.942138671875;;;;;;;;;;;;;;;
24.924713134765625;0.115966796875;0.098876953125;1.1845703125;;;;;;;;;;;;;;;
24.928009033203125;-0.13427734375;-0.158935546875;1.112548828125;;;;;;;;;;;;;;;
24.931427001953125;0.02099609375;0.1279296875;1.097412109375;;;;;;;;;;;;;;;
24.934722900390625;-0.27197265625;0.20068359375;0.78271484375;;;;;;;;;;;;;;;
24.938201904296875;0.01318359375;0.38427734375;1.072021484375;;;;;;;;;;;;;;;
24.9415283203125;-0.064453125;-0.092041015625;1.030517578125;;;;;;;;;;;;;;;
24.9449462890625;0.08154296875;-0.16943359375;1.184326171875;;;;;;;;;;;;;;;
24.948272705078125;-0.22802734375;0.027099609375;0.996337890625;;;;;;;;;;;;;;;
24.951690673828125;-0.111083984375;0.044677734375;0.812744140625;;;;;;;;;;;;;;;
24.95501708984375;0.0810546875;0.211181640625;1.13671875;;;;;;;;;;;;;;;
24.958404541015625;-0.08642578125;0.066162109375;1.02587890625;;;;;;;;;;;;;;;
24.961822509765625;0.072265625;0.2314453125;1.184814453125;;;;;;;;;;;;;;;
24.9652099609375;-0.33642578125;0.1474609375;0.8369140625;;;;;;;;;;;;;;;
24.96856689453125;0.072265625;0.0361328125;0.844970703125;;;;;;;;;;;;;;;
24.971893310546875;-0.087890625;0.05859375;1.023681640625;;;;;;;;;;;;;;;
24.975250244140625;0.064453125;-0.209716796875;1.071533203125;;;;;;;;;;;;;;;
24.97857666015625;-0.00830078125;0.218505859375;1.240234375;;;;;;;;;;;;;;;
24.98193359375;-0.175048828125;-0.046630859375;0.85546875;;;;;;;;;;;;;;;
24.985321044921875;-0.005126953125;0.4130859375;0.97509765625;;;;;;;;;;;;;;;
24.98870849609375;-0.1611328125;0.072998046875;0.904052734375;;;;;;;;;;;;;;;
24.99212646484375;0.171630859375;0.154052734375;1.14111328125;;;;;;;;;;;;;;;
24.99560546875;-0.073486328125;0.044189453125;1.123046875;;;;;;;;;;;;;;;
24.99896240234375;0.11962890625;-0.045166015625;0.8564453125;;;;;;;;;;;;;;;
25.002471923828125;0.099365234375;0.2314453125;1.052490234375;;;;;;;;;;;;;;;
25.005889892578125;-0.177490234375;0.12109375;0.88427734375;;;;;;;;;;;;;;;
25.00927734375;-0.0576171875;0.2509765625;1.18408203125;;;;;;;;;;;;;;;
25.012725830078125;-0.20458984375;-0.150390625;0.962890625;;;;;;;;;;;;;;;
25.01617431640625;0.140380859375;0.031005859375;1.05419921875;;;;;;;;;;;;;;;
25.019561767578125;-0.172119140625;0.08154296875;0.9228515625;;;;;;;;;;;;;;;
25.022979736328125;0.08984375;0.239501953125;0.908203125;;;;;;;;;;;;;;;
25.026397705078125;0.119140625;0.14599609375;1.29443359375;;;;;;;;;;;;;;;
25.029754638671875;-0.177001953125;-0.128662109375;0.989501953125;;;;;;;;;;;;;;;
25.033111572265625;0.089111328125;0.167724609375;1.115966796875;;;;;;;;;;;;;;;
25.0364990234375;-0.294677734375;0.032958984375;0.730224609375;;;;;;;;;;;;;;;
25.0399169921875;0.156005859375;0.388671875;0.954345703125;;;;;;;;;;;;;;;
25.04327392578125;-0.023681640625;0.0439453125;1.152587890625;;;;;;;;;;;;;;;
25.04669189453125;-0.030517578125;0.01904296875;1.09716796875;;;;;;;;;;;;;;;
25.050140380859375;0.168701171875;0.1494140625;1.168212890625;;;;;;;;;;;;;;;
25.0535888671875;-0.258544921875;0.077392578125;0.786865234375;;;;;;;;;;;;;;;
25.05706787109375;0.068359375;0.3056640625;1.052978515625;;;;;;;;;;;;;;;
25.060516357421875;-0.026123046875;-0.19189453125;0.985595703125;;;;;;;;;;;;;;;
25.06390380859375;0.128173828125;0.09375;1.182373046875;;;;;;;;;;;;;;;
25.067230224609375;-0.257080078125;0.0419921875;0.9130859375;;;;;;;;;;;;;;;
25.070587158203125;0.009765625;0.22705078125;0.795166015625;;;;;;;;;;;;;;;
25.073974609375;-0.00732421875;0.23193359375;1.15966796875;;;;;;;;;;;;;;;
25.07733154296875;-0.24462890625;-0.13134765625;1.012939453125;;;;;;;;;;;;;;;
25.08074951171875;-0.01708984375;0.099609375;1.260009765625;;;;;;;;;;;;;;;
25.084197998046875;-0.2275390625;-0.10986328125;0.826904296875;;;;;;;;;;;;;;;
25.087554931640625;0.0927734375;0.365234375;0.878173828125;;;;;;;;;;;;;;;
25.09088134765625;-0.070556640625;0.135009765625;0.980224609375;;;;;;;;;;;;;;;
25.094390869140625;0.055419921875;0.05224609375;1.078857421875;;;;;;;;;;;;;;;
25.097747802734375;-0.021240234375;0.1767578125;1.351806640625;;;;;;;;;;;;;;;
25.10107421875;-0.275146484375;-0.163330078125;0.872802734375;;;;;;;;;;;;;;;
25.104522705078125;-0.030517578125;0.30078125;1.045654296875;;;;;;;;;;;;;;;
25.10784912109375;-0.25732421875;-0.114501953125;0.846923828125;;;;;;;;;;;;;;;
25.1112060546875;0.090576171875;0.356689453125;1.139892578125;;;;;;;;;;;;;;;
25.11468505859375;-0.0615234375;-0.048095703125;1.073486328125;;;;;;;;;;;;;;;
25.118072509765625;0.1474609375;0.239501953125;0.89501953125;;;;;;;;;;;;;;;
25.1214599609375;0.0673828125;0.165771484375;1.045654296875;;;;;;;;;;;;;;;
25.124847412109375;-0.262939453125;0.13525390625;0.899169921875;;;;;;;;;;;;;;;
25.12823486328125;-0.12744140625;0.053466796875;1.22021484375;;;;;;;;;;;;;;;
25.131622314453125;-0.072021484375;-0.318115234375;0.989501953125;;;;;;;;;;;;;;;
25.135009765625;-0.017822265625;0.19091796875;1.090087890625;;;;;;;;;;;;;;;
25.138336181640625;-0.26611328125;0.0361328125;0.884033203125;;;;;;;;;;;;;;;
25.141754150390625;0.053955078125;0.406005859375;0.97509765625;;;;;;;;;;;;;;;
25.1451416015625;-0.1923828125;0.207763671875;1.156982421875;;;;;;;;;;;;;;;
25.148529052734375;-0.017822265625;-0.08740234375;1.0439453125;;;;;;;;;;;;;;;
25.151885986328125;-0.124267578125;0.001220703125;1.146728515625;;;;;;;;;;;;;;;
25.15533447265625;-0.370849609375;-0.0927734375;0.75927734375;;;;;;;;;;;;;;;
25.158843994140625;-0.099365234375;0.413330078125;0.962890625;;;;;;;;;;;;;;;
25.162353515625;-0.109375;-0.00146484375;1.06103515625;;;;;;;;;;;;;;;
25.165679931640625;0.136474609375;0.06982421875;1.200927734375;;;;;;;;;;;;;;;
25.1690673828125;0.001220703125;0.13232421875;1.10888671875;;;;;;;;;;;;;;;
25.17242431640625;-0.22119140625;-0.01953125;0.8251953125;;;;;;;;;;;;;;;
25.175872802734375;-0.114013671875;0.312255859375;0.9970703125;;;;;;;;;;;;;;;
25.1793212890625;-0.116455078125;-0.24560546875;0.986083984375;;;;;;;;;;;;;;;
25.182708740234375;0.02490234375;0.326904296875;1.169677734375;;;;;;;;;;;;;;;
25.18609619140625;-0.150634765625;0.02001953125;0.926513671875;;;;;;;;;;;;;;;
25.189483642578125;0.109130859375;0.206298828125;0.89111328125;;;;;;;;;;;;;;;
25.192901611328125;-0.1005859375;0.228759765625;1.046630859375;;;;;;;;;;;;;;;
25.19635009765625;-0.139404296875;-0.090087890625;1.019775390625;;;;;;;;;;;;;;;
25.199676513671875;-0.133544921875;0.080322265625;1.210693359375;;;;;;;;;;;;;;;
25.203033447265625;-0.086181640625;-0.119140625;0.906005859375;;;;;;;;;;;;;;;
25.20648193359375;-0.047607421875;0.407470703125;0.966552734375;;;;;;;;;;;;;;;
25.209808349609375;-0.2275390625;0.034912109375;0.867919921875;;;;;;;;;;;;;;;
25.213226318359375;0.1796875;-0.01513671875;1.16015625;;;;;;;;;;;;;;;
25.21661376953125;-0.041015625;0.156005859375;1.17626953125;;;;;;;;;;;;;;;
25.21990966796875;-0.077392578125;-0.044677734375;0.939453125;;;;;;;;;;;;;;;
25.22332763671875;-0.1396484375;0.28076171875;0.97412109375;;;;;;;;;;;;;;;
25.2266845703125;-0.09375;-0.160888671875;0.804931640625;;;;;;;;;;;;;;;
25.230072021484375;0.02294921875;0.34716796875;1.152099609375;;;;;;;;;;;;;;;
25.233489990234375;-0.141845703125;0.048583984375;1.0029296875;;;;;;;;;;;;;;;
25.236846923828125;0.0986328125;0.161865234375;1.02099609375;;;;;;;;;;;;;;;
25.24029541015625;-0.203857421875;0.113037109375;0.96484375;;;;;;;;;;;;;;;
25.243743896484375;-0.094482421875;0.046875;0.898193359375;;;;;;;;;;;;;;;
25.247100830078125;-0.07080078125;0.05810546875;1.202392578125;;;;;;;;;;;;;;;
25.25048828125;0.033203125;-0.335693359375;1.03759765625;;;;;;;;;;;;;;;
25.25390625;-0.099853515625;0.313720703125;1.09228515625;;;;;;;;;;;;;;;
25.257293701171875;-0.151123046875;0.016845703125;0.781982421875;;;;;;;;;;;;;;;
25.2607421875;0.15087890625;0.359619140625;1.02490234375;;;;;;;;;;;;;;;
25.26409912109375;-0.202392578125;0.157958984375;1.0673828125;;;;;;;;;;;;;;;
25.267547607421875;0.112548828125;-0.149169921875;1.0703125;;;;;;;;;;;;;;;
25.27099609375;-0.174072265625;-0.017333984375;1.120849609375;;;;;;;;;;;;;;;
25.274322509765625;-0.071044921875;-0.229736328125;0.813232421875;;;;;;;;;;;;;;;
25.277740478515625;-0.10546875;0.43701171875;1.0029296875;;;;;;;;;;;;;;;
25.281158447265625;-0.17333984375;-0.0615234375;0.9609375;;;;;;;;;;;;;;;
25.284576416015625;0.135009765625;0.210205078125;1.25146484375;;;;;;;;;;;;;;;
25.287933349609375;-0.143798828125;0.031494140625;1.064697265625;;;;;;;;;;;;;;;
25.291259765625;-0.015625;-0.010009765625;0.839111328125;;;;;;;;;;;;;;;
25.294677734375;-0.056396484375;0.253173828125;0.9541015625;;;;;;;;;;;;;;;
25.298065185546875;-0.010009765625;-0.2646484375;0.982177734375;;;;;;;;;;;;;;;
25.301361083984375;-0.0068359375;0.22998046875;1.212646484375;;;;;;;;;;;;;;;
25.30474853515625;-0.1201171875;-0.052001953125;0.932373046875;;;;;;;;;;;;;;;
25.30816650390625;0.032470703125;0.293701171875;0.955078125;;;;;;;;;;;;;;;
25.311553955078125;-0.255859375;0.1005859375;0.94189453125;;;;;;;;;;;;;;;
25.315032958984375;0.014404296875;-0.112060546875;1.0546875;;;;;;;;;;;;;;;
25.318450927734375;-0.044189453125;0.07861328125;1.2138671875;;;;;;;;;;;;;;;
25.321868896484375;0.024658203125;-0.123291015625;0.96484375;;;;;;;;;;;;;;;
25.325286865234375;-0.08642578125;0.43017578125;0.978515625;;;;;;;;;;;;;;;
25.328582763671875;-0.22802734375;-0.051025390625;0.806640625;;;;;;;;;;;;;;;
25.332061767578125;0.2099609375;0.233642578125;1.23583984375;;;;;;;;;;;;;;;
25.335418701171875;-0.3623046875;0.01611328125;1.10400390625;;;;;;;;;;;;;;;
25.3387451171875;-0.224365234375;-0.0693359375;0.968017578125;;;;;;;;;;;;;;;
25.3421630859375;-0.146484375;0.158447265625;0.955078125;;;;;;;;;;;;;;;
25.345489501953125;-0.006591796875;-0.0654296875;0.829345703125;;;;;;;;;;;;;;;
25.348846435546875;0.05810546875;0.352783203125;1.13525390625;;;;;;;;;;;;;;;
25.352294921875;-0.088623046875;0.04736328125;1.05712890625;;;;;;;;;;;;;;;
25.355621337890625;-0.01220703125;0.26220703125;1.232177734375;;;;;;;;;;;;;;;
25.359039306640625;-0.352783203125;-0.105224609375;0.95654296875;;;;;;;;;;;;;;;
25.36236572265625;-0.074951171875;-0.054931640625;0.875244140625;;;;;;;;;;;;;;;
25.365692138671875;-0.055908203125;0.086669921875;0.9873046875;;;;;;;;;;;;;;;
25.3690185546875;0.112060546875;-0.109130859375;1.053955078125;;;;;;;;;;;;;;;
25.372344970703125;-0.205078125;0.443603515625;1.12353515625;;;;;;;;;;;;;;;
25.37567138671875;-0.216064453125;-0.079833984375;0.81689453125;;;;;;;;;;;;;;;
25.379150390625;0.1337890625;0.32080078125;1.054931640625;;;;;;;;;;;;;;;
25.382476806640625;-0.454345703125;0.076171875;1.029296875;;;;;;;;;;;;;;;
25.38592529296875;0.179931640625;-0.107421875;1.204833984375;;;;;;;;;;;;;;;
25.389312744140625;-0.230712890625;0.0400390625;1.101318359375;;;;;;;;;;;;;;;
25.392669677734375;0.022216796875;-0.275146484375;0.8310546875;;;;;;;;;;;;;;;
25.39605712890625;-0.109130859375;0.43359375;1.009033203125;;;;;;;;;;;;;;;
25.399444580078125;-0.296875;-0.132568359375;0.904296875;;;;;;;;;;;;;;;
25.402801513671875;0.217529296875;0.34326171875;1.259765625;;;;;;;;;;;;;;;
25.406219482421875;-0.18017578125;0.01025390625;1.12744140625;;;;;;;;;;;;;;;
25.409515380859375;-0.063232421875;0.009521484375;0.9169921875;;;;;;;;;;;;;;;
25.412841796875;-0.19140625;0.048583984375;0.86962890625;;;;;;;;;;;;;;;
25.41619873046875;0.07177734375;-0.204833984375;0.96630859375;;;;;;;;;;;;;;;
25.41949462890625;-0.0361328125;0.241943359375;1.175048828125;;;;;;;;;;;;;;;
25.42291259765625;-0.020751953125;-0.115478515625;0.994140625;;;;;;;;;;;;;;;
25.42633056640625;-0.110107421875;0.371337890625;1.042724609375;;;;;;;;;;;;;;;
25.42974853515625;-0.3857421875;0.007568359375;0.883056640625;;;;;;;;;;;;;;;
25.43310546875;0.062255859375;0.031005859375;1.12158203125;;;;;;;;;;;;;;;
25.436492919921875;-0.07275390625;-0.07080078125;1.198486328125;;;;;;;;;;;;;;;
25.43988037109375;0.087646484375;0.073486328125;0.990966796875;;;;;;;;;;;;;;;
25.44317626953125;-0.143798828125;0.306640625;0.946533203125;;;;;;;;;;;;;;;
25.44659423828125;-0.130126953125;-0.1171875;0.783447265625;;;;;;;;;;;;;;;
25.449951171875;0.116943359375;0.27392578125;1.1845703125;;;;;;;;;;;;;;;
25.4532470703125;-0.067138671875;0.068359375;1.09130859375;;;;;;;;;;;;;;;
25.45660400390625;0.1474609375;0.086181640625;1.04296875;;;;;;;;;;;;;;;
25.460052490234375;-0.141845703125;0.04638671875;0.91552734375;;;;;;;;;;;;;;;
25.46337890625;-0.007080078125;-0.012451171875;0.837890625;;;;;;;;;;;;;;;
25.466766357421875;-0.0322265625;0.224853515625;1.098388671875;;;;;;;;;;;;;;;
25.470184326171875;-0.052490234375;-0.256103515625;1.040283203125;;;;;;;;;;;;;;;
25.4736328125;-0.02490234375;0.250732421875;1.201904296875;;;;;;;;;;;;;;;
25.47705078125;-0.281982421875;-0.04736328125;0.87353515625;;;;;;;;;;;;;;;
25.48040771484375;0.117431640625;0.22998046875;0.987548828125;;;;;;;;;;;;;;;
25.483795166015625;-0.14306640625;0.0751953125;0.9296875;;;;;;;;;;;;;;;
25.4871826171875;0.091796875;0.058837890625;1.09765625;;;;;;;;;;;;;;;
25.490570068359375;-0.139892578125;0.163330078125;1.07666015625;;;;;;;;;;;;;;;
25.49395751953125;0.03271484375;-0.162109375;0.863525390625;;;;;;;;;;;;;;;
25.4974365234375;0.064453125;0.24853515625;1.078857421875;;;;;;;;;;;;;;;
25.500762939453125;-0.33154296875;-0.083251953125;0.940185546875;;;;;;;;;;;;;;;
25.504119873046875;0.252685546875;-0.058349609375;1.29345703125;;;;;;;;;;;;;;;
25.507476806640625;-0.233642578125;0.09423828125;1.02294921875;;;;;;;;;;;;;;;
25.510833740234375;0.133056640625;-0.184814453125;0.885498046875;;;;;;;;;;;;;;;
25.514251708984375;-0.097412109375;0.3349609375;0.825927734375;;;;;;;;;;;;;;;
25.517608642578125;-0.096435546875;-0.053955078125;0.903564453125;;;;;;;;;;;;;;;
25.521026611328125;0.09765625;0.308837890625;1.288330078125;;;;;;;;;;;;;;;
25.52447509765625;-0.1689453125;-0.1279296875;1.039794921875;;;;;;;;;;;;;;;
25.52777099609375;0.0986328125;0.073974609375;0.98876953125;;;;;;;;;;;;;;;
25.531097412109375;-0.2138671875;0.08154296875;0.812744140625;;;;;;;;;;;;;;;
25.534393310546875;0.106201171875;0.0966796875;0.9921875;;;;;;;;;;;;;;;
25.537811279296875;-0.015869140625;0.159912109375;1.148193359375;;;;;;;;;;;;;;;
25.541168212890625;0.0087890625;-0.158935546875;1.060546875;;;;;;;;;;;;;;;
25.544464111328125;-0.17431640625;0.2529296875;1.07177734375;;;;;;;;;;;;;;;
25.54779052734375;-0.498046875;-0.107666015625;0.79443359375;;;;;;;;;;;;;;;
25.551239013671875;0.314453125;0.08740234375;1.169677734375;;;;;;;;;;;;;;;
25.554656982421875;-0.0517578125;0.007568359375;1.11767578125;;;;;;;;;;;;;;;
25.558135986328125;0.197021484375;0.179931640625;1.07861328125;;;;;;;;;;;;;;;
25.56146240234375;-0.2197265625;0.166748046875;0.900390625;;;;;;;;;;;;;;;
25.564849853515625;0.012451171875;-0.06298828125;0.77734375;;;;;;;;;;;;;;;
25.5682373046875;-0.03759765625;0.188720703125;1.171875;;;;;;;;;;;;;;;
25.571685791015625;-0.28955078125;-0.037353515625;0.988525390625;;;;;;;;;;;;;;;
25.5750732421875;0.279052734375;0.14111328125;1.123779296875;;;;;;;;;;;;;;;
25.578582763671875;-0.240478515625;0.04833984375;0.86474609375;;;;;;;;;;;;;;;
25.581939697265625;0.191650390625;0.0791015625;0.8974609375;;;;;;;;;;;;;;;
25.58526611328125;-0.16650390625;0.156494140625;1.065185546875;;;;;;;;;;;;;;;
25.588592529296875;0.034912109375;-0.136474609375;1.082763671875;;;;;;;;;;;;;;;
25.59197998046875;-0.14892578125;0.209228515625;1.18017578125;;;;;;;;;;;;;;;
25.595458984375;-0.11962890625;-0.1650390625;0.811279296875;;;;;;;;;;;;;;;
25.59881591796875;0.27587890625;0.26611328125;1.016357421875;;;;;;;;;;;;;;;
25.602142333984375;-0.146728515625;0.183837890625;0.89013671875;;;;;;;;;;;;;;;
25.605560302734375;0.119384765625;0.1875;1.123046875;;;;;;;;;;;;;;;
25.608917236328125;-0.21875;0.037353515625;1.06201171875;;;;;;;;;;;;;;;
25.612274169921875;0.06103515625;-0.22021484375;0.922119140625;;;;;;;;;;;;;;;
25.615631103515625;-0.1103515625;0.0947265625;1.054443359375;;;;;;;;;;;;;;;
25.618988037109375;-0.280029296875;-0.007568359375;0.845458984375;;;;;;;;;;;;;;;
25.622406005859375;0.478759765625;0.080322265625;1.3603515625;;;;;;;;;;;;;;;
25.625762939453125;-0.321044921875;0.120361328125;0.965576171875;;;;;;;;;;;;;;;
25.62908935546875;0.449462890625;0.39990234375;1.020751953125;;;;;;;;;;;;;;;
25.632476806640625;-0.354248046875;0.28466796875;0.8603515625;;;;;;;;;;;;;;;
25.635772705078125;-0.25146484375;-0.01611328125;0.9033203125;;;;;;;;;;;;;;;
25.63909912109375;-0.055908203125;-0.103515625;1.2861328125;;;;;;;;;;;;;;;
25.642486572265625;-0.382080078125;-0.28076171875;0.979736328125;;;;;;;;;;;;;;;
25.64581298828125;0.0615234375;0.1259765625;1.00390625;;;;;;;;;;;;;;;
25.649200439453125;-0.141357421875;0.170654296875;0.822998046875;;;;;;;;;;;;;;;
25.652679443359375;0.116455078125;0.37158203125;1.015625;;;;;;;;;;;;;;;
25.656036376953125;0.05029296875;0.0615234375;1.119873046875;;;;;;;;;;;;;;;
25.659454345703125;0.057861328125;-0.1611328125;1.123291015625;;;;;;;;;;;;;;;
25.662841796875;-0.158447265625;0.153076171875;0.974365234375;;;;;;;;;;;;;;;
25.66619873046875;-0.361572265625;-0.16015625;0.785400390625;;;;;;;;;;;;;;;
25.66961669921875;0.2177734375;0.125244140625;1.176513671875;;;;;;;;;;;;;;;
25.672943115234375;-0.08349609375;0.0029296875;1.007568359375;;;;;;;;;;;;;;;
25.67626953125;0.16064453125;0.3720703125;1.113037109375;;;;;;;;;;;;;;;
25.679656982421875;-0.228271484375;0.139404296875;0.863037109375;;;;;;;;;;;;;;;
25.683013916015625;0.117431640625;0.088623046875;0.910888671875;;;;;;;;;;;;;;;
25.6864013671875;0.0859375;0.107177734375;1.1279296875;;;;;;;;;;;;;;;
25.689788818359375;-0.0888671875;-0.09228515625;1.0771484375;;;;;;;;;;;;;;;
25.69317626953125;-0.07666015625;0.067626953125;1.249755859375;;;;;;;;;;;;;;;
25.69659423828125;-0.273193359375;-0.04833984375;0.8212890625;;;;;;;;;;;;;;;
25.70001220703125;0.155517578125;0.27978515625;0.95166015625;;;;;;;;;;;;;;;
25.703369140625;-0.255615234375;0.17431640625;1.015869140625;;;;;;;;;;;;;;;
25.70672607421875;0.022216796875;0.07958984375;1.0869140625;;;;;;;;;;;;;;;
25.710205078125;-0.110595703125;0.1826171875;1.177734375;;;;;;;;;;;;;;;
25.71368408203125;-0.014404296875;-0.14892578125;0.86669921875;;;;;;;;;;;;;;;
25.717041015625;0.09326171875;0.19970703125;1.040771484375;;;;;;;;;;;;;;;
25.72039794921875;-0.135498046875;0.154296875;0.875244140625;;;;;;;;;;;;;;;
25.723846435546875;-0.002685546875;0.287353515625;1.15771484375;;;;;;;;;;;;;;;
25.72723388671875;-0.200927734375;-0.0087890625;1.025390625;;;;;;;;;;;;;;;
25.730621337890625;0.11474609375;-0.13330078125;0.99072265625;;;;;;;;;;;;;;;
25.734039306640625;-0.167236328125;0.077880859375;0.99951171875;;;;;;;;;;;;;;;
25.737457275390625;-0.140380859375;0.05615234375;0.89501953125;;;;;;;;;;;;;;;
25.740875244140625;0.078369140625;0.119140625;1.26025390625;;;;;;;;;;;;;;;
25.7442626953125;-0.059326171875;0.07861328125;1.020751953125;;;;;;;;;;;;;;;
25.747650146484375;0.10498046875;0.265869140625;1.0205078125;;;;;;;;;;;;;;;
25.751068115234375;-0.2607421875;0.189453125;0.76025390625;;;;;;;;;;;;;;;
25.754486083984375;0.07080078125;0.066650390625;0.911376953125;;;;;;;;;;;;;;;
25.757781982421875;0.033203125;0.02001953125;1.1943359375;;;;;;;;;;;;;;;
25.76123046875;-0.05419921875;-0.211181640625;1.1015625;;;;;;;;;;;;;;;
25.764556884765625;-0.162109375;0.20068359375;1.102294921875;;;;;;;;;;;;;;;
25.76788330078125;-0.163818359375;-0.02783203125;0.813232421875;;;;;;;;;;;;;;;
25.771240234375;-0.0517578125;0.414306640625;1.033447265625;;;;;;;;;;;;;;;
25.77459716796875;-0.085205078125;0.028564453125;1.058837890625;;;;;;;;;;;;;;;
25.77801513671875;0.0185546875;0.185791015625;1.13671875;;;;;;;;;;;;;;;
25.781402587890625;-0.1455078125;0.105712890625;0.96826171875;;;;;;;;;;;;;;;
25.78472900390625;-0.202880859375;-0.048828125;0.76318359375;;;;;;;;;;;;;;;
25.788116455078125;0.19189453125;0.26025390625;1.145751953125;;;;;;;;;;;;;;;
25.79144287109375;-0.085205078125;-0.070556640625;1.02099609375;;;;;;;;;;;;;;;
25.794891357421875;0.1494140625;0.3046875;1.178466796875;;;;;;;;;;;;;;;
25.7982177734375;-0.32666015625;-0.08740234375;0.822509765625;;;;;;;;;;;;;;;
25.801605224609375;0.143310546875;0.1787109375;0.92626953125;;;;;;;;;;;;;;;
25.804962158203125;-0.080810546875;0.166748046875;1.045166015625;;;;;;;;;;;;;;;
25.808319091796875;0.008544921875;-0.096923828125;0.996337890625;;;;;;;;;;;;;;;
25.81170654296875;0.259033203125;0.139404296875;1.329833984375;;;;;;;;;;;;;;;
25.8150634765625;-0.167236328125;-0.166259765625;0.848876953125;;;;;;;;;;;;;;;
25.818450927734375;0.1015625;0.3115234375;1.01171875;;;;;;;;;;;;;;;
25.821807861328125;-0.348388671875;0.067138671875;0.781005859375;;;;;;;;;;;;;;;
25.825225830078125;0.0810546875;0.275146484375;1.07666015625;;;;;;;;;;;;;;;
25.82861328125;0.017578125;0.15234375;1.1376953125;;;;;;;;;;;;;;;
25.83209228515625;0.0576171875;0.01123046875;1.006103515625;;;;;;;;;;;;;;;
25.835418701171875;0.20361328125;0.17724609375;1.091796875;;;;;;;;;;;;;;;
25.838775634765625;-0.2802734375;0.14404296875;0.835205078125;;;;;;;;;;;;;;;
25.84210205078125;0.086669921875;0.169921875;1.173583984375;;;;;;;;;;;;;;;
25.845428466796875;-0.2197265625;-0.194091796875;0.969970703125;;;;;;;;;;;;;;;
25.8487548828125;0.198974609375;-0.057861328125;1.06982421875;;;;;;;;;;;;;;;
25.852142333984375;-0.321533203125;0.176025390625;0.9453125;;;;;;;;;;;;;;;
25.85546875;-0.064453125;0.25048828125;0.84521484375;;;;;;;;;;;;;;;
25.858856201171875;0.382080078125;0.20458984375;1.321044921875;;;;;;;;;;;;;;;
25.86224365234375;-0.205078125;-0.049560546875;1.001708984375;;;;;;;;;;;;;;;
25.865570068359375;0.09228515625;0.146484375;1.113525390625;;;;;;;;;;;;;;;
25.86895751953125;-0.346923828125;0.032958984375;0.71630859375;;;;;;;;;;;;;;;
25.872314453125;0.117431640625;0.275146484375;0.94775390625;;;;;;;;;;;;;;;
25.875640869140625;0.064208984375;0.017822265625;1.154296875;;;;;;;;;;;;;;;
25.8790283203125;-0.135986328125;-0.1142578125;1.103515625;;;;;;;;;;;;;;;
25.88250732421875;-0.003173828125;0.248046875;1.12060546875;;;;;;;;;;;;;;;
25.8858642578125;-0.272705078125;0.0107421875;0.78076171875;;;;;;;;;;;;;;;
25.889251708984375;0.041259765625;0.496826171875;1.036376953125;;;;;;;;;;;;;;;
25.892608642578125;-0.103759765625;-0.14794921875;1.002685546875;;;;;;;;;;;;;;;
25.896026611328125;0.123779296875;0.27685546875;1.204345703125;;;;;;;;;;;;;;;
25.89935302734375;-0.27783203125;-0.041015625;0.9189453125;;;;;;;;;;;;;;;
25.90277099609375;0.268310546875;0.053466796875;0.783203125;;;;;;;;;;;;;;;
25.90618896484375;0.26904296875;0.3046875;1.15771484375;;;;;;;;;;;;;;;
25.909637451171875;-0.261962890625;0.039794921875;0.9912109375;;;;;;;;;;;;;;;
25.913055419921875;-0.1611328125;0.29296875;1.25732421875;;;;;;;;;;;;;;;
25.91644287109375;-0.368408203125;-0.337890625;0.840087890625;;;;;;;;;;;;;;;
25.919830322265625;0.14013671875;0.276123046875;0.9658203125;;;;;;;;;;;;;;;
25.923248291015625;-0.264892578125;-0.05419921875;0.980224609375;;;;;;;;;;;;;;;
25.9266357421875;0.0966796875;0.269287109375;1.05322265625;;;;;;;;;;;;;;;
25.930023193359375;0.146484375;0.185546875;1.28369140625;;;;;;;;;;;;;;;
25.933441162109375;-0.140869140625;-0.060791015625;0.88916015625;;;;;;;;;;;;;;;
25.936798095703125;-0.05322265625;0.113037109375;1.030029296875;;;;;;;;;;;;;;;
25.940185546875;-0.2802734375;-0.05322265625;0.787109375;;;;;;;;;;;;;;;
25.943695068359375;0.04345703125;0.3212890625;1.13232421875;;;;;;;;;;;;;;;
25.947052001953125;-0.141845703125;-0.0888671875;1.070556640625;;;;;;;;;;;;;;;
25.950439453125;0.189453125;0.02294921875;1.11181640625;;;;;;;;;;;;;;;
25.95379638671875;0.0126953125;0.14111328125;1.0224609375;;;;;;;;;;;;;;;
25.95721435546875;-0.139892578125;0.059326171875;0.88134765625;;;;;;;;;;;;;;;
25.960662841796875;-0.052734375;0.169189453125;1.141845703125;;;;;;;;;;;;;;;
25.964019775390625;-0.09814453125;-0.2763671875;1.000732421875;;;;;;;;;;;;;;;
25.9674072265625;-0.0498046875;0.39501953125;1.07958984375;;;;;;;;;;;;;;;
25.9708251953125;-0.2548828125;0.084228515625;0.75048828125;;;;;;;;;;;;;;;
25.974151611328125;0.057373046875;0.288818359375;0.921142578125;;;;;;;;;;;;;;;
25.977508544921875;0.064208984375;0.16943359375;1.207763671875;;;;;;;;;;;;;;;
25.98095703125;-0.09228515625;-0.171142578125;1.12109375;;;;;;;;;;;;;;;
25.984375;-0.07080078125;0.07568359375;1.112060546875;;;;;;;;;;;;;;;
25.987884521484375;-0.194580078125;-0.08203125;0.765625;;;;;;;;;;;;;;;
25.991302490234375;-0.06494140625;0.427490234375;0.99658203125;;;;;;;;;;;;;;;
25.994659423828125;-0.12841796875;0.021728515625;1.060302734375;;;;;;;;;;;;;;;
25.99798583984375;0.04052734375;0.029052734375;1.187255859375;;;;;;;;;;;;;;;
26.00140380859375;-0.13720703125;0.14501953125;1.09130859375;;;;;;;;;;;;;;;
26.004791259765625;-0.201416015625;-0.103759765625;0.813232421875;;;;;;;;;;;;;;;
26.00823974609375;-0.054443359375;0.350830078125;1.017333984375;;;;;;;;;;;;;;;
26.011627197265625;-0.01416015625;-0.308349609375;0.96240234375;;;;;;;;;;;;;;;
26.014984130859375;0.087890625;0.3544921875;1.2109375;;;;;;;;;;;;;;;
26.018310546875;-0.21728515625;0.026123046875;0.918701171875;;;;;;;;;;;;;;;
26.0216064453125;0.143310546875;0.2041015625;0.850341796875;;;;;;;;;;;;;;;
26.0250244140625;-0.09033203125;0.18798828125;1.033447265625;;;;;;;;;;;;;;;
26.028411865234375;-0.115966796875;-0.080810546875;1.048095703125;;;;;;;;;;;;;;;
26.031768798828125;-0.126708984375;0.151123046875;1.2470703125;;;;;;;;;;;;;;;
26.03509521484375;-0.161865234375;-0.418212890625;0.906494140625;;;;;;;;;;;;;;;
26.0384521484375;-0.00146484375;0.2978515625;0.9853515625;;;;;;;;;;;;;;;
26.041839599609375;-0.2900390625;0.052001953125;0.8916015625;;;;;;;;;;;;;;;
26.045196533203125;0.234130859375;0.32958984375;1.13134765625;;;;;;;;;;;;;;;
26.048583984375;-0.1552734375;0.23681640625;1.172119140625;;;;;;;;;;;;;;;
26.052032470703125;-0.02294921875;-0.12109375;0.958251953125;;;;;;;;;;;;;;;
26.05535888671875;-0.216064453125;0.048828125;0.994873046875;;;;;;;;;;;;;;;
26.0587158203125;-0.15283203125;-0.16162109375;0.8037109375;;;;;;;;;;;;;;;
26.062164306640625;-0.0234375;0.3203125;1.136474609375;;;;;;;;;;;;;;;
26.065582275390625;-0.09521484375;-0.12451171875;1.04248046875;;;;;;;;;;;;;;;
26.069000244140625;0.166259765625;0.1279296875;1.21533203125;;;;;;;;;;;;;;;
26.0723876953125;-0.507080078125;0.157470703125;1.00244140625;;;;;;;;;;;;;;;
26.0758056640625;-0.156982421875;0.076416015625;0.87255859375;;;;;;;;;;;;;;;
26.079193115234375;-0.15380859375;0.2265625;1.0908203125;;;;;;;;;;;;;;;
26.08251953125;0.139404296875;-0.356201171875;1.01953125;;;;;;;;;;;;;;;
26.0859375;-0.0849609375;0.29052734375;1.115234375;;;;;;;;;;;;;;;
26.089324951171875;-0.230712890625;-0.004150390625;0.795654296875;;;;;;;;;;;;;;;
26.0927734375;0.22021484375;0.33349609375;1.015869140625;;;;;;;;;;;;;;;
26.09625244140625;-0.438720703125;0.06884765625;1.04931640625;;;;;;;;;;;;;;;
26.099609375;0.1962890625;-0.21533203125;1.18701171875;;;;;;;;;;;;;;;
26.1029052734375;-0.21826171875;0.136962890625;1.16357421875;;;;;;;;;;;;;;;
26.106292724609375;-0.290283203125;-0.133056640625;0.71240234375;;;;;;;;;;;;;;;
26.109710693359375;0.19970703125;0.529052734375;1.006103515625;;;;;;;;;;;;;;;
26.11309814453125;-0.12744140625;-0.04345703125;1.00341796875;;;;;;;;;;;;;;;
26.11651611328125;0.34912109375;0.196044921875;1.28759765625;;;;;;;;;;;;;;;
26.119842529296875;-0.396240234375;0.005126953125;1.068115234375;;;;;;;;;;;;;;;
26.123199462890625;-0.270263671875;-0.075927734375;0.828857421875;;;;;;;;;;;;;;;
26.126556396484375;-0.121826171875;0.235107421875;0.951416015625;;;;;;;;;;;;;;;
26.1298828125;-0.052978515625;-0.272705078125;0.9462890625;;;;;;;;;;;;;;;
26.13330078125;-0.021484375;0.381591796875;1.163330078125;;;;;;;;;;;;;;;
26.13671875;-0.1171875;0.111083984375;0.97412109375;;;;;;;;;;;;;;;
26.140106201171875;0.07568359375;0.3037109375;1.095947265625;;;;;;;;;;;;;;;
26.14361572265625;-0.369873046875;-0.02978515625;0.974853515625;;;;;;;;;;;;;;;
26.14703369140625;-0.008056640625;-0.1923828125;1.02001953125;;;;;;;;;;;;;;;
26.150482177734375;-0.00634765625;-0.015869140625;1.22021484375;;;;;;;;;;;;;;;
26.153839111328125;0.010009765625;-0.13671875;0.95263671875;;;;;;;;;;;;;;;
26.15728759765625;-0.11962890625;0.377197265625;0.97314453125;;;;;;;;;;;;;;;
26.160736083984375;-0.211669921875;0.10595703125;0.808349609375;;;;;;;;;;;;;;;
26.164093017578125;0.25390625;0.305419921875;1.187744140625;;;;;;;;;;;;;;;
26.16748046875;-0.3896484375;0.09912109375;1.133544921875;;;;;;;;;;;;;;;
26.1708984375;0.054931640625;-0.1435546875;0.972900390625;;;;;;;;;;;;;;;
26.17425537109375;-0.209228515625;0.0205078125;0.970947265625;;;;;;;;;;;;;;;
26.177642822265625;-0.075927734375;-0.189453125;0.78662109375;;;;;;;;;;;;;;;
26.181060791015625;0.04638671875;0.312744140625;1.12548828125;;;;;;;;;;;;;;;
26.1844482421875;-0.103271484375;-0.195556640625;1.028076171875;;;;;;;;;;;;;;;
26.1878662109375;0.125732421875;0.263916015625;1.217529296875;;;;;;;;;;;;;;;
26.191253662109375;-0.380615234375;0.081787109375;0.995361328125;;;;;;;;;;;;;;;
26.194580078125;-0.19140625;0.1591796875;0.854248046875;;;;;;;;;;;;;;;
26.19793701171875;-0.010009765625;0.095703125;1.033203125;;;;;;;;;;;;;;;
26.201324462890625;0.11083984375;-0.32763671875;1.059814453125;;;;;;;;;;;;;;;
26.204681396484375;-0.068603515625;0.215576171875;1.140380859375;;;;;;;;;;;;;;;
26.208038330078125;-0.1953125;-0.169677734375;0.79248046875;;;;;;;;;;;;;;;
26.21136474609375;0.00732421875;0.431884765625;1.013427734375;;;;;;;;;;;;;;;
26.2147216796875;-0.280517578125;0.088134765625;1.036865234375;;;;;;;;;;;;;;;
26.218109130859375;0.06005859375;0.0419921875;1.16357421875;;;;;;;;;;;;;;;
26.221527099609375;-0.10595703125;-0.009765625;1.123046875;;;;;;;;;;;;;;;
26.22491455078125;-0.072265625;-0.071044921875;0.82080078125;;;;;;;;;;;;;;;
26.228302001953125;0.011962890625;0.297119140625;0.947021484375;;;;;;;;;;;;;;;
26.231658935546875;-0.066162109375;-0.181884765625;0.90869140625;;;;;;;;;;;;;;;
26.235076904296875;0.23779296875;0.335693359375;1.26904296875;;;;;;;;;;;;;;;
26.23846435546875;-0.15380859375;0.07568359375;1.061767578125;;;;;;;;;;;;;;;
26.241943359375;-0.0205078125;0.131103515625;0.899169921875;;;;;;;;;;;;;;;
26.245361328125;-0.167236328125;0.0263671875;0.903076171875;;;;;;;;;;;;;;;
26.24871826171875;0.057861328125;-0.19921875;0.942626953125;;;;;;;;;;;;;;;
26.252166748046875;-0.0595703125;0.17822265625;1.184326171875;;;;;;;;;;;;;;;
26.25555419921875;0.0009765625;-0.178955078125;0.98828125;;;;;;;;;;;;;;;
26.258880615234375;-0.04638671875;0.306884765625;1.0908203125;;;;;;;;;;;;;;;
26.2623291015625;-0.304443359375;0.032470703125;0.885498046875;;;;;;;;;;;;;;;
26.265716552734375;0.064208984375;0.23388671875;1.077880859375;;;;;;;;;;;;;;;
26.2691650390625;-0.027099609375;-0.058349609375;1.052978515625;;;;;;;;;;;;;;;
26.272552490234375;0.07666015625;-0.00390625;1.0166015625;;;;;;;;;;;;;;;
26.27593994140625;0.007080078125;0.328125;0.94580078125;;;;;;;;;;;;;;;
26.279296875;-0.052734375;-0.021484375;0.810791015625;;;;;;;;;;;;;;;
26.282684326171875;0.1162109375;0.2900390625;1.20947265625;;;;;;;;;;;;;;;
26.2861328125;-0.1455078125;0.053955078125;1.077880859375;;;;;;;;;;;;;;;
26.289581298828125;0.1044921875;-0.01171875;1.255859375;;;;;;;;;;;;;;;
26.29296875;-0.167236328125;0.01123046875;0.91748046875;;;;;;;;;;;;;;;
26.29632568359375;0.0595703125;-0.170654296875;0.84912109375;;;;;;;;;;;;;;;
26.29974365234375;-0.06787109375;0.282958984375;0.98974609375;;;;;;;;;;;;;;;
26.30316162109375;-0.0341796875;-0.180419921875;1.00537109375;;;;;;;;;;;;;;;
26.3065185546875;-0.040771484375;0.30029296875;1.2568359375;;;;;;;;;;;;;;;
26.309844970703125;-0.272216796875;-0.03271484375;0.863525390625;;;;;;;;;;;;;;;
26.31317138671875;0.041748046875;0.195068359375;0.949951171875;;;;;;;;;;;;;;;
26.316650390625;-0.153564453125;0.086181640625;0.959716796875;;;;;;;;;;;;;;;
26.32000732421875;0.112060546875;-0.216064453125;1.093994140625;;;;;;;;;;;;;;;
26.32342529296875;-0.151123046875;0.189208984375;1.1220703125;;;;;;;;;;;;;;;
26.326812744140625;-0.033935546875;-0.18701171875;0.84033203125;;;;;;;;;;;;;;;
26.33013916015625;-0.17431640625;0.357421875;1.0869140625;;;;;;;;;;;;;;;
26.333587646484375;-0.440185546875;-0.022705078125;0.9560546875;;;;;;;;;;;;;;;
26.3369140625;0.138427734375;0.012451171875;1.239013671875;;;;;;;;;;;;;;;
26.340301513671875;-0.12109375;0.068359375;1.0986328125;;;;;;;;;;;;;;;
26.34375;0.054931640625;0.0517578125;0.89111328125;;;;;;;;;;;;;;;
26.34716796875;-0.140380859375;0.313720703125;0.9189453125;;;;;;;;;;;;;;;
26.3505859375;-0.05859375;-0.22021484375;0.90185546875;;;;;;;;;;;;;;;
26.35400390625;0.104248046875;0.181396484375;1.2939453125;;;;;;;;;;;;;;;
26.35736083984375;-0.29638671875;-0.07666015625;1.03173828125;;;;;;;;;;;;;;;
26.36077880859375;0.107177734375;0.19873046875;0.9365234375;;;;;;;;;;;;;;;
26.36419677734375;-0.16064453125;0.158935546875;0.86474609375;;;;;;;;;;;;;;;
26.367584228515625;0.04150390625;-0.019287109375;0.977294921875;;;;;;;;;;;;;;;
26.371063232421875;-0.05419921875;0.1240234375;1.19775390625;;;;;;;;;;;;;;;
26.37445068359375;-0.010009765625;-0.225341796875;1.0361328125;;;;;;;;;;;;;;;
26.37786865234375;-0.158935546875;0.229248046875;1.0673828125;;;;;;;;;;;;;;;
26.38128662109375;-0.27880859375;-0.104736328125;0.802490234375;;;;;;;;;;;;;;;
26.38470458984375;0.259521484375;0.321044921875;1.082275390625;;;;;;;;;;;;;;;
26.388092041015625;-0.02783203125;0.041748046875;1.013916015625;;;;;;;;;;;;;;;
26.391510009765625;0.16259765625;0.168701171875;1.05712890625;;;;;;;;;;;;;;;
26.3948974609375;-0.205322265625;0.04248046875;0.95849609375;;;;;;;;;;;;;;;
26.398345947265625;-0.044677734375;-0.0947265625;0.7978515625;;;;;;;;;;;;;;;
26.40167236328125;0.130615234375;0.15185546875;1.189453125;;;;;;;;;;;;;;;
26.40509033203125;-0.398193359375;-0.1796875;0.998291015625;;;;;;;;;;;;;;;
26.408447265625;0.3193359375;0.046142578125;1.257080078125;;;;;;;;;;;;;;;
26.41180419921875;-0.2216796875;0.08203125;0.89111328125;;;;;;;;;;;;;;;
26.4151611328125;0.177978515625;0.4140625;0.856201171875;;;;;;;;;;;;;;;
26.41864013671875;-0.049072265625;0.28125;0.930908203125;;;;;;;;;;;;;;;
26.42205810546875;-0.0146484375;-0.146240234375;1.038818359375;;;;;;;;;;;;;;;
26.4254150390625;-0.05419921875;0.071044921875;1.220947265625;;;;;;;;;;;;;;;
26.42877197265625;-0.3115234375;-0.165283203125;0.88818359375;;;;;;;;;;;;;;;
26.432098388671875;0.021240234375;0.122314453125;0.963623046875;;;;;;;;;;;;;;;
26.435516357421875;-0.1474609375;-0.007080078125;0.882080078125;;;;;;;;;;;;;;;
26.43890380859375;0.19970703125;0.016845703125;1.14697265625;;;;;;;;;;;;;;;
26.4422607421875;-0.1259765625;0.255615234375;1.12451171875;;;;;;;;;;;;;;;
26.44561767578125;0.010498046875;-0.1474609375;0.91845703125;;;;;;;;;;;;;;;
26.4490966796875;-0.14111328125;0.38525390625;0.953857421875;;;;;;;;;;;;;;;
26.4525146484375;-0.36865234375;-0.16650390625;0.9296875;;;;;;;;;;;;;;;
26.455841064453125;0.189208984375;0.028564453125;1.256103515625;;;;;;;;;;;;;;;
26.459197998046875;-0.059814453125;-0.09423828125;1.003662109375;;;;;;;;;;;;;;;
26.462615966796875;0.191162109375;0.346923828125;0.926513671875;;;;;;;;;;;;;;;
26.4659423828125;-0.153076171875;0.2802734375;0.837158203125;;;;;;;;;;;;;;;
26.46923828125;0.06103515625;0.01953125;0.87841796875;;;;;;;;;;;;;;;
26.472625732421875;0.07080078125;0.14013671875;1.26025390625;;;;;;;;;;;;;;;
26.476043701171875;-0.056884765625;-0.084228515625;1.08544921875;;;;;;;;;;;;;;;
26.479461669921875;-0.028564453125;0.109375;1.04638671875;;;;;;;;;;;;;;;
26.482818603515625;-0.2294921875;0.03271484375;0.79638671875;;;;;;;;;;;;;;;
26.486236572265625;0.1220703125;0.2587890625;0.974609375;;;;;;;;;;;;;;;
26.489654541015625;-0.0732421875;0.130615234375;1.146728515625;;;;;;;;;;;;;;;
26.493072509765625;0.06787109375;-0.02783203125;1.080078125;;;;;;;;;;;;;;;
26.496368408203125;-0.1640625;0.206298828125;1.03515625;;;;;;;;;;;;;;;
26.499786376953125;-0.061279296875;-0.105224609375;0.8037109375;;;;;;;;;;;;;;;
26.503173828125;0.146484375;0.255859375;1.130126953125;;;;;;;;;;;;;;;
26.506561279296875;-0.004638671875;0.001708984375;1.02490234375;;;;;;;;;;;;;;;
26.509979248046875;-0.031982421875;0.36328125;1.107421875;;;;;;;;;;;;;;;
26.5133056640625;-0.150390625;0.052734375;0.903076171875;;;;;;;;;;;;;;;
26.5167236328125;-0.01513671875;-0.042236328125;0.872802734375;;;;;;;;;;;;;;;
26.52008056640625;-0.14697265625;0.13232421875;1.141845703125;;;;;;;;;;;;;;;
26.523406982421875;-0.15185546875;-0.20263671875;1.016845703125;;;;;;;;;;;;;;;
26.52679443359375;0.061767578125;0.11865234375;1.290283203125;;;;;;;;;;;;;;;
26.530120849609375;-0.102783203125;0.034912109375;0.869384765625;;;;;;;;;;;;;;;
26.53350830078125;0.13037109375;0.473388671875;0.900634765625;;;;;;;;;;;;;;;
26.536865234375;-0.178955078125;0.260986328125;0.84716796875;;;;;;;;;;;;;;;
26.540313720703125;0.03271484375;-0.078857421875;1.058349609375;;;;;;;;;;;;;;;
26.543701171875;-0.096435546875;-0.00048828125;1.22998046875;;;;;;;;;;;;;;;
26.54705810546875;-0.080078125;-0.306640625;0.921875;;;;;;;;;;;;;;;
26.5504150390625;0.19140625;0.20751953125;1.043212890625;;;;;;;;;;;;;;;
26.553802490234375;-0.127197265625;0.099853515625;0.861083984375;;;;;;;;;;;;;;;
26.557281494140625;0.0849609375;0.276611328125;1.166259765625;;;;;;;;;;;;;;;
26.560638427734375;-0.15087890625;0.11865234375;1.06201171875;;;;;;;;;;;;;;;
26.564056396484375;0.079833984375;0.1455078125;0.97509765625;;;;;;;;;;;;;;;
26.567474365234375;-0.232177734375;0.178955078125;0.927001953125;;;;;;;;;;;;;;;
26.57086181640625;-0.302490234375;-0.08203125;0.79931640625;;;;;;;;;;;;;;;
26.57421875;0.480224609375;0.120361328125;1.329345703125;;;;;;;;;;;;;;;
26.577606201171875;-0.07666015625;-0.04443359375;1.033203125;;;;;;;;;;;;;;;
26.58099365234375;0.281005859375;0.35400390625;1.013671875;;;;;;;;;;;;;;;
26.584381103515625;-0.249755859375;0.1572265625;0.781982421875;;;;;;;;;;;;;;;
26.5877685546875;0.075439453125;0.11279296875;0.945068359375;;;;;;;;;;;;;;;
26.59112548828125;0.111083984375;0.075927734375;1.26123046875;;;;;;;;;;;;;;;
26.594482421875;-0.255859375;-0.12109375;0.9970703125;;;;;;;;;;;;;;;
26.597808837890625;0.159912109375;0.146240234375;1.18017578125;;;;;;;;;;;;;;;
26.60125732421875;-0.225830078125;-0.054443359375;0.810791015625;;;;;;;;;;;;;;;
26.604644775390625;0.1552734375;0.3095703125;1.001220703125;;;;;;;;;;;;;;;
26.608062744140625;-0.14892578125;0.023193359375;0.962890625;;;;;;;;;;;;;;;
26.611480712890625;0.0654296875;0.14111328125;1.128173828125;;;;;;;;;;;;;;;
26.6148681640625;-0.228271484375;0.12451171875;1.020751953125;;;;;;;;;;;;;;;
26.618316650390625;0.095947265625;-0.05322265625;0.713623046875;;;;;;;;;;;;;;;
26.621673583984375;0.374267578125;0.261474609375;1.162841796875;;;;;;;;;;;;;;;
26.625091552734375;-0.14501953125;0.0712890625;1.009033203125;;;;;;;;;;;;;;;
26.62847900390625;-0.04541015625;0.32861328125;1.19091796875;;;;;;;;;;;;;;;
26.631805419921875;-0.3525390625;-0.13916015625;0.86474609375;;;;;;;;;;;;;;;
26.635284423828125;0.197509765625;-0.057861328125;0.887451171875;;;;;;;;;;;;;;;
26.638641357421875;-0.11572265625;0.05810546875;1.090087890625;;;;;;;;;;;;;;;
26.641998291015625;-0.10595703125;0.0966796875;0.9462890625;;;;;;;;;;;;;;;
26.645477294921875;0.396728515625;0.205322265625;1.380615234375;;;;;;;;;;;;;;;
26.64892578125;-0.3310546875;0.023681640625;0.861572265625;;;;;;;;;;;;;;;
26.652252197265625;0.159912109375;0.35205078125;0.9697265625;;;;;;;;;;;;;;;
26.6556396484375;-0.30615234375;0.14501953125;0.7685546875;;;;;;;;;;;;;;;
26.65899658203125;0.178955078125;0.05810546875;1.046142578125;;;;;;;;;;;;;;;
26.662353515625;0.059814453125;-0.067626953125;1.22021484375;;;;;;;;;;;;;;;
26.665771484375;-0.039794921875;-0.26611328125;0.95263671875;;;;;;;;;;;;;;;
26.669158935546875;0.06494140625;0.20751953125;1.048583984375;;;;;;;;;;;;;;;
26.672576904296875;-0.19189453125;0.145263671875;0.83447265625;;;;;;;;;;;;;;;
26.67596435546875;0.047607421875;0.41943359375;1.182861328125;;;;;;;;;;;;;;;
26.679351806640625;-0.089599609375;-0.056884765625;1.017578125;;;;;;;;;;;;;;;
26.6827392578125;0.101318359375;0.25146484375;1.059814453125;;;;;;;;;;;;;;;
26.68609619140625;-0.237548828125;-0.001220703125;0.859375;;;;;;;;;;;;;;;
26.689483642578125;0.178955078125;0.034423828125;0.82763671875;;;;;;;;;;;;;;;
26.69281005859375;0.323974609375;0.174560546875;1.276123046875;;;;;;;;;;;;;;;
26.696197509765625;-0.048095703125;0.0341796875;1.064208984375;;;;;;;;;;;;;;;
26.6995849609375;-0.223876953125;0.34521484375;1.1064453125;;;;;;;;;;;;;;;
26.702972412109375;-0.3291015625;-0.135009765625;0.753662109375;;;;;;;;;;;;;;;
26.706298828125;0.031982421875;0.21728515625;0.982421875;;;;;;;;;;;;;;;
26.709747314453125;0.05322265625;-0.038818359375;1.186767578125;;;;;;;;;;;;;;;
26.713165283203125;-0.08642578125;0.008544921875;1.1318359375;;;;;;;;;;;;;;;
26.71649169921875;-0.188720703125;0.073974609375;1.1240234375;;;;;;;;;;;;;;;
26.71978759765625;-0.152099609375;-0.030029296875;0.813720703125;;;;;;;;;;;;;;;
26.72314453125;-0.06591796875;0.306640625;1.01806640625;;;;;;;;;;;;;;;
26.726531982421875;-0.187744140625;0.029052734375;0.951416015625;;;;;;;;;;;;;;;
26.729888916015625;-0.02392578125;0.15966796875;1.179443359375;;;;;;;;;;;;;;;
26.733245849609375;-0.240234375;0.00146484375;0.988525390625;;;;;;;;;;;;;;;
26.736602783203125;0.135986328125;-0.04443359375;0.95166015625;;;;;;;;;;;;;;;
26.73992919921875;0.004150390625;0.274169921875;1.085693359375;;;;;;;;;;;;;;;
26.7432861328125;-0.085693359375;-0.009521484375;1.0107421875;;;;;;;;;;;;;;;
26.746673583984375;-0.1142578125;0.280517578125;1.203857421875;;;;;;;;;;;;;;;
26.750030517578125;-0.2568359375;-0.177734375;0.89892578125;;;;;;;;;;;;;;;
26.753448486328125;0.101806640625;0.07177734375;0.914794921875;;;;;;;;;;;;;;;
26.756805419921875;-0.197265625;0.109619140625;0.8154296875;;;;;;;;;;;;;;;
26.760223388671875;0.054931640625;0.126953125;1.065185546875;;;;;;;;;;;;;;;
26.763671875;-0.08740234375;0.25;1.220703125;;;;;;;;;;;;;;;
26.767181396484375;-0.087890625;-0.103515625;1.00927734375;;;;;;;;;;;;;;;
26.770599365234375;-0.0546875;0.1904296875;0.96728515625;;;;;;;;;;;;;;;
26.77398681640625;-0.207275390625;0.08251953125;0.77734375;;;;;;;;;;;;;;;
26.77734375;0.103515625;0.12548828125;1.072998046875;;;;;;;;;;;;;;;
26.780731201171875;-0.0146484375;0.066162109375;1.158203125;;;;;;;;;;;;;;;
26.7840576171875;0.060546875;-0.103271484375;1.0703125;;;;;;;;;;;;;;;
26.787384033203125;-0.200927734375;0.2451171875;1.02685546875;;;;;;;;;;;;;;;
26.790771484375;-0.19970703125;-0.021484375;0.854248046875;;;;;;;;;;;;;;;
26.794097900390625;-0.058349609375;0.34375;1.112548828125;;;;;;;;;;;;;;;
26.7974853515625;0.02490234375;-0.1611328125;1.019775390625;;;;;;;;;;;;;;;
26.800872802734375;0.084228515625;0.32421875;1.087158203125;;;;;;;;;;;;;;;
26.80426025390625;-0.227294921875;0.088134765625;0.786865234375;;;;;;;;;;;;;;;
26.8076171875;0.24169921875;0.139892578125;0.86328125;;;;;;;;;;;;;;;
26.81097412109375;0.1640625;0.188232421875;1.20166015625;;;;;;;;;;;;;;;
26.814361572265625;-0.043212890625;-0.137451171875;1.083740234375;;;;;;;;;;;;;;;
26.81781005859375;-0.2685546875;0.25048828125;1.134521484375;;;;;;;;;;;;;;;
26.821197509765625;-0.3232421875;-0.206787109375;0.74609375;;;;;;;;;;;;;;;
26.824493408203125;0.02734375;0.36376953125;0.960205078125;;;;;;;;;;;;;;;
26.82794189453125;-0.14697265625;0.051513671875;1.089111328125;;;;;;;;;;;;;;;
26.831268310546875;0.098388671875;0.142333984375;1.14111328125;;;;;;;;;;;;;;;
26.83465576171875;-0.0146484375;0.082763671875;1.13818359375;;;;;;;;;;;;;;;
26.838104248046875;-0.093994140625;-0.129150390625;0.792724609375;;;;;;;;;;;;;;;
26.84149169921875;0.003662109375;0.246337890625;1.0048828125;;;;;;;;;;;;;;;
26.84490966796875;-0.105224609375;-0.029296875;0.904296875;;;;;;;;;;;;;;;
26.848297119140625;0.0361328125;0.37939453125;1.17041015625;;;;;;;;;;;;;;;
26.851715087890625;-0.221435546875;-0.098388671875;0.97607421875;;;;;;;;;;;;;;;
26.855133056640625;0.227783203125;0.0595703125;1.002197265625;;;;;;;;;;;;;;;
26.858489990234375;-0.22412109375;0.118896484375;1.1064453125;;;;;;;;;;;;;;;
26.861968994140625;-0.1796875;0.0234375;0.96826171875;;;;;;;;;;;;;;;
26.865325927734375;-0.0361328125;0.134765625;1.217041015625;;;;;;;;;;;;;;;
26.868621826171875;-0.316162109375;-0.20947265625;0.857421875;;;;;;;;;;;;;;;
26.87200927734375;0.15625;0.38623046875;0.975830078125;;;;;;;;;;;;;;;
26.875396728515625;-0.25537109375;0.115966796875;0.76708984375;;;;;;;;;;;;;;;
26.878753662109375;0.129150390625;0.275390625;1.043701171875;;;;;;;;;;;;;;;
26.8822021484375;0.20849609375;-0.01953125;1.295654296875;;;;;;;;;;;;;;;
26.8856201171875;-0.23828125;-0.084716796875;1.024658203125;;;;;;;;;;;;;;;
26.889007568359375;-0.054443359375;0.005859375;1.020751953125;;;;;;;;;;;;;;;
26.892486572265625;-0.256103515625;-0.005126953125;0.7294921875;;;;;;;;;;;;;;;
26.895843505859375;0.081298828125;0.3369140625;1.1103515625;;;;;;;;;;;;;;;
26.8992919921875;-0.10009765625;-0.048095703125;1.05126953125;;;;;;;;;;;;;;;
26.90264892578125;0.174072265625;0.066162109375;1.16259765625;;;;;;;;;;;;;;;
26.905975341796875;-0.14306640625;0.11572265625;0.96044921875;;;;;;;;;;;;;;;
26.90936279296875;-0.203857421875;0.095703125;0.834716796875;;;;;;;;;;;;;;;
26.9127197265625;-0.0283203125;0.134033203125;1.1279296875;;;;;;;;;;;;;;;
26.916107177734375;0.04296875;-0.28466796875;1.044677734375;;;;;;;;;;;;;;;
26.9195556640625;0.0634765625;0.325927734375;1.144287109375;;;;;;;;;;;;;;;
26.9228515625;-0.276611328125;-0.0029296875;0.765380859375;;;;;;;;;;;;;;;
26.926239013671875;0.189697265625;0.34912109375;0.923583984375;;;;;;;;;;;;;;;
26.92962646484375;0.02001953125;0.127685546875;1.192626953125;;;;;;;;;;;;;;;
26.933013916015625;-0.244140625;-0.042236328125;1.072998046875;;;;;;;;;;;;;;;
26.936370849609375;-0.17431640625;0.01953125;1.185546875;;;;;;;;;;;;;;;
26.939788818359375;-0.212890625;-0.24755859375;0.766845703125;;;;;;;;;;;;;;;
26.943115234375;-0.02392578125;0.40869140625;0.997802734375;;;;;;;;;;;;;;;
26.946502685546875;-0.34619140625;-0.049560546875;1.0361328125;;;;;;;;;;;;;;;
26.949981689453125;0.08740234375;0.327880859375;1.178955078125;;;;;;;;;;;;;;;
26.953460693359375;0.041015625;0.108154296875;1.144775390625;;;;;;;;;;;;;;;
26.956787109375;-0.05224609375;0.00927734375;0.83056640625;;;;;;;;;;;;;;;
26.9600830078125;-0.04443359375;0.07275390625;1.009521484375;;;;;;;;;;;;;;;
26.96343994140625;-0.150634765625;-0.135498046875;0.92626953125;;;;;;;;;;;;;;;
26.966796875;-0.041015625;0.305419921875;1.21337890625;;;;;;;;;;;;;;;
26.970184326171875;-0.26416015625;-0.203857421875;0.956787109375;;;;;;;;;;;;;;;
26.973602294921875;0.261962890625;0.179931640625;1.080078125;;;;;;;;;;;;;;;
26.977020263671875;-0.416748046875;0.103515625;1.03759765625;;;;;;;;;;;;;;;
26.98040771484375;-0.1650390625;0.15771484375;1.010009765625;;;;;;;;;;;;;;;
26.98382568359375;-0.120361328125;0.0439453125;1.154541015625;;;;;;;;;;;;;;;
26.9871826171875;0.09375;-0.254638671875;0.923583984375;;;;;;;;;;;;;;;
26.9906005859375;0.0078125;0.251953125;0.9921875;;;;;;;;;;;;;;;
26.99395751953125;-0.224609375;0.048828125;0.766845703125;;;;;;;;;;;;;;;
26.997406005859375;0.09130859375;0.31640625;1.13134765625;;;;;;;;;;;;;;;
27.000762939453125;0.041015625;-0.055419921875;1.19189453125;;;;;;;;;;;;;;;
27.00408935546875;-0.044921875;-0.05810546875;1.122314453125;;;;;;;;;;;;;;;
27.0074462890625;-0.216796875;-0.040771484375;0.999755859375;;;;;;;;;;;;;;;
27.0108642578125;-0.109130859375;0.015869140625;0.7880859375;;;;;;;;;;;;;;;
27.0142822265625;-0.0263671875;0.3515625;1.084716796875;;;;;;;;;;;;;;;
27.017730712890625;-0.172607421875;-0.138671875;1.0107421875;;;;;;;;;;;;;;;
27.021026611328125;0.120361328125;0.29443359375;1.231201171875;;;;;;;;;;;;;;;
27.024383544921875;-0.2197265625;0.056640625;0.880859375;;;;;;;;;;;;;;;
27.027801513671875;-0.067138671875;0.164794921875;0.875244140625;;;;;;;;;;;;;;;
27.03118896484375;-0.054443359375;0.009033203125;1.047119140625;;;;;;;;;;;;;;;
27.03460693359375;0.105712890625;-0.347900390625;1.076416015625;;;;;;;;;;;;;;;
27.0379638671875;-0.070556640625;0.209228515625;1.141357421875;;;;;;;;;;;;;;;
27.041351318359375;-0.163818359375;-0.1767578125;0.776123046875;;;;;;;;;;;;;;;
27.044769287109375;0.054931640625;0.3291015625;1.087646484375;;;;;;;;;;;;;;;
27.048126220703125;-0.125;0.12548828125;1.0390625;;;;;;;;;;;;;;;
27.05145263671875;0.01416015625;-0.06396484375;1.162109375;;;;;;;;;;;;;;;
27.054931640625;-0.19140625;-0.04541015625;1.074462890625;;;;;;;;;;;;;;;
27.058349609375;-0.13818359375;-0.1708984375;0.829345703125;;;;;;;;;;;;;;;
27.061676025390625;-0.0185546875;0.332275390625;0.9384765625;;;;;;;;;;;;;;;
27.065093994140625;-0.027587890625;0.000732421875;0.85791015625;;;;;;;;;;;;;;;
27.06854248046875;0.264404296875;0.3037109375;1.267333984375;;;;;;;;;;;;;;;
27.072021484375;-0.161376953125;0.141845703125;1.05419921875;;;;;;;;;;;;;;;
27.07537841796875;0.0625;0.017333984375;0.883544921875;;;;;;;;;;;;;;;
27.078704833984375;-0.1337890625;-0.02197265625;0.935546875;;;;;;;;;;;;;;;
27.082122802734375;-0.001220703125;-0.274658203125;0.92626953125;;;;;;;;;;;;;;;
27.08563232421875;0.060791015625;0.179443359375;1.203369140625;;;;;;;;;;;;;;;
27.089080810546875;-0.116455078125;-0.11865234375;0.97802734375;;;;;;;;;;;;;;;
27.092437744140625;0.0849609375;0.293701171875;1.107177734375;;;;;;;;;;;;;;;
27.095855712890625;-0.352783203125;0.119873046875;0.89306640625;;;;;;;;;;;;;;;
27.09918212890625;-0.038330078125;0.1318359375;1.02783203125;;;;;;;;;;;;;;;
27.10260009765625;-0.0302734375;-0.011474609375;1.09375;;;;;;;;;;;;;;;
27.105926513671875;0.114013671875;-0.189697265625;1.00830078125;;;;;;;;;;;;;;;
27.109375;-0.0693359375;0.152099609375;0.988037109375;;;;;;;;;;;;;;;
27.112762451171875;-0.104248046875;0.067626953125;0.788818359375;;;;;;;;;;;;;;;
27.11614990234375;-0.122314453125;0.31787109375;1.204833984375;;;;;;;;;;;;;;;
27.119598388671875;-0.364013671875;-0.08349609375;1.052734375;;;;;;;;;;;;;;;
27.123016357421875;0.101318359375;-0.07275390625;1.197509765625;;;;;;;;;;;;;;;
27.12640380859375;-0.24462890625;0.057373046875;0.987548828125;;;;;;;;;;;;;;;
27.129791259765625;-0.00390625;0.143310546875;0.81494140625;;;;;;;;;;;;;;;
27.13311767578125;-0.05810546875;0.348388671875;1.036376953125;;;;;;;;;;;;;;;
27.136505126953125;-0.0126953125;-0.21142578125;1.017822265625;;;;;;;;;;;;;;;
27.139862060546875;0.024658203125;0.1728515625;1.27294921875;;;;;;;;;;;;;;;
27.1431884765625;-0.394287109375;0.000732421875;0.86083984375;;;;;;;;;;;;;;;
27.146636962890625;0.279052734375;0.16162109375;0.86376953125;;;;;;;;;;;;;;;
27.14996337890625;-0.13427734375;0.2119140625;0.980224609375;;;;;;;;;;;;;;;
27.153472900390625;0.10400390625;-0.235595703125;1.09375;;;;;;;;;;;;;;;
27.1568603515625;-0.12109375;0.241455078125;1.1494140625;;;;;;;;;;;;;;;
27.160186767578125;-0.109619140625;-0.240966796875;0.84765625;;;;;;;;;;;;;;;
27.163604736328125;-0.091064453125;0.311767578125;1.036865234375;;;;;;;;;;;;;;;
27.16705322265625;-0.525390625;-0.029052734375;0.9462890625;;;;;;;;;;;;;;;
27.17041015625;0.236083984375;0.142333984375;1.183837890625;;;;;;;;;;;;;;;
27.173858642578125;-0.1513671875;0.053955078125;1.02685546875;;;;;;;;;;;;;;;
27.17724609375;-0.016357421875;0.043212890625;0.852294921875;;;;;;;;;;;;;;;
27.180633544921875;-0.0546875;0.199951171875;0.929443359375;;;;;;;;;;;;;;;
27.18408203125;-0.109619140625;-0.0888671875;0.85595703125;;;;;;;;;;;;;;;
27.187408447265625;0.2255859375;0.20068359375;1.25537109375;;;;;;;;;;;;;;;
27.1907958984375;-0.21484375;-0.19091796875;1.11083984375;;;;;;;;;;;;;;;
27.1942138671875;-0.001953125;0.088134765625;1.07080078125;;;;;;;;;;;;;;;
27.1976318359375;-0.2041015625;0.0927734375;0.899658203125;;;;;;;;;;;;;;;
27.201080322265625;-0.021240234375;-0.12744140625;0.92041015625;;;;;;;;;;;;;;;
27.204437255859375;0.03173828125;0.1826171875;1.083251953125;;;;;;;;;;;;;;;
27.20782470703125;-0.03662109375;-0.20263671875;0.986083984375;;;;;;;;;;;;;;;
27.211181640625;0.004150390625;0.389404296875;1.124755859375;;;;;;;;;;;;;;;
27.214569091796875;-0.48876953125;-0.01611328125;0.751708984375;;;;;;;;;;;;;;;
27.217987060546875;-0.050537109375;0.223388671875;1.00537109375;;;;;;;;;;;;;;;
27.221405029296875;-0.0390625;-0.150634765625;1.051025390625;;;;;;;;;;;;;;;
27.22479248046875;0.22314453125;0.017333984375;1.135498046875;;;;;;;;;;;;;;;
27.228179931640625;-0.133544921875;0.127685546875;1.028564453125;;;;;;;;;;;;;;;
27.231597900390625;-0.20849609375;-0.092529296875;0.751953125;;;;;;;;;;;;;;;
27.234954833984375;0.02880859375;0.3720703125;1.135498046875;;;;;;;;;;;;;;;
27.23828125;-0.12353515625;-0.115234375;1.078125;;;;;;;;;;;;;;;
27.24169921875;0.10693359375;0.092041015625;1.237060546875;;;;;;;;;;;;;;;
27.245086669921875;-0.214599609375;-0.037353515625;0.9736328125;;;;;;;;;;;;;;;
27.248504638671875;-0.03076171875;0.2763671875;0.844482421875;;;;;;;;;;;;;;;
27.251922607421875;-0.119384765625;0.19482421875;0.96142578125;;;;;;;;;;;;;;;
27.25531005859375;0.08935546875;-0.22509765625;0.99658203125;;;;;;;;;;;;;;;
27.258697509765625;-0.0263671875;0.29296875;1.2451171875;;;;;;;;;;;;;;;
27.2620849609375;-0.134521484375;-0.016845703125;0.920166015625;;;;;;;;;;;;;;;
27.2655029296875;0.002685546875;0.24853515625;0.954833984375;;;;;;;;;;;;;;;
27.26885986328125;-0.1630859375;0.108154296875;0.902099609375;;;;;;;;;;;;;;;
27.272247314453125;0.120849609375;-0.047607421875;1.078857421875;;;;;;;;;;;;;;;
27.275634765625;-0.064208984375;0.1552734375;1.125732421875;;;;;;;;;;;;;;;
27.279083251953125;0.015869140625;-0.095703125;0.9111328125;;;;;;;;;;;;;;;
27.282440185546875;-0.194091796875;0.33251953125;1.002197265625;;;;;;;;;;;;;;;
27.28582763671875;-0.186767578125;-0.031494140625;0.91552734375;;;;;;;;;;;;;;;
27.289306640625;0.085693359375;0.15771484375;1.245361328125;;;;;;;;;;;;;;;
27.292724609375;-0.063232421875;0.0029296875;1.005859375;;;;;;;;;;;;;;;
27.296051025390625;0.13330078125;0.24658203125;0.92529296875;;;;;;;;;;;;;;;
27.29937744140625;-0.10595703125;0.15869140625;0.87744140625;;;;;;;;;;;;;;;
27.302886962890625;0.010498046875;-0.05029296875;0.894287109375;;;;;;;;;;;;;;;
27.306243896484375;-0.10205078125;0.10791015625;1.290283203125;;;;;;;;;;;;;;;
27.309722900390625;-0.098388671875;-0.205810546875;1.079833984375;;;;;;;;;;;;;;;
27.313140869140625;-0.02490234375;0.1298828125;1.15283203125;;;;;;;;;;;;;;;
27.316558837890625;-0.170166015625;0.13037109375;0.830322265625;;;;;;;;;;;;;;;
27.3199462890625;0.020751953125;0.434326171875;0.924560546875;;;;;;;;;;;;;;;
27.32330322265625;-0.068115234375;0.1318359375;1.020751953125;;;;;;;;;;;;;;;
27.326629638671875;-0.02685546875;-0.165283203125;1.032958984375;;;;;;;;;;;;;;;
27.330047607421875;-0.12744140625;0.09716796875;1.099365234375;;;;;;;;;;;;;;;
27.333404541015625;-0.210693359375;-0.083984375;0.831298828125;;;;;;;;;;;;;;;
27.336761474609375;0.057861328125;0.274169921875;1.108154296875;;;;;;;;;;;;;;;
27.340118408203125;-0.13232421875;-0.02099609375;1.01904296875;;;;;;;;;;;;;;;
27.343475341796875;0.109130859375;0.08642578125;1.173095703125;;;;;;;;;;;;;;;
27.346893310546875;-0.218017578125;0.069091796875;0.981689453125;;;;;;;;;;;;;;;
27.3502197265625;-0.00439453125;0.096435546875;0.827880859375;;;;;;;;;;;;;;;
27.353546142578125;-0.173828125;0.263916015625;0.997314453125;;;;;;;;;;;;;;;
27.357025146484375;-0.21337890625;-0.114501953125;1.03662109375;;;;;;;;;;;;;;;
27.360321044921875;0.046875;0.16064453125;1.278564453125;;;;;;;;;;;;;;;
27.363739013671875;-0.1484375;0.050048828125;0.900146484375;;;;;;;;;;;;;;;
27.367095947265625;0.071533203125;0.213134765625;0.872802734375;;;;;;;;;;;;;;;
27.370452880859375;-0.19384765625;0.184326171875;0.889892578125;;;;;;;;;;;;;;;
27.37384033203125;0.1083984375;-0.249755859375;1.071044921875;;;;;;;;;;;;;;;
27.377227783203125;-0.107666015625;0.177734375;1.234619140625;;;;;;;;;;;;;;;
27.380584716796875;-0.211669921875;-0.16015625;0.906982421875;;;;;;;;;;;;;;;
27.384033203125;0.109619140625;0.274169921875;1.05029296875;;;;;;;;;;;;;;;
27.38739013671875;-0.19873046875;0.162109375;0.865234375;;;;;;;;;;;;;;;
27.39068603515625;0.149658203125;0.08837890625;1.139404296875;;;;;;;;;;;;;;;
27.394073486328125;-0.21435546875;0.090087890625;1.158203125;;;;;;;;;;;;;;;
27.39739990234375;0.0048828125;-0.1015625;0.970458984375;;;;;;;;;;;;;;;
27.400787353515625;-0.213623046875;0.1962890625;0.9423828125;;;;;;;;;;;;;;;
27.404083251953125;0.021484375;-0.06640625;0.8154296875;;;;;;;;;;;;;;;
27.407440185546875;0.377685546875;0.205322265625;1.255859375;;;;;;;;;;;;;;;
27.410797119140625;-0.02001953125;0.111572265625;1.035888671875;;;;;;;;;;;;;;;
27.414215087890625;0.055419921875;0.27880859375;0.982421875;;;;;;;;;;;;;;;
27.41754150390625;-0.212646484375;0.041259765625;0.82861328125;;;;;;;;;;;;;;;
27.420928955078125;0.08203125;-0.068359375;0.8994140625;;;;;;;;;;;;;;;
27.424285888671875;-0.01708984375;0.08251953125;1.2412109375;;;;;;;;;;;;;;;
27.427642822265625;-0.2939453125;-0.144775390625;1.072021484375;;;;;;;;;;;;;;;
27.43109130859375;0.01953125;0.1279296875;1.145263671875;;;;;;;;;;;;;;;
27.434539794921875;-0.131103515625;0.085205078125;0.800537109375;;;;;;;;;;;;;;;
27.43792724609375;0.1484375;0.44873046875;0.951904296875;;;;;;;;;;;;;;;
27.4412841796875;-0.089111328125;0.12939453125;0.9794921875;;;;;;;;;;;;;;;
27.44464111328125;0.111572265625;-0.017578125;1.107177734375;;;;;;;;;;;;;;;
27.448028564453125;-0.179931640625;0.0361328125;1.081298828125;;;;;;;;;;;;;;;
27.45147705078125;-0.21630859375;-0.201904296875;0.813232421875;;;;;;;;;;;;;;;
27.454833984375;0.118408203125;0.15673828125;1.076416015625;;;;;;;;;;;;;;;
27.458282470703125;-0.02197265625;0.058837890625;0.979248046875;;;;;;;;;;;;;;;
27.461669921875;0.13623046875;0.322509765625;1.2451171875;;;;;;;;;;;;;;;
27.46502685546875;-0.30810546875;0.123046875;0.95263671875;;;;;;;;;;;;;;;
27.4683837890625;0.065673828125;0.195556640625;0.876220703125;;;;;;;;;;;;;;;
27.471771240234375;-0.130615234375;0.24169921875;0.931884765625;;;;;;;;;;;;;;;
27.475189208984375;0.048095703125;-0.203369140625;1.033935546875;;;;;;;;;;;;;;;
27.478515625;0.0537109375;0.075927734375;1.290771484375;;;;;;;;;;;;;;;
27.481903076171875;-0.138671875;-0.0234375;0.956298828125;;;;;;;;;;;;;;;
27.48529052734375;0.1240234375;0.40625;0.91552734375;;;;;;;;;;;;;;;
27.488739013671875;-0.212646484375;0.11083984375;0.817138671875;;;;;;;;;;;;;;;
27.492095947265625;0.1279296875;0.003173828125;1.09521484375;;;;;;;;;;;;;;;
27.495452880859375;-0.036376953125;0.08740234375;1.202392578125;;;;;;;;;;;;;;;
27.49884033203125;0.00732421875;-0.14599609375;1.02392578125;;;;;;;;;;;;;;;
27.502227783203125;-0.1513671875;0.155029296875;1.026611328125;;;;;;;;;;;;;;;
27.50555419921875;-0.189697265625;0.0810546875;0.834228515625;;;;;;;;;;;;;;;
27.5089111328125;0.08837890625;0.273193359375;1.143798828125;;;;;;;;;;;;;;;
27.5123291015625;-0.110595703125;0.076416015625;1.01171875;;;;;;;;;;;;;;;
27.51568603515625;0.101806640625;0.11767578125;1.03662109375;;;;;;;;;;;;;;;
27.51910400390625;-0.26220703125;0.172607421875;0.89990234375;;;;;;;;;;;;;;;
27.52252197265625;0.083251953125;-0.066162109375;0.89208984375;;;;;;;;;;;;;;;
27.525848388671875;0.055419921875;0.20458984375;1.225341796875;;;;;;;;;;;;;;;
27.529296875;-0.00390625;0.051513671875;1.055908203125;;;;;;;;;;;;;;;
27.53277587890625;-0.087158203125;0.355712890625;1.167236328125;;;;;;;;;;;;;;;
27.536102294921875;-0.22314453125;-0.018798828125;0.80322265625;;;;;;;;;;;;;;;
27.539520263671875;0.019287109375;0.017822265625;0.940673828125;;;;;;;;;;;;;;;
27.542877197265625;-0.152099609375;0.07080078125;1.01123046875;;;;;;;;;;;;;;;
27.54620361328125;-0.037353515625;-0.05712890625;1.107177734375;;;;;;;;;;;;;;;
27.54962158203125;-0.17529296875;0.17724609375;1.138427734375;;;;;;;;;;;;;;;
27.552947998046875;-0.07861328125;-0.03955078125;0.814208984375;;;;;;;;;;;;;;;
27.556365966796875;0.02783203125;0.4111328125;0.97216796875;;;;;;;;;;;;;;;
27.55975341796875;-0.13330078125;0.11767578125;0.920166015625;;;;;;;;;;;;;;;
27.563079833984375;0.044189453125;0.05712890625;1.13330078125;;;;;;;;;;;;;;;
27.56646728515625;-0.19873046875;0.041748046875;1.07177734375;;;;;;;;;;;;;;;
27.569854736328125;0.014892578125;-0.173828125;0.85693359375;;;;;;;;;;;;;;;
27.57330322265625;0.019287109375;0.274658203125;1.086669921875;;;;;;;;;;;;;;;
27.57666015625;-0.0390625;-0.068603515625;0.98681640625;;;;;;;;;;;;;;;
27.579986572265625;0.049072265625;0.328369140625;1.228271484375;;;;;;;;;;;;;;;
27.583404541015625;-0.148681640625;0.029052734375;0.90185546875;;;;;;;;;;;;;;;
27.586761474609375;0.075927734375;0.3134765625;0.911376953125;;;;;;;;;;;;;;;
27.590118408203125;-0.20263671875;0.15234375;0.8603515625;;;;;;;;;;;;;;;
27.593505859375;0.266357421875;-0.01025390625;0.94970703125;;;;;;;;;;;;;;;
27.596893310546875;0.36181640625;0.109619140625;1.349609375;;;;;;;;;;;;;;;
27.60028076171875;-0.167724609375;-0.044921875;0.9794921875;;;;;;;;;;;;;;;
27.603729248046875;-0.153076171875;0.30615234375;0.981201171875;;;;;;;;;;;;;;;
27.6070556640625;-0.3447265625;-0.03759765625;0.73193359375;;;;;;;;;;;;;;;
27.610443115234375;0.2080078125;0.125;1.087158203125;;;;;;;;;;;;;;;
27.613922119140625;-0.08154296875;0.02587890625;1.188232421875;;;;;;;;;;;;;;;
27.6173095703125;-0.06689453125;0.1201171875;1.01904296875;;;;;;;;;;;;;;;
27.62066650390625;-0.015625;0.134033203125;1.043212890625;;;;;;;;;;;;;;;
27.62408447265625;-0.218017578125;0.032958984375;0.825439453125;;;;;;;;;;;;;;;
27.62744140625;0.08251953125;0.16845703125;1.145263671875;;;;;;;;;;;;;;;
27.630950927734375;-0.0693359375;-0.064697265625;0.982666015625;;;;;;;;;;;;;;;
27.63433837890625;0.016845703125;0.2763671875;1.074462890625;;;;;;;;;;;;;;;
27.637786865234375;-0.20849609375;0.04248046875;0.850830078125;;;;;;;;;;;;;;;
27.641265869140625;0.17236328125;0.143798828125;0.94970703125;;;;;;;;;;;;;;;
27.644683837890625;-0.117919921875;0.07080078125;1.27783203125;;;;;;;;;;;;;;;
27.6480712890625;-0.12255859375;-0.16845703125;1.046142578125;;;;;;;;;;;;;;;
27.65155029296875;-0.160400390625;0.180908203125;1.217529296875;;;;;;;;;;;;;;;
27.65496826171875;-0.40869140625;-0.147705078125;0.72802734375;;;;;;;;;;;;;;;
27.658355712890625;0.223876953125;0.474853515625;0.97314453125;;;;;;;;;;;;;;;
27.661773681640625;-0.1943359375;0.064453125;0.968017578125;;;;;;;;;;;;;;;
27.665130615234375;-0.1513671875;0.121337890625;1.065673828125;;;;;;;;;;;;;;;
27.668548583984375;0.114501953125;0.0185546875;1.20556640625;;;;;;;;;;;;;;;
27.6719970703125;-0.197509765625;-0.03125;0.85107421875;;;;;;;;;;;;;;;
27.6754150390625;0.091064453125;0.202392578125;1.01513671875;;;;;;;;;;;;;;;
27.678863525390625;-0.140380859375;-0.190185546875;0.880615234375;;;;;;;;;;;;;;;
27.682220458984375;0.057373046875;0.15869140625;1.2138671875;;;;;;;;;;;;;;;
27.685699462890625;-0.186767578125;-0.0537109375;1.04052734375;;;;;;;;;;;;;;;
27.68902587890625;0.13916015625;-0.079833984375;0.9296875;;;;;;;;;;;;;;;
27.692352294921875;-0.090087890625;0.18701171875;0.99072265625;;;;;;;;;;;;;;;
27.695709228515625;-0.120849609375;0.07861328125;0.962158203125;;;;;;;;;;;;;;;
27.6990966796875;-0.056640625;0.306884765625;1.25927734375;;;;;;;;;;;;;;;
27.702545166015625;-0.10595703125;-0.0849609375;0.981689453125;;;;;;;;;;;;;;;
27.70587158203125;0.193359375;0.2646484375;0.955078125;;;;;;;;;;;;;;;
27.70916748046875;-0.19140625;0.01806640625;0.832763671875;;;;;;;;;;;;;;;
27.712677001953125;0.100830078125;0.065673828125;1.103271484375;;;;;;;;;;;;;;;
27.71612548828125;0.104736328125;0.137939453125;1.25;;;;;;;;;;;;;;;
27.719482421875;-0.071044921875;-0.044189453125;1.044921875;;;;;;;;;;;;;;;
27.72283935546875;-0.197998046875;0.2158203125;1.008544921875;;;;;;;;;;;;;;;
27.7261962890625;-0.239501953125;-0.130859375;0.751708984375;;;;;;;;;;;;;;;
27.72967529296875;0.03369140625;0.19384765625;1.095947265625;;;;;;;;;;;;;;;
27.733184814453125;-0.137451171875;-0.052978515625;1.120361328125;;;;;;;;;;;;;;;
27.736480712890625;0.03857421875;0.197265625;1.121826171875;;;;;;;;;;;;;;;
27.73992919921875;-0.1728515625;0.1513671875;0.96923828125;;;;;;;;;;;;;;;
27.74334716796875;-0.072021484375;0.044677734375;0.83642578125;;;;;;;;;;;;;;;
27.74676513671875;-0.076416015625;0.10986328125;1.109130859375;;;;;;;;;;;;;;;
27.75018310546875;0.012939453125;-0.128173828125;1.041259765625;;;;;;;;;;;;;;;
27.7535400390625;-0.07666015625;0.284912109375;1.113037109375;;;;;;;;;;;;;;;
27.756927490234375;-0.22509765625;-0.006591796875;0.81298828125;;;;;;;;;;;;;;;
27.760284423828125;0.16015625;0.112548828125;1.012939453125;;;;;;;;;;;;;;;
27.763671875;-0.2080078125;0.18505859375;1.13720703125;;;;;;;;;;;;;;;
27.76708984375;-0.010009765625;-0.106689453125;1.1005859375;;;;;;;;;;;;;;;
27.770477294921875;-0.22802734375;0.197998046875;1.171630859375;;;;;;;;;;;;;;;
27.773895263671875;-0.0078125;-0.233642578125;0.78125;;;;;;;;;;;;;;;
27.777313232421875;0.015625;0.369384765625;0.9541015625;;;;;;;;;;;;;;;
27.78070068359375;-0.115234375;0.0849609375;0.885009765625;;;;;;;;;;;;;;;
27.784088134765625;0.101806640625;0.1484375;1.1669921875;;;;;;;;;;;;;;;
27.787506103515625;-0.158203125;0.056640625;1.137451171875;;;;;;;;;;;;;;;
27.790924072265625;-0.07568359375;-0.11376953125;0.888427734375;;;;;;;;;;;;;;;
27.7943115234375;-0.1025390625;0.18359375;0.988037109375;;;;;;;;;;;;;;;
27.797698974609375;-0.10595703125;-0.21728515625;0.901123046875;;;;;;;;;;;;;;;
27.80108642578125;0.031005859375;0.24072265625;1.205810546875;;;;;;;;;;;;;;;
27.80450439453125;-0.05078125;0.010986328125;1.01806640625;;;;;;;;;;;;;;;
27.807861328125;0.1376953125;0.279541015625;0.991943359375;;;;;;;;;;;;;;;
27.811279296875;-0.150146484375;0.201171875;0.897705078125;;;;;;;;;;;;;;;
27.814697265625;-0.076416015625;0.02001953125;0.938720703125;;;;;;;;;;;;;;;
27.8179931640625;-0.02392578125;-0.009765625;1.206298828125;;;;;;;;;;;;;;;
27.821380615234375;0.005126953125;-0.19287109375;1.05859375;;;;;;;;;;;;;;;
27.824737548828125;0.081298828125;0.314208984375;0.98974609375;;;;;;;;;;;;;;;
27.828033447265625;-0.2412109375;-0.065673828125;0.762451171875;;;;;;;;;;;;;;;
27.83148193359375;0.18603515625;0.191162109375;1.126708984375;;;;;;;;;;;;;;;
27.834930419921875;0.14990234375;0.08837890625;1.236083984375;;;;;;;;;;;;;;;
27.83837890625;-0.060302734375;0.024658203125;1.065673828125;;;;;;;;;;;;;;;
27.84173583984375;-0.21630859375;0.162109375;0.989013671875;;;;;;;;;;;;;;;
27.8450927734375;-0.223876953125;-0.162353515625;0.745849609375;;;;;;;;;;;;;;;
27.8485107421875;0.005126953125;0.387451171875;1.07666015625;;;;;;;;;;;;;;;
27.851898193359375;-0.053955078125;-0.072998046875;1.014404296875;;;;;;;;;;;;;;;
27.855194091796875;0.08935546875;0.257568359375;1.15771484375;;;;;;;;;;;;;;;
27.858551025390625;-0.12841796875;0.076904296875;0.97021484375;;;;;;;;;;;;;;;
27.86187744140625;-0.06689453125;0.04833984375;0.875732421875;;;;;;;;;;;;;;;
27.865234375;-0.02734375;0.16064453125;1.09375;;;;;;;;;;;;;;;
27.868682861328125;0.07275390625;-0.20263671875;1.031494140625;;;;;;;;;;;;;;;
27.872039794921875;-0.12646484375;0.401123046875;1.159423828125;;;;;;;;;;;;;;;
27.87542724609375;-0.219970703125;-0.22412109375;0.795166015625;;;;;;;;;;;;;;;
27.8787841796875;0.165283203125;0.240478515625;1.058837890625;;;;;;;;;;;;;;;
27.88214111328125;-0.581787109375;0.08740234375;1.202392578125;;;;;;;;;;;;;;;
27.8856201171875;-0.26953125;0.008544921875;1.0390625;;;;;;;;;;;;;;;
27.888946533203125;-0.1728515625;0.075439453125;1.1748046875;;;;;;;;;;;;;;;
27.892364501953125;0.123779296875;-0.2392578125;0.770263671875;;;;;;;;;;;;;;;
27.895751953125;0.064208984375;0.3701171875;0.9951171875;;;;;;;;;;;;;;;
27.899200439453125;-0.307373046875;-0.0380859375;0.848876953125;;;;;;;;;;;;;;;
27.902618408203125;0.151611328125;0.306884765625;1.1416015625;;;;;;;;;;;;;;;
27.906036376953125;0.080810546875;0.004150390625;1.21630859375;;;;;;;;;;;;;;;
27.909393310546875;-0.18212890625;-0.00927734375;0.9306640625;;;;;;;;;;;;;;;
27.912811279296875;-0.220947265625;0.014404296875;1.007568359375;;;;;;;;;;;;;;;
27.916168212890625;-0.14306640625;-0.0927734375;0.85546875;;;;;;;;;;;;;;;
27.919525146484375;-0.00048828125;0.289306640625;1.171630859375;;;;;;;;;;;;;;;
27.92291259765625;0.041015625;-0.149169921875;0.979736328125;;;;;;;;;;;;;;;
27.92633056640625;0.252197265625;0.48095703125;1.101318359375;;;;;;;;;;;;;;;
27.929656982421875;-0.492919921875;0.180908203125;0.874267578125;;;;;;;;;;;;;;;
27.93304443359375;-0.0615234375;0.141845703125;0.946533203125;;;;;;;;;;;;;;;
27.9364013671875;-0.171142578125;-0.163330078125;1.17333984375;;;;;;;;;;;;;;;
27.9398193359375;0.18017578125;-0.35400390625;1.068603515625;;;;;;;;;;;;;;;
27.943206787109375;-0.1806640625;0.29833984375;1.046142578125;;;;;;;;;;;;;;;
27.946563720703125;-0.280517578125;-0.03662109375;0.760498046875;;;;;;;;;;;;;;;
27.949920654296875;0.04443359375;0.483154296875;1.148193359375;;;;;;;;;;;;;;;
27.953338623046875;-0.065673828125;0.017333984375;1.220947265625;;;;;;;;;;;;;;;
27.9566650390625;-0.197509765625;0.005126953125;1.076416015625;;;;;;;;;;;;;;;
27.960113525390625;-0.220703125;-0.053955078125;0.9765625;;;;;;;;;;;;;;;
27.963470458984375;-0.112548828125;-0.072021484375;0.76708984375;;;;;;;;;;;;;;;
27.96685791015625;-0.105224609375;0.2998046875;1.0859375;;;;;;;;;;;;;;;
27.970245361328125;-0.188720703125;-0.138671875;0.984130859375;;;;;;;;;;;;;;;
27.97369384765625;0.023193359375;0.35791015625;1.19091796875;;;;;;;;;;;;;;;
27.977142333984375;-0.09521484375;-0.076171875;0.97900390625;;;;;;;;;;;;;;;
27.980560302734375;0.02734375;0.135986328125;0.964111328125;;;;;;;;;;;;;;;
27.983917236328125;-0.070068359375;0.09912109375;1.0498046875;;;;;;;;;;;;;;;
27.9873046875;0.025390625;-0.019287109375;1.064208984375;;;;;;;;;;;;;;;
27.99072265625;-0.119873046875;0.3388671875;1.14306640625;;;;;;;;;;;;;;;
27.994232177734375;-0.194091796875;-0.2783203125;0.819580078125;;;;;;;;;;;;;;;
27.99761962890625;0.098388671875;0.316650390625;1.06787109375;;;;;;;;;;;;;;;
28.0009765625;-0.4697265625;0.135009765625;0.878662109375;;;;;;;;;;;;;;;
28.00439453125;-0.160888671875;0.09423828125;1.107177734375;;;;;;;;;;;;;;;
28.00787353515625;-0.195068359375;0.015625;1.1064453125;;;;;;;;;;;;;;;
28.01123046875;0.190185546875;-0.236572265625;0.9599609375;;;;;;;;;;;;;;;
28.0146484375;-0.0224609375;0.268798828125;0.971435546875;;;;;;;;;;;;;;;
28.01806640625;-0.190185546875;-0.029541015625;0.83349609375;;;;;;;;;;;;;;;
28.021484375;0.03955078125;0.317138671875;1.22900390625;;;;;;;;;;;;;;;
28.024932861328125;-0.094970703125;-0.0576171875;1.13330078125;;;;;;;;;;;;;;;
28.028350830078125;0.0546875;0.010009765625;1.046875;;;;;;;;;;;;;;;
28.031768798828125;-0.25244140625;-0.029296875;0.978515625;;;;;;;;;;;;;;;
28.03515625;-0.05078125;0.091552734375;0.87744140625;;;;;;;;;;;;;;;
28.038543701171875;-0.037109375;0.22900390625;1.13720703125;;;;;;;;;;;;;;;
28.04193115234375;0.100830078125;-0.1416015625;0.972412109375;;;;;;;;;;;;;;;
28.045379638671875;0.155517578125;0.307373046875;1.14794921875;;;;;;;;;;;;;;;
28.048797607421875;-0.409423828125;0.1328125;0.838134765625;;;;;;;;;;;;;;;
28.0521240234375;0.109130859375;0.13427734375;0.9736328125;;;;;;;;;;;;;;;
28.05548095703125;-0.099609375;-0.041748046875;1.105712890625;;;;;;;;;;;;;;;
28.058837890625;0.20068359375;-0.316650390625;1.11328125;;;;;;;;;;;;;;;
28.062164306640625;-0.138671875;0.21728515625;1.019287109375;;;;;;;;;;;;;;;
28.065521240234375;-0.124755859375;-0.054931640625;0.74560546875;;;;;;;;;;;;;;;
28.068878173828125;-0.029541015625;0.43798828125;1.142333984375;;;;;;;;;;;;;;;
28.07232666015625;-0.32666015625;0.001220703125;1.08984375;;;;;;;;;;;;;;;
28.07568359375;0.0654296875;0.00244140625;1.19580078125;;;;;;;;;;;;;;;
28.079071044921875;-0.291259765625;-0.065185546875;0.91357421875;;;;;;;;;;;;;;;
28.082489013671875;0.25537109375;0.016357421875;0.786865234375;;;;;;;;;;;;;;;
28.08587646484375;-0.01708984375;0.277587890625;0.992431640625;;;;;;;;;;;;;;;
28.08917236328125;0.031005859375;-0.066650390625;1.005126953125;;;;;;;;;;;;;;;
28.092559814453125;-0.05810546875;0.305908203125;1.260498046875;;;;;;;;;;;;;;;
28.095947265625;-0.296630859375;-0.22265625;0.942626953125;;;;;;;;;;;;;;;
28.099395751953125;0.126220703125;0.0087890625;0.98681640625;;;;;;;;;;;;;;;
28.102752685546875;-0.202880859375;0.1533203125;0.980224609375;;;;;;;;;;;;;;;
28.106231689453125;0.072509765625;0.155029296875;1.06689453125;;;;;;;;;;;;;;;
28.109710693359375;-0.030517578125;0.29541015625;1.11083984375;;;;;;;;;;;;;;;
28.113128662109375;-0.062744140625;-0.20263671875;0.88720703125;;;;;;;;;;;;;;;
28.116485595703125;-0.067626953125;0.15771484375;1.043701171875;;;;;;;;;;;;;;;
28.119903564453125;-0.3408203125;0.07958984375;0.827880859375;;;;;;;;;;;;;;;
28.12322998046875;0.140380859375;0.057861328125;1.15234375;;;;;;;;;;;;;;;
28.126556396484375;-0.15380859375;0.099853515625;1.043701171875;;;;;;;;;;;;;;;
28.129913330078125;0.21728515625;-0.104248046875;1.042236328125;;;;;;;;;;;;;;;
28.13336181640625;-0.031494140625;0.20068359375;0.94189453125;;;;;;;;;;;;;;;
28.13671875;-0.1689453125;-0.046142578125;0.846923828125;;;;;;;;;;;;;;;
28.14013671875;0.02685546875;0.2421875;1.20947265625;;;;;;;;;;;;;;;
28.14349365234375;-0.4248046875;-0.17138671875;1.0498046875;;;;;;;;;;;;;;;
28.1468505859375;0.264892578125;-0.029296875;1.094970703125;;;;;;;;;;;;;;;
28.15020751953125;-0.23291015625;0.11962890625;0.791748046875;;;;;;;;;;;;;;;
28.153594970703125;0.02734375;0.3037109375;0.828857421875;;;;;;;;;;;;;;;
28.156890869140625;0.224609375;0.286376953125;1.139892578125;;;;;;;;;;;;;;;
28.16033935546875;-0.0078125;-0.1650390625;1.1318359375;;;;;;;;;;;;;;;
28.163726806640625;-0.025634765625;0.095458984375;1.17333984375;;;;;;;;;;;;;;;
28.167022705078125;-0.4873046875;-0.04345703125;0.735595703125;;;;;;;;;;;;;;;
28.17047119140625;0.451171875;0.200439453125;1.107666015625;;;;;;;;;;;;;;;
28.17388916015625;-0.123291015625;0.141357421875;1.02734375;;;;;;;;;;;;;;;
28.17724609375;0.2265625;-0.046630859375;1.1123046875;;;;;;;;;;;;;;;
28.180633544921875;0.0234375;0.1904296875;1.023193359375;;;;;;;;;;;;;;;
28.1839599609375;-0.140380859375;-0.096435546875;0.766845703125;;;;;;;;;;;;;;;
28.187286376953125;0.07568359375;0.281494140625;1.069580078125;;;;;;;;;;;;;;;
28.190673828125;-0.2587890625;-0.1064453125;1.041748046875;;;;;;;;;;;;;;;
28.194122314453125;0.388427734375;0.090087890625;1.233642578125;;;;;;;;;;;;;;;
28.197479248046875;-0.353759765625;0.042724609375;0.89208984375;;;;;;;;;;;;;;;
28.20086669921875;0.353759765625;0.1953125;0.732666015625;;;;;;;;;;;;;;;
28.204315185546875;0.253173828125;0.2392578125;0.9892578125;;;;;;;;;;;;;;;
28.207733154296875;-0.009521484375;-0.115234375;1.017578125;;;;;;;;;;;;;;;
28.2110595703125;-0.048828125;0.200927734375;1.289306640625;;;;;;;;;;;;;;;
28.214569091796875;-0.402099609375;-0.25732421875;0.956787109375;;;;;;;;;;;;;;;
28.217987060546875;0.14013671875;0.062744140625;1.0029296875;;;;;;;;;;;;;;;
28.22137451171875;-0.14453125;0.130615234375;0.923095703125;;;;;;;;;;;;;;;
28.224945068359375;0.0908203125;0.3447265625;1.0625;;;;;;;;;;;;;;;
28.22833251953125;-0.0458984375;0.246826171875;1.080078125;;;;;;;;;;;;;;;
28.231719970703125;0.0625;-0.139404296875;0.912109375;;;;;;;;;;;;;;;
28.235137939453125;-0.1142578125;0.105224609375;1.0048828125;;;;;;;;;;;;;;;
28.238494873046875;-0.237548828125;-0.021484375;0.80517578125;;;;;;;;;;;;;;;
28.241912841796875;0.371337890625;0.057861328125;1.15966796875;;;;;;;;;;;;;;;
28.245330810546875;-0.06640625;0.01806640625;1.04736328125;;;;;;;;;;;;;;;
28.248748779296875;0.156982421875;0.105712890625;1.085205078125;;;;;;;;;;;;;;;
28.252227783203125;-0.30859375;0.179931640625;0.909912109375;;;;;;;;;;;;;;;
28.25567626953125;-0.034912109375;0.14404296875;0.810791015625;;;;;;;;;;;;;;;
28.259124755859375;0.13671875;0.27783203125;1.175537109375;;;;;;;;;;;;;;;
28.262603759765625;-0.12353515625;-0.233154296875;1.102294921875;;;;;;;;;;;;;;;
28.265960693359375;0.0947265625;0.06103515625;1.186279296875;;;;;;;;;;;;;;;
28.26934814453125;-0.274169921875;0.007568359375;0.799560546875;;;;;;;;;;;;;;;
28.2728271484375;0.076416015625;0.461669921875;0.87158203125;;;;;;;;;;;;;;;
28.27630615234375;-0.044921875;0.10009765625;1.044189453125;;;;;;;;;;;;;;;
28.27972412109375;0.117431640625;-0.1611328125;1.14794921875;;;;;;;;;;;;;;;
28.28314208984375;-0.110595703125;0.115234375;1.144775390625;;;;;;;;;;;;;;;
28.28656005859375;-0.255615234375;-0.1357421875;0.81005859375;;;;;;;;;;;;;;;
28.289947509765625;0.08349609375;0.229248046875;1.071044921875;;;;;;;;;;;;;;;
28.2933349609375;0.01220703125;0.08740234375;1.007568359375;;;;;;;;;;;;;;;
28.296783447265625;0.145263671875;0.3125;1.15576171875;;;;;;;;;;;;;;;
28.30023193359375;-0.250244140625;0.183349609375;0.960205078125;;;;;;;;;;;;;;;
28.303619384765625;-0.111083984375;-0.01318359375;0.833740234375;;;;;;;;;;;;;;;
28.3070068359375;-0.158935546875;0.092529296875;1.014404296875;;;;;;;;;;;;;;;
28.31036376953125;-0.07275390625;-0.14306640625;0.97998046875;;;;;;;;;;;;;;;
28.313812255859375;0.16845703125;0.09130859375;1.280029296875;;;;;;;;;;;;;;;
28.31719970703125;-0.160888671875;0.0205078125;0.9189453125;;;;;;;;;;;;;;;
28.320526123046875;0.114501953125;0.30419921875;0.9873046875;;;;;;;;;;;;;;;
28.323883056640625;0.26318359375;0.216064453125;0.885498046875;;;;;;;;;;;;;;;
28.3272705078125;0.084228515625;-0.119384765625;1.019775390625;;;;;;;;;;;;;;;
28.3306884765625;-0.02734375;0.10009765625;1.196044921875;;;;;;;;;;;;;;;
28.33404541015625;-0.283447265625;-0.218017578125;0.955078125;;;;;;;;;;;;;;;
28.33746337890625;0.104736328125;0.084716796875;1.066650390625;;;;;;;;;;;;;;;
28.340789794921875;-0.195556640625;0.178466796875;0.808837890625;;;;;;;;;;;;;;;
28.344207763671875;0.144287109375;0.32080078125;1.080322265625;;;;;;;;;;;;;;;
28.347503662109375;-0.10302734375;0.14111328125;1.031982421875;;;;;;;;;;;;;;;
28.350860595703125;0.072021484375;-0.056396484375;0.9755859375;;;;;;;;;;;;;;;
28.354278564453125;-0.19287109375;0.04052734375;0.984619140625;;;;;;;;;;;;;;;
28.357696533203125;-0.110107421875;-0.043701171875;0.79638671875;;;;;;;;;;;;;;;
28.36102294921875;0.287109375;0.12744140625;1.22900390625;;;;;;;;;;;;;;;
28.36431884765625;-0.096923828125;-0.05419921875;1.025146484375;;;;;;;;;;;;;;;
28.36773681640625;0.112548828125;0.123291015625;1.15087890625;;;;;;;;;;;;;;;
28.37109375;0.762939453125;0.024658203125;0.879638671875;;;;;;;;;;;;;;;
28.37445068359375;0.055908203125;0.236083984375;0.83837890625;;;;;;;;;;;;;;;
28.377777099609375;0.08642578125;0.109375;1.1103515625;;;;;;;;;;;;;;;
28.381195068359375;-0.08056640625;-0.074951171875;1.02783203125;;;;;;;;;;;;;;;
28.38458251953125;0.218994140625;0.0908203125;1.220703125;;;;;;;;;;;;;;;
28.387939453125;-0.239013671875;0.1318359375;0.824462890625;;;;;;;;;;;;;;;
28.391265869140625;0.087158203125;0.311767578125;0.912841796875;;;;;;;;;;;;;;;
28.39459228515625;-0.069091796875;-0.011962890625;0.97314453125;;;;;;;;;;;;;;;
28.398040771484375;0.106689453125;-0.1904296875;1.18701171875;;;;;;;;;;;;;;;
28.4013671875;-0.183837890625;0.062255859375;1.109619140625;;;;;;;;;;;;;;;
28.404754638671875;-0.14892578125;0.047119140625;0.783447265625;;;;;;;;;;;;;;;
28.408172607421875;0.271484375;0.23681640625;1.11181640625;;;;;;;;;;;;;;;
28.41156005859375;-0.240234375;0.11669921875;0.944580078125;;;;;;;;;;;;;;;
28.414947509765625;0.148681640625;0.1328125;1.220458984375;;;;;;;;;;;;;;;
28.41839599609375;-0.276611328125;0.080078125;0.924072265625;;;;;;;;;;;;;;;
28.421783447265625;0.198974609375;0.07177734375;0.837646484375;;;;;;;;;;;;;;;
28.425201416015625;0.030029296875;0.05224609375;0.97802734375;;;;;;;;;;;;;;;
28.428558349609375;-0.077392578125;-0.138671875;0.961669921875;;;;;;;;;;;;;;;
28.431915283203125;0.169189453125;0.104248046875;1.322021484375;;;;;;;;;;;;;;;
28.435333251953125;-0.236328125;-0.04833984375;0.93603515625;;;;;;;;;;;;;;;
28.438812255859375;0.161865234375;0.3896484375;1.087646484375;;;;;;;;;;;;;;;
28.442230224609375;-0.02001953125;0.133544921875;0.89013671875;;;;;;;;;;;;;;;
28.445556640625;-0.058837890625;0.28857421875;1.023193359375;;;;;;;;;;;;;;;
28.44891357421875;-0.068603515625;0.0302734375;1.14892578125;;;;;;;;;;;;;;;
28.452301025390625;-0.323486328125;-0.20068359375;1.000732421875;;;;;;;;;;;;;;;
28.4556884765625;0.09033203125;0.109130859375;1.045166015625;;;;;;;;;;;;;;;
28.4591064453125;-0.1142578125;0.10107421875;0.8427734375;;;;;;;;;;;;;;;
28.4625244140625;0.173095703125;0.4267578125;1.0947265625;;;;;;;;;;;;;;;
28.465911865234375;-0.092529296875;-0.188720703125;1.024169921875;;;;;;;;;;;;;;;
28.46929931640625;-0.028564453125;0.07421875;1.1513671875;;;;;;;;;;;;;;;
28.472686767578125;-0.215576171875;-0.044677734375;0.910400390625;;;;;;;;;;;;;;;
28.476104736328125;-0.012939453125;-0.075439453125;0.89501953125;;;;;;;;;;;;;;;
28.479583740234375;0.06689453125;0.11083984375;1.17236328125;;;;;;;;;;;;;;;
28.48291015625;-0.037841796875;-0.079345703125;1.01904296875;;;;;;;;;;;;;;;
28.48626708984375;-0.012939453125;0.34765625;1.1787109375;;;;;;;;;;;;;;;
28.48968505859375;-0.277099609375;0.0166015625;0.78759765625;;;;;;;;;;;;;;;
28.49310302734375;0.059814453125;0.334228515625;0.921630859375;;;;;;;;;;;;;;;
28.496429443359375;-0.092041015625;0.10546875;1.05615234375;;;;;;;;;;;;;;;
28.49981689453125;-0.009033203125;-0.1484375;1.1533203125;;;;;;;;;;;;;;;
28.50323486328125;-0.09619140625;0.096435546875;1.197021484375;;;;;;;;;;;;;;;
28.50665283203125;-0.130615234375;0.036865234375;0.892578125;;;;;;;;;;;;;;;
28.510040283203125;-0.124755859375;0.37451171875;0.930908203125;;;;;;;;;;;;;;;
28.513427734375;-0.139404296875;-0.104736328125;0.891845703125;;;;;;;;;;;;;;;
28.516845703125;-0.02685546875;-0.015869140625;1.20703125;;;;;;;;;;;;;;;
28.520263671875;-0.15966796875;-0.008056640625;1.1396484375;;;;;;;;;;;;;;;
28.523590087890625;-0.025634765625;0.065185546875;0.856201171875;;;;;;;;;;;;;;;
28.5269775390625;-0.1025390625;0.27880859375;0.992431640625;;;;;;;;;;;;;;;
28.530303955078125;-0.1494140625;0.03466796875;0.941650390625;;;;;;;;;;;;;;;
28.533660888671875;0.00244140625;0.078125;1.220703125;;;;;;;;;;;;;;;
28.537109375;-0.145751953125;0.025390625;1.000244140625;;;;;;;;;;;;;;;
28.54046630859375;0.057373046875;0.1435546875;0.91748046875;;;;;;;;;;;;;;;
28.543792724609375;-0.10595703125;0.073974609375;0.87060546875;;;;;;;;;;;;;;;
28.547149658203125;0.070556640625;-0.056640625;1.028564453125;;;;;;;;;;;;;;;
28.550506591796875;-0.09130859375;0.215576171875;1.306396484375;;;;;;;;;;;;;;;
28.55389404296875;-0.11279296875;-0.0849609375;0.996826171875;;;;;;;;;;;;;;;
28.557342529296875;-0.08935546875;0.37109375;1.038330078125;;;;;;;;;;;;;;;
28.56072998046875;-0.142822265625;-0.048583984375;0.775634765625;;;;;;;;;;;;;;;
28.56414794921875;0.169677734375;0.231201171875;1.077880859375;;;;;;;;;;;;;;;
28.56744384765625;-0.05810546875;-0.056396484375;1.051513671875;;;;;;;;;;;;;;;
28.57080078125;0.065185546875;0.052734375;1.020751953125;;;;;;;;;;;;;;;
28.574127197265625;-0.11474609375;0.256591796875;1.0322265625;;;;;;;;;;;;;;;
28.5775146484375;-0.131103515625;0.06884765625;0.85009765625;;;;;;;;;;;;;;;
28.58087158203125;-0.140625;0.331298828125;1.093994140625;;;;;;;;;;;;;;;
28.58428955078125;-0.11962890625;-0.3486328125;1.0078125;;;;;;;;;;;;;;;
28.587615966796875;-0.0009765625;0.146484375;1.169677734375;;;;;;;;;;;;;;;
28.59100341796875;-0.219482421875;-0.0224609375;0.900634765625;;;;;;;;;;;;;;;
28.5943603515625;0.239990234375;0.29052734375;0.913818359375;;;;;;;;;;;;;;;
28.59771728515625;-0.1396484375;0.2294921875;1.087646484375;;;;;;;;;;;;;;;
28.601104736328125;-0.047607421875;-0.160888671875;1.026123046875;;;;;;;;;;;;;;;
28.60443115234375;-0.201904296875;0.182373046875;1.238037109375;;;;;;;;;;;;;;;
28.60784912109375;-0.172607421875;-0.031494140625;0.833740234375;;;;;;;;;;;;;;;
28.6112060546875;0.11962890625;0.4189453125;0.910400390625;;;;;;;;;;;;;;;
28.614593505859375;-0.150634765625;0.005615234375;0.939453125;;;;;;;;;;;;;;;
28.617919921875;0.2177734375;0.03955078125;1.197021484375;;;;;;;;;;;;;;;
28.621307373046875;0.27001953125;0.109130859375;1.291015625;;;;;;;;;;;;;;;
28.624755859375;-0.23046875;-0.083251953125;0.861083984375;;;;;;;;;;;;;;;
28.62823486328125;-0.1435546875;0.32666015625;1.01318359375;;;;;;;;;;;;;;;
28.631622314453125;-0.2587890625;-0.1875;0.850341796875;;;;;;;;;;;;;;;
28.635009765625;0.089111328125;0.146240234375;1.165771484375;;;;;;;;;;;;;;;
28.638397216796875;-0.123779296875;0.01611328125;1.024658203125;;;;;;;;;;;;;;;
28.641754150390625;0.17333984375;0.322265625;0.93212890625;;;;;;;;;;;;;;;
28.6451416015625;-0.06298828125;0.259521484375;1.051513671875;;;;;;;;;;;;;;;
28.64849853515625;-0.31005859375;-0.028564453125;0.921630859375;;;;;;;;;;;;;;;
28.651947021484375;-0.05517578125;-0.052978515625;1.234619140625;;;;;;;;;;;;;;;
28.655303955078125;-0.0673828125;-0.234375;0.961669921875;;;;;;;;;;;;;;;
28.658599853515625;0.049072265625;0.39794921875;0.989013671875;;;;;;;;;;;;;;;
28.6619873046875;-0.216796875;0.09814453125;0.84130859375;;;;;;;;;;;;;;;
28.665374755859375;0.083740234375;0.290283203125;1.041015625;;;;;;;;;;;;;;;
28.66876220703125;-0.150634765625;0.119140625;1.32275390625;;;;;;;;;;;;;;;
28.672119140625;-0.218505859375;-0.133544921875;1.007568359375;;;;;;;;;;;;;;;
28.675537109375;-0.132568359375;0.141357421875;1.096923828125;;;;;;;;;;;;;;;
28.67901611328125;-0.1494140625;-0.23974609375;0.737060546875;;;;;;;;;;;;;;;
28.682342529296875;0.135498046875;0.430419921875;1.0673828125;;;;;;;;;;;;;;;
28.685699462890625;-0.24462890625;-0.0771484375;0.990966796875;;;;;;;;;;;;;;;
28.689117431640625;0.082763671875;0.307373046875;1.0791015625;;;;;;;;;;;;;;;
28.69244384765625;-0.02734375;0.12548828125;1.03857421875;;;;;;;;;;;;;;;
28.695831298828125;-0.117431640625;0.130615234375;0.87255859375;;;;;;;;;;;;;;;
28.6993408203125;-0.142333984375;0.127197265625;1.131591796875;;;;;;;;;;;;;;;
28.702728271484375;-0.03662109375;-0.3935546875;1.0009765625;;;;;;;;;;;;;;;
28.7060546875;-0.043212890625;0.252685546875;1.183837890625;;;;;;;;;;;;;;;
28.70941162109375;-0.13427734375;-0.12646484375;0.849365234375;;;;;;;;;;;;;;;
28.712738037109375;0.14111328125;0.425048828125;0.97509765625;;;;;;;;;;;;;;;
28.71612548828125;-0.221923828125;0.23681640625;0.978515625;;;;;;;;;;;;;;;
28.71954345703125;-0.028076171875;0.02880859375;1.0458984375;;;;;;;;;;;;;;;
28.722869873046875;-0.2275390625;-0.02490234375;1.213623046875;;;;;;;;;;;;;;;
28.726287841796875;-0.008056640625;-0.27587890625;0.893798828125;;;;;;;;;;;;;;;
28.729644775390625;0.093994140625;0.3466796875;0.96533203125;;;;;;;;;;;;;;;
28.73297119140625;-0.248291015625;-0.059326171875;0.845947265625;;;;;;;;;;;;;;;
28.736358642578125;0.118408203125;0.130859375;1.22509765625;;;;;;;;;;;;;;;
28.739715576171875;-0.170654296875;0.11328125;1.150634765625;;;;;;;;;;;;;;;
28.743133544921875;-0.017822265625;0.035888671875;0.92578125;;;;;;;;;;;;;;;
28.746490478515625;-0.13427734375;0.193115234375;0.9345703125;;;;;;;;;;;;;;;
28.74993896484375;-0.2421875;-0.155517578125;0.859375;;;;;;;;;;;;;;;
28.75335693359375;0.0380859375;0.203857421875;1.16015625;;;;;;;;;;;;;;;
28.756805419921875;-0.000732421875;0.003173828125;0.98828125;;;;;;;;;;;;;;;
28.76019287109375;0.19189453125;0.267822265625;1.035400390625;;;;;;;;;;;;;;;
28.7635498046875;-0.23095703125;0.21435546875;0.915283203125;;;;;;;;;;;;;;;
28.766845703125;-0.052001953125;-0.013916015625;0.9404296875;;;;;;;;;;;;;;;
28.770294189453125;-0.12744140625;-0.004150390625;1.154541015625;;;;;;;;;;;;;;;
28.773651123046875;0.07373046875;-0.282470703125;1.0625;;;;;;;;;;;;;;;
28.77703857421875;-0.120361328125;0.316650390625;1.04931640625;;;;;;;;;;;;;;;
28.780426025390625;-0.25537109375;0.047607421875;0.77294921875;;;;;;;;;;;;;;;
28.783782958984375;0.091064453125;0.31884765625;1.09765625;;;;;;;;;;;;;;;
28.787078857421875;-0.154052734375;0.129638671875;1.145263671875;;;;;;;;;;;;;;;
28.7904052734375;-0.01904296875;-0.1611328125;1.107421875;;;;;;;;;;;;;;;
28.793853759765625;-0.201416015625;0.07373046875;1.037353515625;;;;;;;;;;;;;;;
28.7972412109375;0.035888671875;-0.328369140625;0.771240234375;;;;;;;;;;;;;;;
28.800567626953125;-0.057861328125;0.455078125;1.0205078125;;;;;;;;;;;;;;;
28.80389404296875;-0.1708984375;0.047119140625;0.968505859375;;;;;;;;;;;;;;;
28.80731201171875;0.025390625;0.3671875;1.177490234375;;;;;;;;;;;;;;;
28.810699462890625;-0.220703125;-0.09033203125;0.984130859375;;;;;;;;;;;;;;;
28.813995361328125;0.025146484375;-0.031005859375;0.879150390625;;;;;;;;;;;;;;;
28.81732177734375;-0.1162109375;0.080322265625;1.0615234375;;;;;;;;;;;;;;;
28.8206787109375;0.089111328125;-0.247802734375;1.0517578125;;;;;;;;;;;;;;;
28.824066162109375;-0.077880859375;0.3583984375;1.187255859375;;;;;;;;;;;;;;;
28.8275146484375;-0.070556640625;-0.10546875;0.833984375;;;;;;;;;;;;;;;
28.830902099609375;0.0849609375;0.36279296875;1.015625;;;;;;;;;;;;;;;
28.8343505859375;-0.4345703125;0.169677734375;0.9306640625;;;;;;;;;;;;;;;
28.837677001953125;0.1103515625;-0.064697265625;1.06005859375;;;;;;;;;;;;;;;
28.841064453125;-0.1220703125;0.051513671875;1.1748046875;;;;;;;;;;;;;;;
28.844482421875;0.12255859375;-0.326416015625;0.966064453125;;;;;;;;;;;;;;;
28.847900390625;-0.179931640625;0.35400390625;1.00927734375;;;;;;;;;;;;;;;
28.8511962890625;-0.2705078125;-0.22900390625;0.837646484375;;;;;;;;;;;;;;;
28.854583740234375;0.05712890625;0.27294921875;1.20703125;;;;;;;;;;;;;;;
28.85791015625;-0.075927734375;-0.043212890625;1.15283203125;;;;;;;;;;;;;;;
28.861328125;0.042236328125;0.18603515625;1.006591796875;;;;;;;;;;;;;;;
28.86468505859375;-0.171142578125;0.1484375;0.9091796875;;;;;;;;;;;;;;;
28.868072509765625;-0.109375;-0.03173828125;0.82568359375;;;;;;;;;;;;;;;
28.8714599609375;-0.009033203125;0.177978515625;1.159912109375;;;;;;;;;;;;;;;
28.8748779296875;0.021240234375;-0.201904296875;1.053466796875;;;;;;;;;;;;;;;
28.878265380859375;0.173583984375;0.263671875;1.167724609375;;;;;;;;;;;;;;;
28.8817138671875;-0.541748046875;-0.1552734375;0.852783203125;;;;;;;;;;;;;;;
28.885101318359375;0.0771484375;0.115234375;0.99609375;;;;;;;;;;;;;;;
28.88848876953125;-0.0654296875;0.04345703125;1.167236328125;;;;;;;;;;;;;;;
28.89190673828125;0.197998046875;-0.2822265625;1.073486328125;;;;;;;;;;;;;;;
28.89532470703125;-0.206787109375;0.376708984375;1.071533203125;;;;;;;;;;;;;;;
28.898773193359375;-0.32861328125;-0.19384765625;0.748291015625;;;;;;;;;;;;;;;
28.902191162109375;0.083740234375;0.4365234375;1.119873046875;;;;;;;;;;;;;;;
28.905548095703125;-0.50390625;-0.048583984375;0.954345703125;;;;;;;;;;;;;;;
28.908905029296875;-0.14306640625;-0.0302734375;1.10205078125;;;;;;;;;;;;;;;
28.912322998046875;-0.23974609375;-0.052734375;0.990234375;;;;;;;;;;;;;;;
28.91571044921875;0.168212890625;-0.136962890625;0.865234375;;;;;;;;;;;;;;;
28.919158935546875;0.508056640625;0.376953125;1.0234375;;;;;;;;;;;;;;;
28.92254638671875;-0.165283203125;-0.119873046875;0.946044921875;;;;;;;;;;;;;;;
28.92596435546875;0.138671875;0.426513671875;1.1962890625;;;;;;;;;;;;;;;
28.929412841796875;-0.164794921875;-0.18896484375;1.041259765625;;;;;;;;;;;;;;;
28.93280029296875;0.025390625;0.01708984375;0.946533203125;;;;;;;;;;;;;;;
28.936309814453125;-0.27294921875;0.021484375;1.019287109375;;;;;;;;;;;;;;;
28.939697265625;0.025634765625;0.042236328125;1.022216796875;;;;;;;;;;;;;;;
28.94305419921875;-0.04541015625;0.338134765625;1.134033203125;;;;;;;;;;;;;;;
28.946563720703125;0.087646484375;-0.150634765625;0.88232421875;;;;;;;;;;;;;;;
28.949920654296875;-0.01611328125;0.32763671875;1.05810546875;;;;;;;;;;;;;;;
28.953369140625;-0.579345703125;0.115478515625;0.806884765625;;;;;;;;;;;;;;;
28.9566650390625;0.4833984375;-0.034912109375;1.08544921875;;;;;;;;;;;;;;;
28.96002197265625;-0.130126953125;-0.0009765625;1.079345703125;;;;;;;;;;;;;;;
28.9635009765625;0.293701171875;-0.263671875;1.026123046875;;;;;;;;;;;;;;;
28.9669189453125;-0.242919921875;0.32568359375;0.975830078125;;;;;;;;;;;;;;;
28.970306396484375;-0.29052734375;0.001708984375;0.764404296875;;;;;;;;;;;;;;;
28.973724365234375;0.181640625;0.416259765625;1.21435546875;;;;;;;;;;;;;;;
28.97711181640625;-0.34423828125;-0.135986328125;1.17041015625;;;;;;;;;;;;;;;
28.9805908203125;0.0029296875;0.0087890625;1.08349609375;;;;;;;;;;;;;;;
28.98394775390625;-0.34521484375;-0.013916015625;0.796875;;;;;;;;;;;;;;;
28.98736572265625;0.2080078125;0.19287109375;0.849609375;;;;;;;;;;;;;;;
28.990753173828125;-0.058349609375;0.243408203125;1.089599609375;;;;;;;;;;;;;;;
28.994049072265625;0.08837890625;-0.2197265625;1.097412109375;;;;;;;;;;;;;;;
28.997406005859375;-0.169921875;0.227783203125;1.156494140625;;;;;;;;;;;;;;;
29.000823974609375;-0.390869140625;-0.172119140625;0.826416015625;;;;;;;;;;;;;;;
29.00421142578125;0.16748046875;0.189453125;1.037841796875;;;;;;;;;;;;;;;
29.007598876953125;-0.125732421875;0.125;1.0380859375;;;;;;;;;;;;;;;
29.01092529296875;0.19921875;0.2177734375;1.146240234375;;;;;;;;;;;;;;;
29.0142822265625;-0.236083984375;0.32666015625;1.0185546875;;;;;;;;;;;;;;;
29.01763916015625;-0.250732421875;-0.2080078125;0.73681640625;;;;;;;;;;;;;;;
29.02099609375;-0.005859375;0.156982421875;1.080078125;;;;;;;;;;;;;;;
29.024322509765625;-0.283203125;-0.106689453125;0.9345703125;;;;;;;;;;;;;;;
29.027740478515625;0.13330078125;0.099853515625;1.19287109375;;;;;;;;;;;;;;;
29.03106689453125;-0.228271484375;0.06298828125;0.943115234375;;;;;;;;;;;;;;;
29.034454345703125;0.203857421875;0.102783203125;0.929443359375;;;;;;;;;;;;;;;
29.037811279296875;-0.150146484375;0.342041015625;0.95361328125;;;;;;;;;;;;;;;
29.041168212890625;-0.00830078125;-0.1298828125;0.920166015625;;;;;;;;;;;;;;;
29.0445556640625;0.17822265625;0.197998046875;1.27880859375;;;;;;;;;;;;;;;
29.048004150390625;-0.3740234375;-0.2734375;0.969970703125;;;;;;;;;;;;;;;
29.051361083984375;0.239501953125;0.00732421875;1.042724609375;;;;;;;;;;;;;;;
29.05474853515625;-0.259033203125;0.130859375;0.771728515625;;;;;;;;;;;;;;;
29.058074951171875;0.171142578125;0.3974609375;1.0146484375;;;;;;;;;;;;;;;
29.06146240234375;0.035400390625;0.322509765625;1.084228515625;;;;;;;;;;;;;;;
29.06494140625;0.0791015625;-0.166259765625;1.071044921875;;;;;;;;;;;;;;;
29.06829833984375;-0.059814453125;0.07470703125;1.064453125;;;;;;;;;;;;;;;
29.071685791015625;-0.30322265625;-0.0166015625;0.766845703125;;;;;;;;;;;;;;;
29.075103759765625;0.388916015625;0.0947265625;1.192138671875;;;;;;;;;;;;;;;
29.078521728515625;-0.177001953125;0.02880859375;0.99072265625;;;;;;;;;;;;;;;
29.081939697265625;0.364990234375;-0.03466796875;1.134033203125;;;;;;;;;;;;;;;
29.0853271484375;-0.231689453125;0.218994140625;0.9248046875;;;;;;;;;;;;;;;
29.088714599609375;-0.056884765625;0.091796875;0.792236328125;;;;;;;;;;;;;;;
29.09210205078125;0.072021484375;0.189697265625;1.214599609375;;;;;;;;;;;;;;;
29.095428466796875;-0.23583984375;-0.212646484375;1.038330078125;;;;;;;;;;;;;;;
29.098785400390625;0.26611328125;0.112060546875;1.19775390625;;;;;;;;;;;;;;;
29.102142333984375;-0.297607421875;0.0703125;0.76953125;;;;;;;;;;;;;;;
29.105499267578125;0.334716796875;0.388671875;0.8388671875;;;;;;;;;;;;;;;
29.10888671875;0.19140625;0.1171875;1.079833984375;;;;;;;;;;;;;;;
29.112213134765625;-0.061767578125;-0.1650390625;1.114013671875;;;;;;;;;;;;;;;
29.115570068359375;-0.23583984375;0.052490234375;1.17724609375;;;;;;;;;;;;;;;
29.118988037109375;-0.427490234375;-0.16552734375;0.7685546875;;;;;;;;;;;;;;;
29.122344970703125;0.351318359375;0.181396484375;1.095947265625;;;;;;;;;;;;;;;
29.125732421875;-0.140625;0.15576171875;0.9794921875;;;;;;;;;;;;;;;
29.129119873046875;0.156982421875;0.259521484375;1.1953125;;;;;;;;;;;;;;;
29.132476806640625;-0.207275390625;0.173828125;0.96484375;;;;;;;;;;;;;;;
29.135833740234375;0.156494140625;-0.10205078125;0.806640625;;;;;;;;;;;;;;;
29.13922119140625;0.024169921875;0.056396484375;0.995361328125;;;;;;;;;;;;;;;
29.142608642578125;-0.063232421875;-0.095703125;0.927978515625;;;;;;;;;;;;;;;
29.14605712890625;0.18994140625;0.11181640625;1.302490234375;;;;;;;;;;;;;;;
29.149444580078125;-0.36181640625;-0.00146484375;0.91748046875;;;;;;;;;;;;;;;
29.152801513671875;0.305908203125;0.22900390625;1.08349609375;;;;;;;;;;;;;;;
29.1561279296875;-0.590087890625;0.1669921875;0.986572265625;;;;;;;;;;;;;;;
29.159515380859375;-0.241455078125;0.04052734375;0.9609375;;;;;;;;;;;;;;;
29.162994384765625;-0.041259765625;0.02587890625;1.193115234375;;;;;;;;;;;;;;;
29.1663818359375;-0.43603515625;-0.187255859375;0.939697265625;;;;;;;;;;;;;;;
29.169830322265625;0.322265625;0.22412109375;1.0673828125;;;;;;;;;;;;;;;
29.173248291015625;-0.152587890625;0.251708984375;0.85205078125;;;;;;;;;;;;;;;
29.1766357421875;0.186767578125;0.36083984375;1.052978515625;;;;;;;;;;;;;;;
29.180084228515625;0.05859375;-0.12841796875;1.08154296875;;;;;;;;;;;;;;;
29.18359375;-0.0703125;-0.242919921875;1.112060546875;;;;;;;;;;;;;;;
29.186981201171875;-0.232177734375;0.04052734375;0.981201171875;;;;;;;;;;;;;;;
29.190399169921875;-0.065185546875;-0.111328125;0.8056640625;;;;;;;;;;;;;;;
29.193756103515625;0.104736328125;0.23486328125;1.204345703125;;;;;;;;;;;;;;;
29.197113037109375;-0.14013671875;-0.015625;0.9892578125;;;;;;;;;;;;;;;
29.2005615234375;0.254638671875;0.271240234375;1.242919921875;;;;;;;;;;;;;;;
29.204010009765625;-0.546142578125;0.10986328125;0.802490234375;;;;;;;;;;;;;;;
29.2073974609375;-0.26953125;0.109130859375;0.829345703125;;;;;;;;;;;;;;;
29.210784912109375;-0.086181640625;0.0625;1.09814453125;;;;;;;;;;;;;;;
29.21417236328125;0.056884765625;-0.208251953125;1.02392578125;;;;;;;;;;;;;;;
29.217559814453125;0.3486328125;0.177978515625;1.24365234375;;;;;;;;;;;;;;;
29.220977783203125;-0.16943359375;0.047607421875;0.8525390625;;;;;;;;;;;;;;;
29.224334716796875;0.049560546875;0.516357421875;0.876220703125;;;;;;;;;;;;;;;
29.2276611328125;0.0302734375;0.023193359375;0.97412109375;;;;;;;;;;;;;;;
29.2310791015625;0.0849609375;-0.136962890625;1.161376953125;;;;;;;;;;;;;;;
29.2344970703125;-0.186767578125;0.0283203125;1.16015625;;;;;;;;;;;;;;;
29.23797607421875;-0.26708984375;-0.117431640625;0.77392578125;;;;;;;;;;;;;;;
29.241363525390625;0.17578125;0.183837890625;1.114990234375;;;;;;;;;;;;;;;
29.244781494140625;-0.205078125;0.13037109375;0.955078125;;;;;;;;;;;;;;;
29.248199462890625;0.1416015625;0.341064453125;1.194580078125;;;;;;;;;;;;;;;
29.25152587890625;-0.1572265625;0.184326171875;0.951416015625;;;;;;;;;;;;;;;
29.254913330078125;0.151611328125;0.094970703125;0.866455078125;;;;;;;;;;;;;;;
29.25830078125;-0.06591796875;-0.018798828125;0.947998046875;;;;;;;;;;;;;;;
29.26171875;0.0087890625;-0.201904296875;0.934814453125;;;;;;;;;;;;;;;
29.26507568359375;0.160400390625;0.087646484375;1.306884765625;;;;;;;;;;;;;;;
29.2684326171875;-0.134765625;0.00439453125;0.96728515625;;;;;;;;;;;;;;;
29.271881103515625;0.00634765625;0.446044921875;1.060546875;;;;;;;;;;;;;;;
29.275360107421875;-0.261474609375;0.10546875;0.80517578125;;;;;;;;;;;;;;;
29.278778076171875;0.197265625;0.24609375;1.02392578125;;;;;;;;;;;;;;;
29.2822265625;0.058837890625;0.03271484375;1.1337890625;;;;;;;;;;;;;;;
29.28570556640625;-0.02734375;-0.14892578125;1.034423828125;;;;;;;;;;;;;;;
29.289154052734375;-0.0458984375;0.211669921875;1.063720703125;;;;;;;;;;;;;;;
29.292572021484375;-0.20263671875;0.1279296875;0.80615234375;;;;;;;;;;;;;;;
29.29595947265625;-0.096435546875;0.455078125;1.08984375;;;;;;;;;;;;;;;
29.29937744140625;-0.128173828125;-0.31640625;1.012939453125;;;;;;;;;;;;;;;
29.302764892578125;0.06787109375;-0.052978515625;1.182861328125;;;;;;;;;;;;;;;
29.306182861328125;-0.214599609375;-0.01708984375;0.959716796875;;;;;;;;;;;;;;;
29.309600830078125;0.030517578125;0.247802734375;0.82470703125;;;;;;;;;;;;;;;
29.312957763671875;0.001953125;0.2841796875;1.107666015625;;;;;;;;;;;;;;;
29.31634521484375;0.027587890625;-0.09912109375;1.02587890625;;;;;;;;;;;;;;;
29.319732666015625;-0.063232421875;0.168212890625;1.210205078125;;;;;;;;;;;;;;;
29.323150634765625;-0.286865234375;-0.032958984375;0.820068359375;;;;;;;;;;;;;;;
29.326507568359375;0.05810546875;0.251708984375;0.892333984375;;;;;;;;;;;;;;;
29.3299560546875;-0.1015625;0.093505859375;0.99658203125;;;;;;;;;;;;;;;
29.333404541015625;0.107177734375;-0.074462890625;1.095947265625;;;;;;;;;;;;;;;
29.336822509765625;-0.013916015625;0.1923828125;1.241943359375;;;;;;;;;;;;;;;
29.340240478515625;-0.111572265625;-0.025634765625;0.848388671875;;;;;;;;;;;;;;;
29.343536376953125;-0.050537109375;0.47509765625;1.014404296875;;;;;;;;;;;;;;;
29.346923828125;-0.150146484375;-0.064697265625;0.87841796875;;;;;;;;;;;;;;;
29.35028076171875;0.09326171875;-0.008544921875;1.198974609375;;;;;;;;;;;;;;;
29.353729248046875;-0.152099609375;-0.010498046875;1.019287109375;;;;;;;;;;;;;;;
29.357147216796875;0.0458984375;0.0712890625;0.8486328125;;;;;;;;;;;;;;;
29.360504150390625;0.09912109375;0.21484375;1.068603515625;;;;;;;;;;;;;;;
29.363922119140625;-0.276123046875;-0.00634765625;0.918701171875;;;;;;;;;;;;;;;
29.36724853515625;0.050537109375;0.25927734375;1.236083984375;;;;;;;;;;;;;;;
29.370635986328125;-0.205078125;0.0576171875;0.94287109375;;;;;;;;;;;;;;;
29.373992919921875;0.143310546875;0.274169921875;0.919921875;;;;;;;;;;;;;;;
29.377349853515625;-0.090087890625;0.009521484375;0.877685546875;;;;;;;;;;;;;;;
29.38067626953125;0.152587890625;0.04345703125;1.00439453125;;;;;;;;;;;;;;;
29.384033203125;-0.1904296875;0.11376953125;1.4013671875;;;;;;;;;;;;;;;
29.38739013671875;-0.283447265625;-0.218505859375;0.985595703125;;;;;;;;;;;;;;;
29.390838623046875;-0.034912109375;0.247802734375;1.11181640625;;;;;;;;;;;;;;;
29.39422607421875;-0.36376953125;-0.06787109375;0.763916015625;;;;;;;;;;;;;;;
29.397613525390625;0.06884765625;0.533203125;0.993896484375;;;;;;;;;;;;;;;
29.400970458984375;-0.111328125;0.03076171875;1.079345703125;;;;;;;;;;;;;;;
29.404327392578125;0.190185546875;0.16796875;0.97021484375;;;;;;;;;;;;;;;
29.40771484375;0.2353515625;0.0517578125;1.143798828125;;;;;;;;;;;;;;;
29.411041259765625;-0.26318359375;-0.010498046875;0.810791015625;;;;;;;;;;;;;;;
29.4144287109375;-0.09228515625;0.248779296875;1.104248046875;;;;;;;;;;;;;;;
29.417755126953125;-0.102783203125;-0.36279296875;0.976318359375;;;;;;;;;;;;;;;
29.42120361328125;-0.00390625;0.207275390625;1.18212890625;;;;;;;;;;;;;;;
29.424530029296875;-0.193115234375;0.0234375;0.887939453125;;;;;;;;;;;;;;;
29.42791748046875;0.13525390625;0.399658203125;0.901611328125;;;;;;;;;;;;;;;
29.43133544921875;-0.20703125;0.244873046875;1.105224609375;;;;;;;;;;;;;;;
29.434722900390625;-0.1767578125;-0.142333984375;1.042236328125;;;;;;;;;;;;;;;
29.43817138671875;-0.167236328125;0.01611328125;1.24072265625;;;;;;;;;;;;;;;
29.4415283203125;-0.1083984375;-0.206787109375;0.83544921875;;;;;;;;;;;;;;;
29.44482421875;-0.085205078125;0.38037109375;0.971435546875;;;;;;;;;;;;;;;
29.4482421875;-0.2919921875;0.045654296875;0.90283203125;;;;;;;;;;;;;;;
29.45166015625;0.151123046875;0.102783203125;1.148681640625;;;;;;;;;;;;;;;
29.455078125;0.189208984375;0.239990234375;1.297119140625;;;;;;;;;;;;;;;
29.458465576171875;-0.223388671875;-0.044677734375;0.883544921875;;;;;;;;;;;;;;;
29.46185302734375;-0.13525390625;0.305908203125;1.000244140625;;;;;;;;;;;;;;;
29.465301513671875;-0.273193359375;-0.270263671875;0.8564453125;;;;;;;;;;;;;;;
29.468658447265625;0.04931640625;0.314697265625;1.170654296875;;;;;;;;;;;;;;;
29.472076416015625;-0.10791015625;-0.075439453125;1.025634765625;;;;;;;;;;;;;;;
29.475494384765625;0.06396484375;0.268798828125;0.947021484375;;;;;;;;;;;;;;;
29.478790283203125;-0.1171875;0.196044921875;0.995361328125;;;;;;;;;;;;;;;
29.482269287109375;-0.18701171875;0.107177734375;0.91552734375;;;;;;;;;;;;;;;
29.48565673828125;-0.10546875;0.052001953125;1.2236328125;;;;;;;;;;;;;;;
29.489044189453125;-0.072265625;-0.13037109375;1.019775390625;;;;;;;;;;;;;;;
29.492431640625;-0.03564453125;0.316650390625;1.04736328125;;;;;;;;;;;;;;;
29.49578857421875;-0.20166015625;-0.0712890625;0.81494140625;;;;;;;;;;;;;;;
29.499176025390625;0.12255859375;0.07958984375;1.057861328125;;;;;;;;;;;;;;;
29.502532958984375;-0.16796875;0.1484375;1.104736328125;;;;;;;;;;;;;;;
29.50592041015625;-0.0048828125;-0.03369140625;1.053466796875;;;;;;;;;;;;;;;
29.509246826171875;-0.274169921875;0.23095703125;1.072998046875;;;;;;;;;;;;;;;
29.5126953125;-0.149658203125;-0.240966796875;0.753173828125;;;;;;;;;;;;;;;
29.5159912109375;-0.101806640625;0.41455078125;1.01708984375;;;;;;;;;;;;;;;
29.5194091796875;-0.091552734375;0.008056640625;0.962890625;;;;;;;;;;;;;;;
29.522735595703125;0.169189453125;0.1748046875;1.133056640625;;;;;;;;;;;;;;;
29.526092529296875;-0.171875;0.052978515625;1.0322265625;;;;;;;;;;;;;;;
29.529449462890625;-0.048095703125;-0.048583984375;0.86767578125;;;;;;;;;;;;;;;
29.532806396484375;-0.147705078125;0.16259765625;1.076904296875;;;;;;;;;;;;;;;
29.53619384765625;-0.038330078125;-0.30224609375;1.022705078125;;;;;;;;;;;;;;;
29.539581298828125;-0.10986328125;0.334228515625;1.146484375;;;;;;;;;;;;;;;
29.54296875;-0.035888671875;0.002197265625;0.857666015625;;;;;;;;;;;;;;;
29.54638671875;0.13134765625;0.332763671875;1.016357421875;;;;;;;;;;;;;;;
29.5498046875;-0.298828125;0.211669921875;0.9423828125;;;;;;;;;;;;;;;
29.553192138671875;0.12841796875;-0.144287109375;1.05810546875;;;;;;;;;;;;;;;
29.5565185546875;-0.18408203125;0.00146484375;1.187255859375;;;;;;;;;;;;;;;
29.559814453125;0.068115234375;-0.34033203125;0.9560546875;;;;;;;;;;;;;;;
29.563140869140625;-0.1416015625;0.403076171875;0.963623046875;;;;;;;;;;;;;;;
29.56658935546875;-0.26513671875;0.008544921875;0.7998046875;;;;;;;;;;;;;;;
29.57000732421875;0.1630859375;0.220458984375;1.2412109375;;;;;;;;;;;;;;;
29.573394775390625;-0.111328125;0.077880859375;1.198974609375;;;;;;;;;;;;;;;
29.576812744140625;-0.043212890625;-0.062255859375;0.973876953125;;;;;;;;;;;;;;;
29.580230712890625;-0.16650390625;0.1181640625;0.924560546875;;;;;;;;;;;;;;;
29.583587646484375;-0.141845703125;-0.22802734375;0.8431396484375;;;;;;;;;;;;;;;
29.586883544921875;0.01171875;0.293212890625;1.156494140625;;;;;;;;;;;;;;;
29.590240478515625;-0.034423828125;-0.0234375;1.025146484375;;;;;;;;;;;;;;;
29.593597412109375;0.185302734375;0.341064453125;1.0537109375;;;;;;;;;;;;;;;
29.597015380859375;-0.263671875;-0.002197265625;0.906982421875;;;;;;;;;;;;;;;
29.60040283203125;-0.05615234375;0.0810546875;0.954345703125;;;;;;;;;;;;;;;
29.603790283203125;-0.140625;-0.041015625;1.18359375;;;;;;;;;;;;;;;
29.607147216796875;0.114990234375;-0.350341796875;1.083740234375;;;;;;;;;;;;;;;
29.61053466796875;-0.114501953125;0.31982421875;1.0859375;;;;;;;;;;;;;;;
29.6138916015625;-0.2236328125;-0.078125;0.75341796875;;;;;;;;;;;;;;;
29.617279052734375;0.136962890625;0.341796875;1.133056640625;;;;;;;;;;;;;;;
29.620758056640625;-0.49072265625;0.09423828125;0.99609375;;;;;;;;;;;;;;;
29.624114990234375;-0.146484375;-0.028564453125;1.08935546875;;;;;;;;;;;;;;;
29.62750244140625;-0.282958984375;0.140625;1.018310546875;;;;;;;;;;;;;;;
29.630828857421875;0.08544921875;-0.240478515625;0.874267578125;;;;;;;;;;;;;;;
29.634246826171875;-0.043701171875;0.367431640625;1.03955078125;;;;;;;;;;;;;;;
29.637603759765625;-0.206787109375;-0.05908203125;0.933349609375;;;;;;;;;;;;;;;
29.6409912109375;0.123291015625;0.272216796875;1.208251953125;;;;;;;;;;;;;;;
29.644378662109375;-0.202392578125;-0.05078125;1.02587890625;;;;;;;;;;;;;;;
29.64776611328125;0.02978515625;-0.03955078125;0.900146484375;;;;;;;;;;;;;;;
29.65118408203125;-0.215576171875;0.1875;1.042724609375;;;;;;;;;;;;;;;
29.654541015625;0.036376953125;-0.084716796875;1.034423828125;;;;;;;;;;;;;;;
29.657928466796875;-0.241943359375;0.483642578125;1.156494140625;;;;;;;;;;;;;;;
29.66131591796875;-0.047607421875;-0.232177734375;0.855712890625;;;;;;;;;;;;;;;
29.6646728515625;0.103759765625;0.254150390625;1.0732421875;;;;;;;;;;;;;;;
29.66802978515625;-0.561279296875;0.06201171875;0.802978515625;;;;;;;;;;;;;;;
29.671356201171875;0.54052734375;-0.015625;1.044189453125;;;;;;;;;;;;;;;
29.674713134765625;-0.121337890625;0.092529296875;1.138916015625;;;;;;;;;;;;;;;
29.67803955078125;0.16650390625;-0.22216796875;0.973876953125;;;;;;;;;;;;;;;
29.68133544921875;-0.240234375;0.384033203125;0.974609375;;;;;;;;;;;;;;;
29.68475341796875;-0.392822265625;-0.1220703125;0.754638671875;;;;;;;;;;;;;;;
29.6881103515625;0.278564453125;0.287109375;1.266357421875;;;;;;;;;;;;;;;
29.6915283203125;-0.390380859375;-0.110595703125;1.222412109375;;;;;;;;;;;;;;;
29.6949462890625;-0.045654296875;0.05517578125;1.012451171875;;;;;;;;;;;;;;;
29.698272705078125;-0.259765625;-0.010986328125;0.85986328125;;;;;;;;;;;;;;;
29.70166015625;0.159423828125;0.0927734375;0.809814453125;;;;;;;;;;;;;;;
29.705047607421875;0.111083984375;0.252197265625;1.11474609375;;;;;;;;;;;;;;;
29.708404541015625;-0.001953125;-0.089111328125;1.09375;;;;;;;;;;;;;;;
29.7117919921875;-0.166015625;0.302978515625;1.14990234375;;;;;;;;;;;;;;;
29.7152099609375;-0.494873046875;-0.19384765625;0.851318359375;;;;;;;;;;;;;;;
29.71868896484375;0.16748046875;0.079345703125;1.00390625;;;;;;;;;;;;;;;
29.722015380859375;-0.036376953125;-0.0341796875;1.102783203125;;;;;;;;;;;;;;;
29.725372314453125;0.225341796875;0.16259765625;1.122802734375;;;;;;;;;;;;;;;
29.728790283203125;-0.221923828125;0.280029296875;1.060302734375;;;;;;;;;;;;;;;
29.732208251953125;-0.30419921875;-0.0595703125;0.7412109375;;;;;;;;;;;;;;;
29.73553466796875;0.028564453125;0.25830078125;1.092529296875;;;;;;;;;;;;;;;
29.738922119140625;-0.358154296875;0.0478515625;0.954833984375;;;;;;;;;;;;;;;
29.7423095703125;0.0146484375;-0.023681640625;1.163818359375;;;;;;;;;;;;;;;
29.74560546875;-0.26708984375;0.01025390625;0.9794921875;;;;;;;;;;;;;;;
29.7490234375;0.164306640625;-0.05078125;0.88232421875;;;;;;;;;;;;;;;
29.752349853515625;-0.099365234375;0.2802734375;0.988525390625;;;;;;;;;;;;;;;
29.755706787109375;-0.109375;-0.11572265625;0.914794921875;;;;;;;;;;;;;;;
29.75909423828125;0.1494140625;0.299072265625;1.25830078125;;;;;;;;;;;;;;;
29.762542724609375;-0.135986328125;-0.049560546875;1.00439453125;;;;;;;;;;;;;;;
29.76593017578125;0.10791015625;0.095703125;1.000244140625;;;;;;;;;;;;;;;
29.769287109375;-0.18505859375;0.092041015625;0.834716796875;;;;;;;;;;;;;;;
29.772705078125;0.04052734375;0.146240234375;1.026611328125;;;;;;;;;;;;;;;
29.776153564453125;0.25927734375;0.293212890625;1.139892578125;;;;;;;;;;;;;;;
29.779510498046875;-0.01953125;-0.191650390625;1.042236328125;;;;;;;;;;;;;;;
29.782958984375;0.004150390625;0.2138671875;1.056640625;;;;;;;;;;;;;;;
29.78631591796875;-0.33544921875;0.10498046875;0.84228515625;;;;;;;;;;;;;;;
29.7896728515625;0.151123046875;0.089111328125;1.112548828125;;;;;;;;;;;;;;;
29.793060302734375;-0.0654296875;0.02392578125;1.074951171875;;;;;;;;;;;;;;;
29.796478271484375;0.169921875;-0.136962890625;1.046630859375;;;;;;;;;;;;;;;
29.7998046875;-0.149658203125;0.2724609375;0.935791015625;;;;;;;;;;;;;;;
29.803253173828125;-0.159912109375;-0.0537109375;0.783935546875;;;;;;;;;;;;;;;
29.80670166015625;0.038818359375;0.26806640625;1.194091796875;;;;;;;;;;;;;;;
29.810150146484375;-0.109130859375;-0.1767578125;1.114013671875;;;;;;;;;;;;;;;
29.81353759765625;0.1044921875;0.117919921875;1.1357421875;;;;;;;;;;;;;;;
29.816864013671875;-0.197998046875;-0.019287109375;0.818603515625;;;;;;;;;;;;;;;
29.8201904296875;0.091552734375;0.31298828125;0.848876953125;;;;;;;;;;;;;;;
29.823577880859375;0.000244140625;0.2353515625;1.066650390625;;;;;;;;;;;;;;;
29.826934814453125;0.02392578125;-0.122802734375;1.08935546875;;;;;;;;;;;;;;;
29.83026123046875;-0.114013671875;0.157958984375;1.18701171875;;;;;;;;;;;;;;;
29.833648681640625;-0.40673828125;-0.2490234375;0.822509765625;;;;;;;;;;;;;;;
29.8370361328125;0.190673828125;0.146484375;1.0458984375;;;;;;;;;;;;;;;
29.840362548828125;-0.09130859375;0.08740234375;1.021484375;;;;;;;;;;;;;;;
29.843780517578125;0.227294921875;0.338623046875;1.139892578125;;;;;;;;;;;;;;;
29.84722900390625;-0.257080078125;0.26025390625;0.992919921875;;;;;;;;;;;;;;;
29.850677490234375;0.090087890625;-0.0810546875;0.773681640625;;;;;;;;;;;;;;;
29.85406494140625;-0.1455078125;0.174560546875;1.054931640625;;;;;;;;;;;;;;;
29.857513427734375;-0.251220703125;-0.053466796875;0.89599609375;;;;;;;;;;;;;;;
29.860870361328125;0.36669921875;0.001220703125;1.22021484375;;;;;;;;;;;;;;;
29.86419677734375;-0.17041015625;0.023681640625;0.93798828125;;;;;;;;;;;;;;;
29.8675537109375;0.255615234375;0.07568359375;0.976806640625;;;;;;;;;;;;;;;
29.87091064453125;-0.114990234375;0.2744140625;0.945556640625;;;;;;;;;;;;;;;
29.874237060546875;-0.018798828125;0.121337890625;0.95703125;;;;;;;;;;;;;;;
29.8775634765625;-0.016357421875;0.279052734375;1.209716796875;;;;;;;;;;;;;;;
29.8809814453125;-0.1943359375;-0.206298828125;1.0;;;;;;;;;;;;;;;
29.884429931640625;0.065185546875;0.08349609375;1.063720703125;;;;;;;;;;;;;;;
29.887786865234375;-0.244140625;0.108154296875;0.775390625;;;;;;;;;;;;;;;
29.89111328125;0.093017578125;0.25244140625;1.050537109375;;;;;;;;;;;;;;;
29.89447021484375;-0.046875;0.091796875;1.08544921875;;;;;;;;;;;;;;;
29.897918701171875;0.054931640625;-0.17578125;1.103515625;;;;;;;;;;;;;;;
29.901275634765625;-0.171142578125;0.206298828125;1.030029296875;;;;;;;;;;;;;;;
29.904693603515625;-0.355224609375;0.04638671875;0.7724609375;;;;;;;;;;;;;;;
29.908050537109375;0.360595703125;0.1884765625;1.225830078125;;;;;;;;;;;;;;;
29.911468505859375;-0.028076171875;-0.00634765625;1.03125;;;;;;;;;;;;;;;
29.914794921875;0.2275390625;0.042724609375;1.16259765625;;;;;;;;;;;;;;;
29.91815185546875;-0.359130859375;0.1240234375;0.781494140625;;;;;;;;;;;;;;;
29.9215087890625;-0.06787109375;0.14404296875;0.8427734375;;;;;;;;;;;;;;;
29.924835205078125;-0.162841796875;0.233642578125;1.10986328125;;;;;;;;;;;;;;;
29.928253173828125;-0.028076171875;-0.267822265625;0.989013671875;;;;;;;;;;;;;;;
29.931610107421875;0.26513671875;0.1357421875;1.21875;;;;;;;;;;;;;;;
29.93499755859375;-0.178466796875;0.092529296875;0.8037109375;;;;;;;;;;;;;;;
29.9384765625;0.12060546875;0.485107421875;0.890625;;;;;;;;;;;;;;;
29.941864013671875;-0.492919921875;0.074951171875;1.012939453125;;;;;;;;;;;;;;;
29.94525146484375;0.124267578125;-0.173583984375;1.14404296875;;;;;;;;;;;;;;;
29.948699951171875;-0.2236328125;-0.007080078125;1.17138671875;;;;;;;;;;;;;;;
29.952056884765625;-0.392822265625;-0.154296875;0.760986328125;;;;;;;;;;;;;;;
29.955474853515625;0.374755859375;0.166748046875;1.105712890625;;;;;;;;;;;;;;;
29.95880126953125;-0.164794921875;0.23828125;0.9375;;;;;;;;;;;;;;;
29.962158203125;0.21142578125;0.317626953125;1.203857421875;;;;;;;;;;;;;;;
29.965576171875;-0.226318359375;0.127685546875;0.9755859375;;;;;;;;;;;;;;;
29.968902587890625;0.09423828125;0.026123046875;0.8359375;;;;;;;;;;;;;;;
29.97222900390625;-0.09521484375;-0.04052734375;0.96337890625;;;;;;;;;;;;;;;
29.97564697265625;-0.1005859375;-0.1728515625;0.88818359375;;;;;;;;;;;;;;;
29.97900390625;0.40625;0.07421875;1.301513671875;;;;;;;;;;;;;;;
29.982391357421875;-0.204345703125;0.06591796875;0.926513671875;;;;;;;;;;;;;;;
29.985809326171875;0.214111328125;0.359130859375;1.070068359375;;;;;;;;;;;;;;;
29.989166259765625;-0.3681640625;0.1943359375;0.889892578125;;;;;;;;;;;;;;;
29.992523193359375;0.023681640625;0.253662109375;0.9921875;;;;;;;;;;;;;;;
29.995880126953125;-0.026611328125;0.021240234375;1.17236328125;;;;;;;;;;;;;;;
29.999267578125;-0.08837890625;-0.25732421875;0.993896484375;;;;;;;;;;;;;;;
30.002655029296875;0.118896484375;0.16162109375;1.06298828125;;;;;;;;;;;;;;;
30.00604248046875;-0.120849609375;0.19580078125;0.802001953125;;;;;;;;;;;;;;;
30.009368896484375;0.20068359375;0.489013671875;1.06005859375;;;;;;;;;;;;;;;
30.012725830078125;-0.091796875;-0.118896484375;1.020263671875;;;;;;;;;;;;;;;
30.016082763671875;0.028564453125;0.02587890625;1.16455078125;;;;;;;;;;;;;;;
30.01947021484375;-0.215576171875;-0.054443359375;0.973388671875;;;;;;;;;;;;;;;
30.022857666015625;-0.108154296875;0.05859375;0.798828125;;;;;;;;;;;;;;;
30.026153564453125;0.251708984375;0.0986328125;1.194091796875;;;;;;;;;;;;;;;
30.029632568359375;0.006591796875;0.007568359375;1.0078125;;;;;;;;;;;;;;;
30.032989501953125;0.0712890625;0.337646484375;1.21240234375;;;;;;;;;;;;;;;
30.036285400390625;-0.326904296875;0.061279296875;0.781982421875;;;;;;;;;;;;;;;
30.039642333984375;0.054931640625;0.2880859375;0.87744140625;;;;;;;;;;;;;;;
30.0430908203125;-0.083984375;0.142333984375;1.02880859375;;;;;;;;;;;;;;;
30.046539306640625;-0.02587890625;-0.21728515625;1.107421875;;;;;;;;;;;;;;;
30.0499267578125;-0.05810546875;0.07470703125;1.244873046875;;;;;;;;;;;;;;;
30.05328369140625;-0.08056640625;-0.00048828125;0.84130859375;;;;;;;;;;;;;;;
30.05670166015625;-0.05859375;0.52587890625;0.9345703125;;;;;;;;;;;;;;;
30.060089111328125;-0.107177734375;-0.033447265625;0.92822265625;;;;;;;;;;;;;;;
30.06341552734375;-0.001708984375;-0.0537109375;1.168212890625;;;;;;;;;;;;;;;
30.06683349609375;-0.1806640625;-0.006103515625;1.1474609375;;;;;;;;;;;;;;;
30.070220947265625;-0.091064453125;-0.01416015625;0.858154296875;;;;;;;;;;;;;;;
30.073516845703125;-0.01953125;0.2294921875;1.029541015625;;;;;;;;;;;;;;;
30.076904296875;-0.19677734375;0.072509765625;0.941162109375;;;;;;;;;;;;;;;
30.08026123046875;-0.0361328125;0.22265625;1.197998046875;;;;;;;;;;;;;;;
30.0836181640625;-0.20166015625;0.030029296875;0.982177734375;;;;;;;;;;;;;;;
30.08697509765625;0.035400390625;0.091064453125;0.921142578125;;;;;;;;;;;;;;;
30.09033203125;-0.107177734375;0.060546875;0.905517578125;;;;;;;;;;;;;;;
30.093658447265625;0.105712890625;-0.08740234375;0.986572265625;;;;;;;;;;;;;;;
30.09698486328125;-0.091064453125;0.24267578125;1.302001953125;;;;;;;;;;;;;;;
30.100311279296875;-0.017822265625;-0.10693359375;1.0263671875;;;;;;;;;;;;;;;
30.103729248046875;-0.11328125;0.429931640625;1.107177734375;;;;;;;;;;;;;;;
30.10711669921875;-0.379638671875;-0.043701171875;0.80224609375;;;;;;;;;;;;;;;
30.1104736328125;-0.025390625;0.254150390625;1.034912109375;;;;;;;;;;;;;;;
30.11383056640625;-0.096923828125;-0.092041015625;1.0908203125;;;;;;;;;;;;;;;
30.117218017578125;0.164794921875;0.0009765625;0.994384765625;;;;;;;;;;;;;;;
30.120635986328125;0.054443359375;0.3076171875;1.086669921875;;;;;;;;;;;;;;;
30.123992919921875;-0.145263671875;0.124267578125;0.865478515625;;;;;;;;;;;;;;;
30.127349853515625;-0.2197265625;0.401611328125;1.099609375;;;;;;;;;;;;;;;
30.130706787109375;-0.1142578125;-0.41552734375;1.00439453125;;;;;;;;;;;;;;;
30.13409423828125;-0.033447265625;0.057373046875;1.160888671875;;;;;;;;;;;;;;;
30.137481689453125;-0.13525390625;-0.05908203125;0.92919921875;;;;;;;;;;;;;;;
30.140869140625;0.1513671875;0.315673828125;0.893310546875;;;;;;;;;;;;;;;
30.144195556640625;-0.299560546875;0.317626953125;1.063720703125;;;;;;;;;;;;;;;
30.147613525390625;-0.0791015625;-0.135009765625;1.040771484375;;;;;;;;;;;;;;;
30.15093994140625;-0.18310546875;0.141357421875;1.215087890625;;;;;;;;;;;;;;;
30.154388427734375;-0.150634765625;-0.098388671875;0.856689453125;;;;;;;;;;;;;;;
30.157806396484375;0.054931640625;0.361328125;0.91064453125;;;;;;;;;;;;;;;
30.16119384765625;-0.109619140625;0.04541015625;0.96728515625;;;;;;;;;;;;;;;
30.16455078125;0.18505859375;-0.000732421875;1.170654296875;;;;;;;;;;;;;;;
30.16790771484375;0.197265625;0.16796875;1.2939453125;;;;;;;;;;;;;;;
30.1712646484375;-0.191162109375;-0.08740234375;0.8828125;;;;;;;;;;;;;;;
30.1746826171875;-0.18017578125;0.3955078125;0.98046875;;;;;;;;;;;;;;;
30.178070068359375;-0.222412109375;-0.117919921875;0.86328125;;;;;;;;;;;;;;;
30.18145751953125;0.042236328125;0.186767578125;1.16796875;;;;;;;;;;;;;;;
30.18487548828125;-0.123291015625;0.04736328125;1.0458984375;;;;;;;;;;;;;;;
30.188232421875;0.136962890625;0.151611328125;0.92724609375;;;;;;;;;;;;;;;
30.191558837890625;-0.089599609375;0.184326171875;1.0400390625;;;;;;;;;;;;;;;
30.19488525390625;-0.27490234375;-0.050048828125;0.908447265625;;;;;;;;;;;;;;;
30.198272705078125;-0.0361328125;0.109130859375;1.208740234375;;;;;;;;;;;;;;;
30.20159912109375;-0.064208984375;-0.0712890625;1.001220703125;;;;;;;;;;;;;;;
30.2049560546875;0.032958984375;0.389892578125;0.945068359375;;;;;;;;;;;;;;;
30.20831298828125;-0.159912109375;0.06103515625;0.840087890625;;;;;;;;;;;;;;;
30.211700439453125;0.136474609375;0.13916015625;1.02734375;;;;;;;;;;;;;;;
30.215057373046875;-0.254150390625;0.13330078125;1.361572265625;;;;;;;;;;;;;;;
30.21844482421875;-0.24462890625;-0.152587890625;1.0126953125;;;;;;;;;;;;;;;
30.22186279296875;-0.14501953125;0.2783203125;1.086669921875;;;;;;;;;;;;;;;
30.225250244140625;-0.15087890625;-0.166015625;0.74658203125;;;;;;;;;;;;;;;
30.228759765625;0.051513671875;0.419921875;1.02392578125;;;;;;;;;;;;;;;
30.232086181640625;-0.198974609375;-0.094482421875;1.001220703125;;;;;;;;;;;;;;;
30.2354736328125;0.191162109375;0.192138671875;1.058837890625;;;;;;;;;;;;;;;
30.238922119140625;0.006103515625;0.200927734375;1.0908203125;;;;;;;;;;;;;;;
30.242340087890625;-0.194580078125;0.13525390625;0.831298828125;;;;;;;;;;;;;;;
30.2457275390625;-0.088623046875;0.1796875;1.097412109375;;;;;;;;;;;;;;;
30.24920654296875;-0.1181640625;-0.436767578125;0.978271484375;;;;;;;;;;;;;;;
30.2525634765625;0.018310546875;0.234375;1.173828125;;;;;;;;;;;;;;;
30.25592041015625;-0.119384765625;-0.087158203125;0.878662109375;;;;;;;;;;;;;;;
30.259307861328125;0.259033203125;0.468505859375;0.952880859375;;;;;;;;;;;;;;;
30.2626953125;-0.3125;0.3046875;1.00341796875;;;;;;;;;;;;;;;
30.26605224609375;-0.089111328125;-0.017822265625;1.0576171875;;;;;;;;;;;;;;;
30.2694091796875;-0.27685546875;-0.103271484375;1.221435546875;;;;;;;;;;;;;;;
30.272857666015625;-0.046875;-0.28515625;0.8955078125;;;;;;;;;;;;;;;
30.276214599609375;0.058837890625;0.3203125;0.94873046875;;;;;;;;;;;;;;;
30.279571533203125;-0.245361328125;0.025634765625;0.856689453125;;;;;;;;;;;;;;;
30.282958984375;0.150146484375;0.12060546875;1.188720703125;;;;;;;;;;;;;;;
30.286285400390625;-0.04296875;0.180419921875;1.206298828125;;;;;;;;;;;;;;;
30.28961181640625;-0.01953125;0.044921875;0.949951171875;;;;;;;;;;;;;;;
30.292999267578125;-0.15673828125;0.189697265625;0.940185546875;;;;;;;;;;;;;;;
30.29644775390625;-0.193115234375;-0.20361328125;0.853759765625;;;;;;;;;;;;;;;
30.299774169921875;-0.01611328125;0.2001953125;1.150390625;;;;;;;;;;;;;;;
30.303131103515625;-0.052001953125;-0.070556640625;0.99853515625;;;;;;;;;;;;;;;
30.306427001953125;0.159423828125;0.285400390625;1.028076171875;;;;;;;;;;;;;;;
30.30975341796875;-0.16650390625;0.154541015625;0.90478515625;;;;;;;;;;;;;;;
30.313140869140625;-0.02587890625;0.11328125;0.95703125;;;;;;;;;;;;;;;
30.3165283203125;-0.06005859375;-0.0224609375;1.19775390625;;;;;;;;;;;;;;;
30.32000732421875;0.023681640625;-0.164306640625;1.060791015625;;;;;;;;;;;;;;;
30.323394775390625;-0.1015625;0.28955078125;1.067138671875;;;;;;;;;;;;;;;
30.326812744140625;-0.23779296875;0.01513671875;0.75830078125;;;;;;;;;;;;;;;
30.330230712890625;0.09619140625;0.212890625;1.080322265625;;;;;;;;;;;;;;;
30.333709716796875;-0.142333984375;0.0693359375;1.076904296875;;;;;;;;;;;;;;;
30.3370361328125;-0.001953125;-0.041015625;1.09326171875;;;;;;;;;;;;;;;
30.34039306640625;-0.15576171875;0.1201171875;1.04248046875;;;;;;;;;;;;;;;
30.343719482421875;-0.016845703125;-0.23388671875;0.780029296875;;;;;;;;;;;;;;;
30.3470458984375;0.026611328125;0.39892578125;1.06689453125;;;;;;;;;;;;;;;
30.35052490234375;-0.22802734375;0.04736328125;0.930908203125;;;;;;;;;;;;;;;
30.3538818359375;0.068115234375;0.263427734375;1.161376953125;;;;;;;;;;;;;;;
30.357391357421875;-0.16943359375;-0.013671875;1.02001953125;;;;;;;;;;;;;;;
30.36077880859375;-0.014404296875;-0.04296875;0.88671875;;;;;;;;;;;;;;;
30.364227294921875;-0.1318359375;0.12451171875;1.0400390625;;;;;;;;;;;;;;;
30.367645263671875;0.025390625;-0.27099609375;1.053466796875;;;;;;;;;;;;;;;
30.37103271484375;-0.07080078125;0.33056640625;1.18310546875;;;;;;;;;;;;;;;
30.374359130859375;-0.060546875;-0.046875;0.8642578125;;;;;;;;;;;;;;;
30.37774658203125;0.149658203125;0.353515625;1.025390625;;;;;;;;;;;;;;;
30.381103515625;-0.44091796875;0.223388671875;0.909912109375;;;;;;;;;;;;;;;
30.384521484375;0.07373046875;-0.039306640625;1.0810546875;;;;;;;;;;;;;;;
30.38787841796875;-0.164306640625;-0.036376953125;1.173095703125;;;;;;;;;;;;;;;
30.3912353515625;0.1103515625;-0.340576171875;0.974365234375;;;;;;;;;;;;;;;
30.394561767578125;-0.1552734375;0.29638671875;0.95166015625;;;;;;;;;;;;;;;
30.39788818359375;-0.2451171875;-0.0634765625;0.8212890625;;;;;;;;;;;;;;;
30.401275634765625;0.091064453125;0.254638671875;1.253173828125;;;;;;;;;;;;;;;
30.404632568359375;-0.343505859375;0.0517578125;1.234619140625;;;;;;;;;;;;;;;
30.407958984375;-0.2119140625;0.060791015625;0.9658203125;;;;;;;;;;;;;;;
30.411285400390625;-0.16357421875;0.089111328125;0.901611328125;;;;;;;;;;;;;;;
30.4146728515625;0.0791015625;-0.0791015625;0.83544921875;;;;;;;;;;;;;;;
30.417999267578125;0.03125;0.183837890625;1.161865234375;;;;;;;;;;;;;;;
30.421356201171875;-0.052001953125;-0.1015625;1.051513671875;;;;;;;;;;;;;;;
30.424652099609375;0.1884765625;0.230224609375;1.135498046875;;;;;;;;;;;;;;;
30.42803955078125;-0.361572265625;-0.0703125;0.876220703125;;;;;;;;;;;;;;;
30.431488037109375;-0.015869140625;0.08447265625;0.98828125;;;;;;;;;;;;;;;
30.434906005859375;-0.004638671875;0.06494140625;1.15478515625;;;;;;;;;;;;;;;
30.438323974609375;0.100341796875;0.037841796875;1.08642578125;;;;;;;;;;;;;;;
30.44171142578125;-0.15234375;0.331298828125;1.08203125;;;;;;;;;;;;;;;
30.44500732421875;-0.27099609375;-0.204345703125;0.75244140625;;;;;;;;;;;;;;;
30.4483642578125;0.156005859375;0.221923828125;1.120849609375;;;;;;;;;;;;;;;
30.451751708984375;-0.4716796875;-0.033447265625;0.999755859375;;;;;;;;;;;;;;;
30.4552001953125;-0.180419921875;0.00634765625;1.11474609375;;;;;;;;;;;;;;;
30.458587646484375;-0.2001953125;-0.0517578125;1.0185546875;;;;;;;;;;;;;;;
30.461944580078125;0.109375;-0.08251953125;0.89453125;;;;;;;;;;;;;;;
30.465362548828125;-0.00830078125;0.333251953125;1.02197265625;;;;;;;;;;;;;;;
30.468719482421875;-0.176513671875;-0.0166015625;0.939697265625;;;;;;;;;;;;;;;
30.47210693359375;0.087646484375;0.306396484375;1.26513671875;;;;;;;;;;;;;;;
30.47552490234375;-0.12890625;-0.1533203125;1.0263671875;;;;;;;;;;;;;;;
30.4788818359375;0.104736328125;-0.018798828125;0.960205078125;;;;;;;;;;;;;;;
30.482208251953125;-0.158935546875;-0.014892578125;1.00146484375;;;;;;;;;;;;;;;
30.485626220703125;0.062255859375;0.0771484375;1.00927734375;;;;;;;;;;;;;;;
30.488983154296875;-0.0732421875;0.292724609375;1.195556640625;;;;;;;;;;;;;;;
30.49237060546875;-0.03955078125;-0.142333984375;0.871826171875;;;;;;;;;;;;;;;
30.495697021484375;0.11572265625;0.321044921875;1.037109375;;;;;;;;;;;;;;;
30.49908447265625;-0.299072265625;0.205322265625;0.8759765625;;;;;;;;;;;;;;;
30.50250244140625;0.16259765625;0.01171875;1.081787109375;;;;;;;;;;;;;;;
30.505950927734375;-0.01513671875;-0.07763671875;1.151611328125;;;;;;;;;;;;;;;
30.509307861328125;0.094970703125;-0.2294921875;1.0;;;;;;;;;;;;;;;
30.512664794921875;-0.08984375;0.218994140625;0.94775390625;;;;;;;;;;;;;;;
30.516021728515625;-0.164306640625;-0.0185546875;0.806884765625;;;;;;;;;;;;;;;
30.519378662109375;0.029541015625;0.324951171875;1.187744140625;;;;;;;;;;;;;;;
30.52276611328125;-0.086669921875;-0.01953125;1.126953125;;;;;;;;;;;;;;;
30.526214599609375;0.095703125;0.08984375;1.097412109375;;;;;;;;;;;;;;;
30.529541015625;-0.141357421875;-0.003662109375;0.8525390625;;;;;;;;;;;;;;;
30.53289794921875;0.08544921875;0.160400390625;0.827392578125;;;;;;;;;;;;;;;
30.53631591796875;0.13818359375;0.133544921875;1.10400390625;;;;;;;;;;;;;;;
30.53973388671875;0.05712890625;-0.173095703125;1.096435546875;;;;;;;;;;;;;;;
30.54315185546875;-0.183837890625;0.28271484375;1.173583984375;;;;;;;;;;;;;;;
30.54656982421875;-0.345458984375;-0.13671875;0.836669921875;;;;;;;;;;;;;;;
30.54998779296875;0.119873046875;0.1826171875;1.031494140625;;;;;;;;;;;;;;;
30.553375244140625;-0.01318359375;0.043212890625;1.082763671875;;;;;;;;;;;;;;;
30.556793212890625;0.13818359375;0.24169921875;1.104248046875;;;;;;;;;;;;;;;
30.5601806640625;-0.098388671875;0.26220703125;1.031005859375;;;;;;;;;;;;;;;
30.56353759765625;-0.103515625;-0.1591796875;0.757568359375;;;;;;;;;;;;;;;
30.56689453125;-0.05517578125;0.199462890625;1.081787109375;;;;;;;;;;;;;;;
30.570220947265625;-0.269775390625;-0.067626953125;0.9560546875;;;;;;;;;;;;;;;
30.57366943359375;0.033447265625;0.12109375;1.193115234375;;;;;;;;;;;;;;;
30.577056884765625;-0.229248046875;0.080810546875;0.987060546875;;;;;;;;;;;;;;;
30.580413818359375;0.14501953125;0.08544921875;0.897216796875;;;;;;;;;;;;;;;
30.583831787109375;-0.123046875;0.30615234375;0.957275390625;;;;;;;;;;;;;;;
30.58721923828125;-0.023681640625;-0.10693359375;0.915771484375;;;;;;;;;;;;;;;
30.59063720703125;0.10791015625;0.236083984375;1.287109375;;;;;;;;;;;;;;;
30.594024658203125;-0.17919921875;-0.214111328125;1.014892578125;;;;;;;;;;;;;;;
30.597442626953125;0.09765625;0.0224609375;1.0087890625;;;;;;;;;;;;;;;
30.600830078125;-0.242919921875;0.111083984375;0.791259765625;;;;;;;;;;;;;;;
30.604248046875;0.109619140625;0.374267578125;1.027099609375;;;;;;;;;;;;;;;
30.607574462890625;-0.101318359375;0.36572265625;1.10107421875;;;;;;;;;;;;;;;
30.610992431640625;0.05078125;-0.16015625;1.061767578125;;;;;;;;;;;;;;;
30.614349365234375;-0.102783203125;0.07666015625;1.06005859375;;;;;;;;;;;;;;;
30.61773681640625;-0.2861328125;-0.01806640625;0.79052734375;;;;;;;;;;;;;;;
30.62115478515625;0.312255859375;0.098388671875;1.216796875;;;;;;;;;;;;;;;
30.62451171875;-0.026123046875;0.127197265625;1.0537109375;;;;;;;;;;;;;;;
30.62786865234375;0.158935546875;0.00634765625;1.09912109375;;;;;;;;;;;;;;;
30.631317138671875;0.005615234375;0.230712890625;0.955810546875;;;;;;;;;;;;;;;
30.6346435546875;-0.2431640625;-0.064453125;0.75634765625;;;;;;;;;;;;;;;
30.638031005859375;0.097900390625;0.208984375;1.1630859375;;;;;;;;;;;;;;;
30.64141845703125;-0.066650390625;-0.161376953125;1.075439453125;;;;;;;;;;;;;;;
30.644744873046875;0.1630859375;0.184814453125;1.17333984375;;;;;;;;;;;;;;;
30.64813232421875;-0.270263671875;0.060791015625;0.8115234375;;;;;;;;;;;;;;;
30.65142822265625;0.0244140625;0.345458984375;0.8857421875;;;;;;;;;;;;;;;
30.65484619140625;-0.160400390625;0.079833984375;1.03955078125;;;;;;;;;;;;;;;
30.658203125;0.03662109375;-0.302490234375;1.1025390625;;;;;;;;;;;;;;;
30.661590576171875;-0.1181640625;0.1435546875;1.20654296875;;;;;;;;;;;;;;;
30.664947509765625;-0.400390625;-0.0966796875;0.759765625;;;;;;;;;;;;;;;
30.668365478515625;0.324462890625;0.300537109375;1.082275390625;;;;;;;;;;;;;;;
30.671661376953125;-0.127197265625;0.196533203125;0.980224609375;;;;;;;;;;;;;;;
30.675079345703125;0.2822265625;0.26806640625;1.189208984375;;;;;;;;;;;;;;;
30.678497314453125;-0.373046875;0.14892578125;0.9873046875;;;;;;;;;;;;;;;
30.681915283203125;0.132080078125;-0.169921875;0.780517578125;;;;;;;;;;;;;;;
30.685302734375;-0.06494140625;0.107666015625;1.037353515625;;;;;;;;;;;;;;;
30.688629150390625;-0.1572265625;-0.0986328125;0.856689453125;;;;;;;;;;;;;;;
30.692047119140625;0.4658203125;0.19189453125;1.263427734375;;;;;;;;;;;;;;;
30.69549560546875;-0.206787109375;0.06787109375;0.940185546875;;;;;;;;;;;;;;;
30.698822021484375;0.204833984375;0.28271484375;0.995361328125;;;;;;;;;;;;;;;
30.702301025390625;-0.287109375;0.130859375;0.893310546875;;;;;;;;;;;;;;;
30.705596923828125;0.03564453125;0.07275390625;0.94287109375;;;;;;;;;;;;;;;
30.70904541015625;0.14404296875;0.05810546875;1.226318359375;;;;;;;;;;;;;;;
30.712432861328125;-0.218017578125;-0.183837890625;1.02392578125;;;;;;;;;;;;;;;
30.71588134765625;0.044189453125;0.167236328125;1.060546875;;;;;;;;;;;;;;;
30.71929931640625;-0.235595703125;0.228271484375;0.78662109375;;;;;;;;;;;;;;;
30.722747802734375;0.100341796875;0.4140625;1.04248046875;;;;;;;;;;;;;;;
30.726104736328125;-0.101318359375;-0.0244140625;1.029541015625;;;;;;;;;;;;;;;
30.729522705078125;0.140380859375;-0.123779296875;1.1650390625;;;;;;;;;;;;;;;
30.732818603515625;-0.16357421875;0.031494140625;1.027099609375;;;;;;;;;;;;;;;
30.73614501953125;-0.31591796875;-0.04345703125;0.784423828125;;;;;;;;;;;;;;;
30.739532470703125;0.257080078125;0.10205078125;1.1611328125;;;;;;;;;;;;;;;
30.742950439453125;0.009521484375;0.053955078125;1.01708984375;;;;;;;;;;;;;;;
30.746337890625;0.16650390625;0.234130859375;1.171630859375;;;;;;;;;;;;;;;
30.749725341796875;-0.3798828125;0.13525390625;0.8056640625;;;;;;;;;;;;;;;
30.7530517578125;-0.10791015625;0.111572265625;0.818603515625;;;;;;;;;;;;;;;
30.75640869140625;-0.003173828125;0.154052734375;1.06787109375;;;;;;;;;;;;;;;
30.759765625;0.0205078125;-0.2509765625;1.1171875;;;;;;;;;;;;;;;
30.76312255859375;0.04150390625;0.126953125;1.226318359375;;;;;;;;;;;;;;;
30.766571044921875;-0.23046875;0.04638671875;0.859619140625;;;;;;;;;;;;;;;
30.769927978515625;-0.074951171875;0.449951171875;0.88427734375;;;;;;;;;;;;;;;
30.773345947265625;-0.245849609375;0.088134765625;0.984130859375;;;;;;;;;;;;;;;
30.776702880859375;0.053955078125;-0.199462890625;1.122802734375;;;;;;;;;;;;;;;
30.780059814453125;-0.12451171875;0.052490234375;1.17724609375;;;;;;;;;;;;;;;
30.783416748046875;-0.1474609375;-0.0849609375;0.864013671875;;;;;;;;;;;;;;;
30.786834716796875;-0.028564453125;0.27685546875;1.046142578125;;;;;;;;;;;;;;;
30.790191650390625;-0.1171875;0.10205078125;0.9677734375;;;;;;;;;;;;;;;
30.793701171875;0.09130859375;0.2333984375;1.16845703125;;;;;;;;;;;;;;;
30.797119140625;-0.182373046875;0.104736328125;0.99755859375;;;;;;;;;;;;;;;
30.80047607421875;0.061767578125;-0.029052734375;0.870361328125;;;;;;;;;;;;;;;
30.80389404296875;-0.124267578125;0.1123046875;0.9580078125;;;;;;;;;;;;;;;
30.80718994140625;-0.068115234375;-0.081298828125;0.94384765625;;;;;;;;;;;;;;;
30.810546875;0.060791015625;0.135498046875;1.252197265625;;;;;;;;;;;;;;;
30.81402587890625;-0.027099609375;-0.080322265625;1.019287109375;;;;;;;;;;;;;;;
30.817413330078125;0.0205078125;0.331787109375;1.04150390625;;;;;;;;;;;;;;;
30.820831298828125;-0.497802734375;0.153564453125;0.83935546875;;;;;;;;;;;;;;;
30.824188232421875;0.034423828125;0.1669921875;1.006103515625;;;;;;;;;;;;;;;
30.827545166015625;0.00244140625;0.05224609375;1.148193359375;;;;;;;;;;;;;;;
30.8309326171875;-0.03515625;-0.17724609375;1.04150390625;;;;;;;;;;;;;;;
30.834259033203125;-0.041015625;0.213623046875;1.07177734375;;;;;;;;;;;;;;;
30.837646484375;-0.14453125;0.162109375;0.814208984375;;;;;;;;;;;;;;;
30.841033935546875;-0.058837890625;0.41259765625;1.0390625;;;;;;;;;;;;;;;
30.84442138671875;-0.486328125;-0.170166015625;1.015625;;;;;;;;;;;;;;;
30.84783935546875;0.086181640625;-0.06396484375;1.177001953125;;;;;;;;;;;;;;;
30.851165771484375;-0.127685546875;0.05908203125;0.982177734375;;;;;;;;;;;;;;;
30.854522705078125;-0.04931640625;0.1123046875;0.809814453125;;;;;;;;;;;;;;;
30.858001708984375;0.16796875;0.207763671875;1.1728515625;;;;;;;;;;;;;;;
30.861297607421875;-0.084228515625;-0.102294921875;1.020263671875;;;;;;;;;;;;;;;
30.8646240234375;0.049072265625;0.21728515625;1.20556640625;;;;;;;;;;;;;;;
30.86798095703125;-0.3037109375;0.0537109375;0.775634765625;;;;;;;;;;;;;;;
30.871368408203125;0.199951171875;0.297607421875;0.84228515625;;;;;;;;;;;;;;;
30.874755859375;0.032958984375;0.043212890625;1.043212890625;;;;;;;;;;;;;;;
30.87823486328125;-0.056884765625;-0.12158203125;1.103271484375;;;;;;;;;;;;;;;
30.88153076171875;0.020751953125;0.09423828125;1.27685546875;;;;;;;;;;;;;;;
30.88494873046875;-0.22265625;0.039794921875;0.85009765625;;;;;;;;;;;;;;;
30.888336181640625;0.0302734375;0.363037109375;0.974365234375;;;;;;;;;;;;;;;
30.89166259765625;-0.209716796875;0.0341796875;0.872802734375;;;;;;;;;;;;;;;
30.8951416015625;0.17236328125;-0.055419921875;1.16748046875;;;;;;;;;;;;;;;
30.898529052734375;-0.11279296875;0.0927734375;1.036376953125;;;;;;;;;;;;;;;
30.901947021484375;-0.03125;-0.008056640625;0.867919921875;;;;;;;;;;;;;;;
30.905364990234375;0.138671875;0.195068359375;1.0341796875;;;;;;;;;;;;;;;
30.90875244140625;-0.211669921875;0.08349609375;0.904052734375;;;;;;;;;;;;;;;
30.912261962890625;0.11669921875;0.073486328125;1.22900390625;;;;;;;;;;;;;;;
30.9156494140625;-0.33154296875;0.043212890625;0.95751953125;;;;;;;;;;;;;;;
30.918975830078125;0.17236328125;0.17236328125;0.922119140625;;;;;;;;;;;;;;;
30.922332763671875;-0.18603515625;0.1220703125;0.863525390625;;;;;;;;;;;;;;;
30.925750732421875;0.1806640625;0.004150390625;0.9560546875;;;;;;;;;;;;;;;
30.92919921875;0.16796875;0.0986328125;1.303466796875;;;;;;;;;;;;;;;
30.93255615234375;-0.08984375;-0.099853515625;1.019287109375;;;;;;;;;;;;;;;
30.93603515625;-0.067626953125;0.257568359375;1.086181640625;;;;;;;;;;;;;;;
30.939483642578125;-0.24072265625;0.017333984375;0.761474609375;;;;;;;;;;;;;;;
30.94287109375;0.115234375;0.34375;1.002197265625;;;;;;;;;;;;;;;
30.946258544921875;-0.069580078125;0.031982421875;1.036865234375;;;;;;;;;;;;;;;
30.94970703125;0.1884765625;0.038818359375;1.019287109375;;;;;;;;;;;;;;;
30.953216552734375;0.146240234375;0.14453125;1.10205078125;;;;;;;;;;;;;;;
30.95660400390625;-0.166015625;0.1318359375;0.80322265625;;;;;;;;;;;;;;;
30.9600830078125;-0.03466796875;0.22998046875;1.080078125;;;;;;;;;;;;;;;
30.96343994140625;-0.14013671875;-0.240478515625;0.98046875;;;;;;;;;;;;;;;
30.966827392578125;0.06689453125;0.158447265625;1.1904296875;;;;;;;;;;;;;;;
30.970184326171875;-0.305419921875;0.010498046875;0.917724609375;;;;;;;;;;;;;;;
30.973541259765625;0.15673828125;0.3212890625;0.826416015625;;;;;;;;;;;;;;;
30.9769287109375;0.092041015625;0.2890625;1.12744140625;;;;;;;;;;;;;;;
30.98028564453125;-0.03662109375;-0.067138671875;1.02880859375;;;;;;;;;;;;;;;
30.983673095703125;-0.095458984375;0.01123046875;1.24951171875;;;;;;;;;;;;;;;
30.987091064453125;-0.21484375;-0.1201171875;0.83935546875;;;;;;;;;;;;;;;
30.990447998046875;0.0986328125;0.404052734375;0.90380859375;;;;;;;;;;;;;;;
30.993743896484375;-0.215576171875;0.06591796875;0.9091796875;;;;;;;;;;;;;;;
30.997161865234375;0.27880859375;0.0283203125;1.14599609375;;;;;;;;;;;;;;;
31.0006103515625;0.31884765625;0.19384765625;1.303955078125;;;;;;;;;;;;;;;
31.00396728515625;-0.161376953125;-0.072021484375;0.89501953125;;;;;;;;;;;;;;;
31.00732421875;-0.085205078125;0.27197265625;0.986328125;;;;;;;;;;;;;;;
31.0107421875;-0.260009765625;-0.142333984375;0.806396484375;;;;;;;;;;;;;;;
31.014129638671875;0.14990234375;0.1640625;1.17333984375;;;;;;;;;;;;;;;
31.017547607421875;-0.238037109375;-0.037109375;1.00634765625;;;;;;;;;;;;;;;
31.02093505859375;-0.021728515625;0.178955078125;0.909423828125;;;;;;;;;;;;;;;
31.024322509765625;0.034423828125;0.131103515625;1.017333984375;;;;;;;;;;;;;;;
31.027740478515625;-0.14013671875;0.143798828125;0.88037109375;;;;;;;;;;;;;;;
31.031097412109375;0.03955078125;0.046142578125;1.22900390625;;;;;;;;;;;;;;;
31.034454345703125;-0.089111328125;0.00244140625;1.002685546875;;;;;;;;;;;;;;;
31.03778076171875;-0.01171875;0.270751953125;0.9931640625;;;;;;;;;;;;;;;
31.041229248046875;-0.24658203125;-0.046875;0.79052734375;;;;;;;;;;;;;;;
31.044586181640625;0.1416015625;0.026611328125;1.007080078125;;;;;;;;;;;;;;;
31.048004150390625;-0.02880859375;0.127197265625;1.25146484375;;;;;;;;;;;;;;;
31.051361083984375;-0.012451171875;0.007568359375;1.068359375;;;;;;;;;;;;;;;
31.054779052734375;-0.18017578125;0.244873046875;1.10498046875;;;;;;;;;;;;;;;
31.05816650390625;-0.142822265625;-0.09521484375;0.753662109375;;;;;;;;;;;;;;;
31.06158447265625;0.01513671875;0.337646484375;1.026123046875;;;;;;;;;;;;;;;
31.064910888671875;-0.13525390625;-0.043212890625;0.970947265625;;;;;;;;;;;;;;;
31.068359375;0.11865234375;0.099365234375;1.130859375;;;;;;;;;;;;;;;
31.071746826171875;-0.15380859375;0.136474609375;1.032470703125;;;;;;;;;;;;;;;
31.075103759765625;-0.095947265625;0.006103515625;0.858154296875;;;;;;;;;;;;;;;
31.07855224609375;-0.16357421875;0.172119140625;1.06689453125;;;;;;;;;;;;;;;
31.08203125;-0.05615234375;-0.33154296875;1.00634765625;;;;;;;;;;;;;;;
31.08544921875;-0.075927734375;0.2763671875;1.168212890625;;;;;;;;;;;;;;;
31.088897705078125;-0.083251953125;-0.0087890625;0.88720703125;;;;;;;;;;;;;;;
31.092315673828125;0.132568359375;0.2890625;0.968994140625;;;;;;;;;;;;;;;
31.09564208984375;-0.19189453125;0.2216796875;0.962646484375;;;;;;;;;;;;;;;
31.09893798828125;0.01318359375;-0.119140625;1.07470703125;;;;;;;;;;;;;;;
31.102294921875;-0.224365234375;-0.034912109375;1.19873046875;;;;;;;;;;;;;;;
31.105621337890625;-0.046875;-0.25341796875;0.9365234375;;;;;;;;;;;;;;;
31.108978271484375;-0.080810546875;0.35693359375;0.945068359375;;;;;;;;;;;;;;;
31.11236572265625;-0.247802734375;0.09228515625;0.832763671875;;;;;;;;;;;;;;;
31.11578369140625;0.180908203125;0.16552734375;1.211181640625;;;;;;;;;;;;;;;
31.119110107421875;-0.126708984375;0.09423828125;1.206787109375;;;;;;;;;;;;;;;
31.122528076171875;-0.02978515625;-0.117431640625;0.983154296875;;;;;;;;;;;;;;;
31.1259765625;-0.2294921875;0.0927734375;0.941162109375;;;;;;;;;;;;;;;
31.129364013671875;-0.20166015625;-0.2060546875;0.830322265625;;;;;;;;;;;;;;;
31.13287353515625;-0.022216796875;0.298583984375;1.1396484375;;;;;;;;;;;;;;;
31.136199951171875;-0.08056640625;0.085693359375;1.018310546875;;;;;;;;;;;;;;;
31.13958740234375;0.1416015625;0.2666015625;1.05419921875;;;;;;;;;;;;;;;
31.143035888671875;-0.33447265625;0.022705078125;0.899169921875;;;;;;;;;;;;;;;
31.146392822265625;-0.02197265625;-0.02099609375;0.94140625;;;;;;;;;;;;;;;
31.149810791015625;-0.111572265625;-0.0107421875;1.16552734375;;;;;;;;;;;;;;;
31.153106689453125;0.12841796875;-0.25;-0.7373046875;;;;;;;;;;;;;;;
31.15643310546875;-0.198486328125;0.317138671875;1.106689453125;;;;;;;;;;;;;;;
31.159881591796875;-0.3154296875;0.00732421875;0.78271484375;;;;;;;;;;;;;;;
31.163299560546875;0.101806640625;0.21875;1.078857421875;;;;;;;;;;;;;;;
31.166656494140625;-0.453125;0.153076171875;0.99658203125;;;;;;;;;;;;;;;
31.1700439453125;-0.147216796875;-0.09814453125;1.084716796875;;;;;;;;;;;;;;;
31.17340087890625;-0.206298828125;0.150634765625;1.087890625;;;;;;;;;;;;;;;
31.176788330078125;-0.004150390625;-0.25146484375;0.84326171875;;;;;;;;;;;;;;;
31.18011474609375;0.009521484375;0.37158203125;1.033203125;;;;;;;;;;;;;;;
31.18341064453125;-0.29296875;-0.015869140625;0.965087890625;;;;;;;;;;;;;;;
31.1868896484375;0.111328125;0.197998046875;1.280517578125;;;;;;;;;;;;;;;
31.190277099609375;-0.09228515625;0.024658203125;1.075927734375;;;;;;;;;;;;;;;
31.19366455078125;-0.1123046875;-0.0556640625;0.884765625;;;;;;;;;;;;;;;
31.197113037109375;-0.179931640625;0.204833984375;1.0361328125;;;;;;;;;;;;;;;
31.200439453125;-0.015869140625;-0.204345703125;0.999755859375;;;;;;;;;;;;;;;
31.20379638671875;-0.043212890625;0.420166015625;1.182861328125;;;;;;;;;;;;;;;
31.207122802734375;-0.0244140625;-0.11767578125;0.86767578125;;;;;;;;;;;;;;;
31.21063232421875;0.251953125;0.24169921875;1.02880859375;;;;;;;;;;;;;;;
31.214141845703125;-0.4443359375;0.113525390625;0.93115234375;;;;;;;;;;;;;;;
31.217498779296875;-0.001708984375;-0.017333984375;1.033203125;;;;;;;;;;;;;;;
31.2208251953125;-0.141357421875;0.051025390625;1.194580078125;;;;;;;;;;;;;;;
31.224273681640625;0.09912109375;-0.201171875;0.976806640625;;;;;;;;;;;;;;;
31.227691650390625;-0.115966796875;0.358154296875;0.961669921875;;;;;;;;;;;;;;;
31.2310791015625;-0.241455078125;-0.11474609375;0.809326171875;;;;;;;;;;;;;;;
31.234527587890625;0.162841796875;0.23486328125;1.235107421875;;;;;;;;;;;;;;;
31.237884521484375;-0.255126953125;-0.0087890625;1.2392578125;;;;;;;;;;;;;;;
31.241241455078125;-0.1484375;0.009765625;0.981201171875;;;;;;;;;;;;;;;
31.244598388671875;-0.108642578125;0.005126953125;0.933837890625;;;;;;;;;;;;;;;
31.248046875;-0.054931640625;-0.050537109375;0.8125;;;;;;;;;;;;;;;
31.251434326171875;0.010986328125;0.276611328125;1.160888671875;;;;;;;;;;;;;;;
31.254852294921875;-0.110595703125;-0.041748046875;1.024169921875;;;;;;;;;;;;;;;
31.2581787109375;-0.01171875;0.3447265625;1.1220703125;;;;;;;;;;;;;;;
31.261566162109375;-0.2783203125;-0.104736328125;0.912353515625;;;;;;;;;;;;;;;
31.2650146484375;-0.05859375;0.07080078125;0.933349609375;;;;;;;;;;;;;;;
31.268402099609375;-0.0625;-0.085205078125;1.1708984375;;;;;;;;;;;;;;;
31.271697998046875;0.109375;-0.046142578125;1.066162109375;;;;;;;;;;;;;;;
31.275115966796875;-0.12255859375;0.276611328125;1.10986328125;;;;;;;;;;;;;;;
31.27850341796875;-0.27197265625;-0.10400390625;0.76123046875;;;;;;;;;;;;;;;
31.28179931640625;0.1162109375;0.431396484375;1.07568359375;;;;;;;;;;;;;;;
31.285186767578125;-0.441162109375;0.12744140625;0.97802734375;;;;;;;;;;;;;;;
31.288604736328125;-0.130126953125;-0.044921875;1.11181640625;;;;;;;;;;;;;;;
31.2919921875;-0.19873046875;-0.009765625;1.047119140625;;;;;;;;;;;;;;;
31.29534912109375;0.111328125;-0.18603515625;0.85888671875;;;;;;;;;;;;;;;
31.298675537109375;-0.059814453125;0.31982421875;1.019775390625;;;;;;;;;;;;;;;
31.30206298828125;-0.244873046875;-0.126708984375;0.91748046875;;;;;;;;;;;;;;;
31.3055419921875;0.13818359375;0.3203125;1.260009765625;;;;;;;;;;;;;;;
31.308929443359375;-0.046875;-0.031494140625;1.04052734375;;;;;;;;;;;;;;;
31.312408447265625;0.046630859375;0.052734375;0.97216796875;;;;;;;;;;;;;;;
31.3157958984375;-0.23046875;0.112060546875;0.8369140625;;;;;;;;;;;;;;;
31.31915283203125;-0.005859375;-0.002197265625;0.99755859375;;;;;;;;;;;;;;;
31.322540283203125;-0.048583984375;0.30712890625;1.160888671875;;;;;;;;;;;;;;;
31.325897216796875;0.071044921875;-0.18017578125;1.0185546875;;;;;;;;;;;;;;;
31.3292236328125;0.098876953125;0.268310546875;1.054443359375;;;;;;;;;;;;;;;
31.3326416015625;-0.2646484375;0.13671875;0.875;;;;;;;;;;;;;;;
31.33599853515625;0.0849609375;0.131591796875;1.160888671875;;;;;;;;;;;;;;;
31.33935546875;-0.107666015625;0.035400390625;1.1337890625;;;;;;;;;;;;;;;
31.34271240234375;0.10888671875;-0.23828125;1.015380859375;;;;;;;;;;;;;;;
31.3460693359375;-0.17236328125;0.2763671875;0.966552734375;;;;;;;;;;;;;;;
31.3494873046875;-0.259521484375;-0.084228515625;0.749755859375;;;;;;;;;;;;;;;
31.3529052734375;0.077880859375;0.259521484375;1.2080078125;;;;;;;;;;;;;;;
31.3563232421875;-0.080322265625;-0.050048828125;1.142578125;;;;;;;;;;;;;;;
31.359771728515625;0.062744140625;0.138427734375;1.1083984375;;;;;;;;;;;;;;;
31.363128662109375;-0.271728515625;0.050537109375;0.862548828125;;;;;;;;;;;;;;;
31.366455078125;0.03173828125;0.077880859375;0.83203125;;;;;;;;;;;;;;;
31.36993408203125;-0.089111328125;0.23876953125;1.108154296875;;;;;;;;;;;;;;;
31.373291015625;0.006591796875;-0.112548828125;1.0380859375;;;;;;;;;;;;;;;
31.37664794921875;-0.14013671875;0.26904296875;1.177001953125;;;;;;;;;;;;;;;
31.380035400390625;-0.267578125;-0.151611328125;0.85986328125;;;;;;;;;;;;;;;
31.383453369140625;0.0615234375;0.1513671875;1.01220703125;;;;;;;;;;;;;;;
31.386810302734375;-0.171875;0.078857421875;1.07763671875;;;;;;;;;;;;;;;
31.390167236328125;0.154052734375;0.065673828125;1.125732421875;;;;;;;;;;;;;;;
31.393646240234375;-0.272216796875;0.285888671875;1.085205078125;;;;;;;;;;;;;;;
31.3970947265625;-0.029541015625;-0.1611328125;0.756591796875;;;;;;;;;;;;;;;
31.400482177734375;-0.061767578125;0.2568359375;1.08203125;;;;;;;;;;;;;;;
31.40386962890625;-0.3515625;-0.015380859375;0.909912109375;;;;;;;;;;;;;;;
31.4072265625;0.283203125;0.079345703125;1.149658203125;;;;;;;;;;;;;;;
31.41058349609375;-0.158203125;0.116943359375;1.01171875;;;;;;;;;;;;;;;
31.413970947265625;0.14404296875;-0.047119140625;0.931884765625;;;;;;;;;;;;;;;
31.417388916015625;-0.24658203125;0.283935546875;0.99560546875;;;;;;;;;;;;;;;
31.4207763671875;-0.1826171875;-0.178466796875;0.908935546875;;;;;;;;;;;;;;;
31.42413330078125;0.032470703125;0.212158203125;1.24267578125;;;;;;;;;;;;;;;
31.42755126953125;-0.186279296875;-0.143798828125;1.029052734375;;;;;;;;;;;;;;;
31.430938720703125;0.0439453125;0.220703125;0.998291015625;;;;;;;;;;;;;;;
31.434356689453125;-0.201904296875;0.189453125;0.802001953125;;;;;;;;;;;;;;;
31.43768310546875;0.09130859375;0.165771484375;1.006103515625;;;;;;;;;;;;;;;
31.441162109375;-0.0947265625;0.03564453125;1.14306640625;;;;;;;;;;;;;;;
31.444549560546875;0.061279296875;-0.308837890625;1.068603515625;;;;;;;;;;;;;;;
31.447967529296875;-0.020263671875;0.192138671875;1.072265625;;;;;;;;;;;;;;;
31.451416015625;-0.52587890625;-0.0263671875;0.775634765625;;;;;;;;;;;;;;;
31.45477294921875;0.266845703125;0.220703125;1.176513671875;;;;;;;;;;;;;;;
31.4581298828125;-0.03173828125;0.136474609375;1.095703125;;;;;;;;;;;;;;;
31.46148681640625;0.211181640625;0.256591796875;1.093994140625;;;;;;;;;;;;;;;
31.46490478515625;-0.30224609375;0.167236328125;0.86474609375;;;;;;;;;;;;;;;
31.468292236328125;-0.1416015625;-0.13232421875;0.7900390625;;;;;;;;;;;;;;;
31.47174072265625;-0.02783203125;0.241943359375;1.154541015625;;;;;;;;;;;;;;;
31.475067138671875;-0.28125;-0.164306640625;1.03515625;;;;;;;;;;;;;;;
31.478424072265625;-0.0634765625;0.1669921875;1.159423828125;;;;;;;;;;;;;;;
31.481781005859375;-0.2646484375;-0.02392578125;0.845458984375;;;;;;;;;;;;;;;
31.485137939453125;0.125;0.30322265625;0.926025390625;;;;;;;;;;;;;;;
31.488555908203125;-0.101806640625;0.192138671875;1.054443359375;;;;;;;;;;;;;;;
31.491943359375;0.118896484375;-0.237060546875;1.087158203125;;;;;;;;;;;;;;;
31.495269775390625;-0.10546875;0.230224609375;1.156982421875;;;;;;;;;;;;;;;
31.4986572265625;-0.240478515625;-0.2724609375;0.867919921875;;;;;;;;;;;;;;;
31.501953125;0.027587890625;0.167236328125;1.045166015625;;;;;;;;;;;;;;;
31.505340576171875;-0.17431640625;0.1005859375;1.01416015625;;;;;;;;;;;;;;;
31.508636474609375;0.129150390625;0.301025390625;1.130126953125;;;;;;;;;;;;;;;
31.512054443359375;-0.233642578125;0.248046875;1.040283203125;;;;;;;;;;;;;;;
31.51544189453125;0.105712890625;-0.117919921875;0.809326171875;;;;;;;;;;;;;;;
31.518829345703125;-0.09521484375;0.1455078125;1.025634765625;;;;;;;;;;;;;;;
31.522216796875;-0.21630859375;-0.064697265625;0.93115234375;;;;;;;;;;;;;;;
31.525634765625;0.06787109375;0.040283203125;1.22705078125;;;;;;;;;;;;;;;
31.529022216796875;-0.223876953125;0.06591796875;0.969970703125;;;;;;;;;;;;;;;
31.5323486328125;0.16064453125;0.176513671875;0.984375;;;;;;;;;;;;;;;
31.535736083984375;-0.22412109375;0.22021484375;0.93603515625;;;;;;;;;;;;;;;
31.53912353515625;0.013427734375;0.012939453125;0.959228515625;;;;;;;;;;;;;;;
31.54254150390625;-0.035400390625;0.20751953125;1.2001953125;;;;;;;;;;;;;;;
31.54595947265625;-0.02490234375;-0.191650390625;1.031982421875;;;;;;;;;;;;;;;
31.54925537109375;0.090576171875;0.131591796875;1.068359375;;;;;;;;;;;;;;;
31.5526123046875;-0.199462890625;0.16357421875;0.8095703125;;;;;;;;;;;;;;;
31.555999755859375;0.010986328125;0.323974609375;0.979736328125;;;;;;;;;;;;;;;
31.55938720703125;0.0009765625;0.01025390625;1.109375;;;;;;;;;;;;;;;
31.562713623046875;0.00634765625;-0.205322265625;1.14501953125;;;;;;;;;;;;;;;
31.566131591796875;-0.234130859375;0.150146484375;1.039306640625;;;;;;;;;;;;;;;
31.569549560546875;-0.2275390625;-0.056884765625;0.809814453125;;;;;;;;;;;;;;;
31.5728759765625;0.04833984375;0.2568359375;1.15234375;;;;;;;;;;;;;;;
31.57623291015625;0.0244140625;-0.057861328125;1.074462890625;;;;;;;;;;;;;;;
31.57958984375;0.089111328125;0.338623046875;1.1201171875;;;;;;;;;;;;;;;
31.5830078125;-0.196533203125;0.199951171875;0.851806640625;;;;;;;;;;;;;;;
31.586334228515625;-0.04248046875;0.0322265625;0.83251953125;;;;;;;;;;;;;;;
31.58966064453125;-0.09228515625;0.083984375;1.121337890625;;;;;;;;;;;;;;;
31.593017578125;-0.11376953125;-0.24365234375;1.045166015625;;;;;;;;;;;;;;;
31.596435546875;0.025146484375;0.160888671875;1.208740234375;;;;;;;;;;;;;;;
31.599761962890625;-0.142822265625;-0.05078125;0.847900390625;;;;;;;;;;;;;;;
31.603118896484375;0.0888671875;0.451904296875;0.975830078125;;;;;;;;;;;;;;;
31.606597900390625;-0.038330078125;0.182373046875;0.97265625;;;;;;;;;;;;;;;
31.61004638671875;0.126708984375;-0.0068359375;1.11328125;;;;;;;;;;;;;;;
31.613494873046875;-0.099853515625;0.090087890625;1.16796875;;;;;;;;;;;;;;;
31.6168212890625;-0.28662109375;-0.205322265625;0.823974609375;;;;;;;;;;;;;;;
31.6202392578125;0.176513671875;0.243408203125;1.065185546875;;;;;;;;;;;;;;;
31.6236572265625;-0.1533203125;0.180908203125;0.895263671875;;;;;;;;;;;;;;;
31.627044677734375;0.181884765625;0.325927734375;1.174072265625;;;;;;;;;;;;;;;
31.63043212890625;-0.26220703125;0.234130859375;0.970458984375;;;;;;;;;;;;;;;
31.63385009765625;0.285888671875;-0.138916015625;1.013427734375;;;;;;;;;;;;;;;
31.637237548828125;-0.007080078125;0.0537109375;1.0107421875;;;;;;;;;;;;;;;
31.640594482421875;-0.136474609375;-0.121337890625;0.877197265625;;;;;;;;;;;;;;;
31.64398193359375;0.232177734375;0.14453125;1.298583984375;;;;;;;;;;;;;;;
31.64739990234375;-0.211669921875;0.00439453125;0.98193359375;;;;;;;;;;;;;;;
31.650787353515625;0.15087890625;0.281005859375;1.058837890625;;;;;;;;;;;;;;;
31.65411376953125;-0.27392578125;0.13134765625;0.85009765625;;;;;;;;;;;;;;;
31.6575927734375;0.20166015625;0.134521484375;0.921142578125;;;;;;;;;;;;;;;
31.660980224609375;0.21435546875;0.104248046875;1.213134765625;;;;;;;;;;;;;;;
31.66436767578125;-0.156494140625;-0.156005859375;1.018310546875;;;;;;;;;;;;;;;
31.667755126953125;0.04248046875;0.166259765625;1.09130859375;;;;;;;;;;;;;;;
31.671112060546875;-0.294921875;0.2099609375;0.806884765625;;;;;;;;;;;;;;;
31.674591064453125;0.0341796875;0.318115234375;1.0234375;;;;;;;;;;;;;;;
31.677978515625;-0.20751953125;-0.12109375;1.01953125;;;;;;;;;;;;;;;
31.681304931640625;0.14208984375;-0.220703125;1.1533203125;;;;;;;;;;;;;;;
31.68463134765625;-0.145751953125;0.16943359375;0.9912109375;;;;;;;;;;;;;;;
31.68798828125;-0.088134765625;0.08349609375;0.79150390625;;;;;;;;;;;;;;;
31.691314697265625;0.154296875;0.25732421875;1.136474609375;;;;;;;;;;;;;;;
31.6947021484375;-0.13525390625;-0.056884765625;1.0185546875;;;;;;;;;;;;;;;
31.698150634765625;0.091552734375;0.1630859375;1.2080078125;;;;;;;;;;;;;;;
31.701446533203125;-0.437255859375;0.08447265625;0.796142578125;;;;;;;;;;;;;;;
31.70477294921875;0.260986328125;0.08642578125;0.809814453125;;;;;;;;;;;;;;;
31.708251953125;0.000732421875;0.15869140625;1.0537109375;;;;;;;;;;;;;;;
31.711639404296875;0.02490234375;-0.176513671875;1.031005859375;;;;;;;;;;;;;;;
31.714996337890625;0.18994140625;0.179443359375;1.255859375;;;;;;;;;;;;;;;
31.718414306640625;-0.143310546875;-0.066162109375;0.870849609375;;;;;;;;;;;;;;;
31.7218017578125;0.040283203125;0.4521484375;1.002197265625;;;;;;;;;;;;;;;
31.725250244140625;-0.238037109375;0.05908203125;0.883056640625;;;;;;;;;;;;;;;
31.7286376953125;0.189453125;0.11328125;1.15185546875;;;;;;;;;;;;;;;
31.7320556640625;-0.1767578125;0.037353515625;1.072265625;;;;;;;;;;;;;;;
31.73541259765625;0.242919921875;-0.093017578125;0.84619140625;;;;;;;;;;;;;;;
31.738739013671875;0.127197265625;0.23779296875;1.047119140625;;;;;;;;;;;;;;;
31.74212646484375;-0.169189453125;0.148193359375;0.879150390625;;;;;;;;;;;;;;;
31.745452880859375;0.177001953125;0.257568359375;1.19580078125;;;;;;;;;;;;;;;
31.74896240234375;-0.242431640625;-0.178955078125;0.96533203125;;;;;;;;;;;;;;;
31.75238037109375;0.15380859375;0.0322265625;1.0498046875;;;;;;;;;;;;;;;
31.7557373046875;-0.204345703125;0.032470703125;0.904296875;;;;;;;;;;;;;;;
31.759124755859375;-0.023193359375;0.201904296875;0.911865234375;;;;;;;;;;;;;;;
31.762481689453125;0.19873046875;0.119873046875;1.226806640625;;;;;;;;;;;;;;;
31.7659912109375;-0.031982421875;-0.043701171875;1.041015625;;;;;;;;;;;;;;;
31.769378662109375;0.03173828125;0.18408203125;1.07568359375;;;;;;;;;;;;;;;
31.77276611328125;-0.24755859375;0.0986328125;0.759033203125;;;;;;;;;;;;;;;
31.77618408203125;0.092041015625;0.24853515625;0.98291015625;;;;;;;;;;;;;;;
31.77960205078125;-0.088623046875;0.0634765625;1.068603515625;;;;;;;;;;;;;;;
31.782989501953125;0.091552734375;-0.12451171875;1.188720703125;;;;;;;;;;;;;;;
31.78631591796875;-0.191650390625;0.187744140625;1.0869140625;;;;;;;;;;;;;;;
31.789825439453125;-0.208740234375;0.065673828125;0.80810546875;;;;;;;;;;;;;;;
31.793243408203125;-0.11376953125;0.388427734375;1.04052734375;;;;;;;;;;;;;;;
31.796600341796875;-0.140625;-0.21826171875;0.9921875;;;;;;;;;;;;;;;
31.799957275390625;0.105712890625;-0.0625;1.17919921875;;;;;;;;;;;;;;;
31.8033447265625;-0.200439453125;0.0810546875;0.916259765625;;;;;;;;;;;;;;;
31.8067626953125;-0.040283203125;0.14697265625;0.856201171875;;;;;;;;;;;;;;;
31.8101806640625;-0.147705078125;0.298095703125;1.04931640625;;;;;;;;;;;;;;;
31.813568115234375;-0.0693359375;-0.163818359375;1.06201171875;;;;;;;;;;;;;;;
31.816986083984375;-0.08349609375;0.17236328125;1.205810546875;;;;;;;;;;;;;;;
31.82037353515625;-0.1904296875;-0.0224609375;0.871826171875;;;;;;;;;;;;;;;
31.823760986328125;0.00146484375;0.218017578125;0.89404296875;;;;;;;;;;;;;;;
31.8271484375;-0.15625;0.1669921875;0.948486328125;;;;;;;;;;;;;;;
31.83050537109375;0.07568359375;-0.08447265625;1.104248046875;;;;;;;;;;;;;;;
31.8338623046875;-0.030029296875;0.20361328125;1.23095703125;;;;;;;;;;;;;;;
31.8372802734375;-0.064453125;-0.158935546875;0.921875;;;;;;;;;;;;;;;
31.840728759765625;-0.116943359375;0.38671875;0.98876953125;;;;;;;;;;;;;;;
31.844146728515625;-0.16796875;-0.0703125;0.857177734375;;;;;;;;;;;;;;;
31.847503662109375;0.080078125;0.283935546875;1.150146484375;;;;;;;;;;;;;;;
31.850830078125;-0.10107421875;0.050048828125;1.047119140625;;;;;;;;;;;;;;;
31.854278564453125;0.15283203125;0.046142578125;0.929443359375;;;;;;;;;;;;;;;
31.857696533203125;-0.016357421875;0.18603515625;1.010986328125;;;;;;;;;;;;;;;
31.861083984375;-0.173583984375;0.02392578125;0.887939453125;;;;;;;;;;;;;;;
31.8643798828125;-0.09033203125;0.197998046875;1.197509765625;;;;;;;;;;;;;;;
31.8677978515625;-0.09130859375;-0.312744140625;0.991455078125;;;;;;;;;;;;;;;
31.871246337890625;0.0498046875;0.185546875;1.10498046875;;;;;;;;;;;;;;;
31.87469482421875;-0.28564453125;0.034423828125;0.8603515625;;;;;;;;;;;;;;;
31.8780517578125;0.164306640625;0.326171875;0.98681640625;;;;;;;;;;;;;;;
31.881439208984375;-0.069091796875;0.120849609375;1.20361328125;;;;;;;;;;;;;;;
31.884857177734375;-0.19873046875;-0.142578125;1.04833984375;;;;;;;;;;;;;;;
31.888214111328125;-0.087646484375;0.135986328125;1.13037109375;;;;;;;;;;;;;;;
31.8916015625;-0.15185546875;-0.01318359375;0.76220703125;;;;;;;;;;;;;;;
31.89495849609375;0.3046875;0.492431640625;1.01806640625;;;;;;;;;;;;;;;
31.898406982421875;-0.19482421875;-0.123291015625;1.0546875;;;;;;;;;;;;;;;
31.901763916015625;-0.004150390625;0.001220703125;1.1845703125;;;;;;;;;;;;;;;
31.905120849609375;-0.013427734375;0.0322265625;1.11962890625;;;;;;;;;;;;;;;
31.90850830078125;-0.161865234375;0.007568359375;0.799560546875;;;;;;;;;;;;;;;
31.911865234375;-0.015625;0.202880859375;1.000244140625;;;;;;;;;;;;;;;
31.915191650390625;-0.1025390625;-0.2265625;0.952392578125;;;;;;;;;;;;;;;
31.918609619140625;0.055419921875;0.418212890625;1.223388671875;;;;;;;;;;;;;;;
31.921966552734375;-0.16845703125;0.056396484375;0.901123046875;;;;;;;;;;;;;;;
31.925384521484375;0.215576171875;0.268310546875;0.9130859375;;;;;;;;;;;;;;;
31.9287109375;0.01416015625;0.235107421875;1.0634765625;;;;;;;;;;;;;;;
31.932159423828125;-0.26953125;-0.140380859375;1.044677734375;;;;;;;;;;;;;;;
31.935577392578125;-0.1123046875;-0.080810546875;1.254638671875;;;;;;;;;;;;;;;
31.938995361328125;-0.19580078125;-0.17578125;0.859375;;;;;;;;;;;;;;;
31.94244384765625;0.10888671875;0.40234375;1.0087890625;;;;;;;;;;;;;;;
31.945770263671875;-0.11767578125;0.10595703125;0.860107421875;;;;;;;;;;;;;;;
31.94915771484375;0.234130859375;0.1484375;1.1845703125;;;;;;;;;;;;;;;
31.952545166015625;-0.064697265625;0.12890625;1.1943359375;;;;;;;;;;;;;;;
31.95587158203125;-0.235595703125;-0.116455078125;0.927490234375;;;;;;;;;;;;;;;
31.959228515625;-0.0712890625;0.0947265625;0.984375;;;;;;;;;;;;;;;
31.962677001953125;-0.072265625;-0.15625;0.78271484375;;;;;;;;;;;;;;;
31.966064453125;0.179931640625;0.359130859375;1.157470703125;;;;;;;;;;;;;;;
31.969451904296875;-0.13623046875;0.051025390625;1.030517578125;;;;;;;;;;;;;;;
31.97283935546875;0.15185546875;0.27685546875;0.982421875;;;;;;;;;;;;;;;
31.9761962890625;0.08544921875;0.09423828125;1.021240234375;;;;;;;;;;;;;;;
31.979583740234375;-0.234375;0.12158203125;0.8916015625;;;;;;;;;;;;;;;
31.98297119140625;-0.064453125;-0.04052734375;1.21435546875;;;;;;;;;;;;;;;
31.98638916015625;-0.112060546875;-0.26611328125;0.988525390625;;;;;;;;;;;;;;;
31.98974609375;0.0009765625;0.325439453125;1.1279296875;;;;;;;;;;;;;;;
31.99310302734375;-0.2109375;0.004638671875;0.797607421875;;;;;;;;;;;;;;;
31.996490478515625;0.28662109375;0.415283203125;1.012939453125;;;;;;;;;;;;;;;
31.9998779296875;-0.089111328125;0.14404296875;1.133056640625;;;;;;;;;;;;;;;
32.003265380859375;-0.127685546875;-0.011474609375;1.0693359375;;;;;;;;;;;;;;;
32.006622314453125;-0.173095703125;-0.0244140625;1.137939453125;;;;;;;;;;;;;;;
32.010101318359375;-0.11328125;-0.16162109375;0.79833984375;;;;;;;;;;;;;;;
32.013580322265625;-0.08935546875;0.41845703125;1.00390625;;;;;;;;;;;;;;;
32.017120361328125;-0.222412109375;-0.2001953125;0.958740234375;;;;;;;;;;;;;;;
32.02044677734375;0.251220703125;0.169921875;1.26611328125;;;;;;;;;;;;;;;
32.0238037109375;-0.123291015625;0.0908203125;1.10986328125;;;;;;;;;;;;;;;
32.027191162109375;-0.085693359375;0.0859375;0.84912109375;;;;;;;;;;;;;;;
32.0306396484375;-0.10498046875;0.18896484375;0.9619140625;;;;;;;;;;;;;;;
32.034149169921875;-0.073974609375;-0.27001953125;0.942138671875;;;;;;;;;;;;;;;
32.037506103515625;-0.014404296875;0.296875;1.20849609375;;;;;;;;;;;;;;;
32.04083251953125;-0.1708984375;-0.04052734375;0.921630859375;;;;;;;;;;;;;;;
32.044281005859375;0.224609375;0.330810546875;0.951904296875;;;;;;;;;;;;;;;
32.047637939453125;-0.115234375;0.074951171875;0.96533203125;;;;;;;;;;;;;;;
32.051055908203125;-0.00537109375;-0.016845703125;1.057861328125;;;;;;;;;;;;;;;
32.054412841796875;-0.09716796875;-0.022705078125;1.21435546875;;;;;;;;;;;;;;;
32.0577392578125;-0.0263671875;-0.12255859375;0.958251953125;;;;;;;;;;;;;;;
32.06109619140625;-0.09228515625;0.39453125;0.960693359375;;;;;;;;;;;;;;;
32.064544677734375;-0.240478515625;-0.035400390625;0.763427734375;;;;;;;;;;;;;;;
32.067962646484375;0.20849609375;0.357177734375;1.203125;;;;;;;;;;;;;;;
32.071380615234375;-0.101318359375;0.1279296875;1.12109375;;;;;;;;;;;;;;;
32.074737548828125;-0.011474609375;0.038330078125;1.011962890625;;;;;;;;;;;;;;;
32.07806396484375;-0.189697265625;0.12353515625;0.94921875;;;;;;;;;;;;;;;
32.08148193359375;0.0244140625;-0.196044921875;0.825439453125;;;;;;;;;;;;;;;
32.084869384765625;0.025390625;0.275146484375;1.1376953125;;;;;;;;;;;;;;;
32.08819580078125;-0.013671875;-0.00537109375;1.001708984375;;;;;;;;;;;;;;;
32.091552734375;-0.03759765625;0.32763671875;1.233642578125;;;;;;;;;;;;;;;
32.095001220703125;-0.285400390625;0.023681640625;0.903076171875;;;;;;;;;;;;;;;
32.098388671875;-0.017822265625;0.072509765625;0.933837890625;;;;;;;;;;;;;;;
32.101776123046875;-0.13134765625;0.010498046875;0.979736328125;;;;;;;;;;;;;;;
32.105133056640625;0.081787109375;-0.2314453125;1.069580078125;;;;;;;;;;;;;;;
32.108612060546875;-0.14794921875;0.3046875;1.09765625;;;;;;;;;;;;;;;
32.1119384765625;-0.087646484375;-0.02587890625;0.7353515625;;;;;;;;;;;;;;;
32.11541748046875;0.1552734375;0.4140625;1.07373046875;;;;;;;;;;;;;;;
32.118804931640625;-0.316650390625;0.151123046875;1.005126953125;;;;;;;;;;;;;;;
32.122161865234375;0.1357421875;-0.119140625;1.13720703125;;;;;;;;;;;;;;;
32.12554931640625;-0.30419921875;0.0146484375;1.08447265625;;;;;;;;;;;;;;;
32.128875732421875;0.031005859375;-0.288330078125;0.8603515625;;;;;;;;;;;;;;;
32.132232666015625;-0.158447265625;0.451416015625;1.010986328125;;;;;;;;;;;;;;;
32.1357421875;-0.216796875;-0.11572265625;0.90234375;;;;;;;;;;;;;;;
32.13909912109375;0.121337890625;0.31103515625;1.283203125;;;;;;;;;;;;;;;
32.14239501953125;-0.26025390625;-0.066162109375;1.055908203125;;;;;;;;;;;;;;;
32.145843505859375;0.02978515625;0.04833984375;0.92529296875;;;;;;;;;;;;;;;
32.1492919921875;-0.269775390625;0.155517578125;0.874267578125;;;;;;;;;;;;;;;
32.15264892578125;0.1064453125;-0.147216796875;0.9755859375;;;;;;;;;;;;;;;
32.156036376953125;-0.136474609375;0.25634765625;1.178466796875;;;;;;;;;;;;;;;
32.15936279296875;-0.01318359375;-0.0771484375;0.999755859375;;;;;;;;;;;;;;;
32.162811279296875;-0.1640625;0.305908203125;1.048583984375;;;;;;;;;;;;;;;
32.16619873046875;-0.467529296875;-0.059326171875;0.82080078125;;;;;;;;;;;;;;;
32.169677734375;0.262939453125;-0.033203125;1.124267578125;;;;;;;;;;;;;;;
32.173126220703125;-0.066650390625;0.08447265625;1.156982421875;;;;;;;;;;;;;;;
32.17645263671875;0.213623046875;0.070068359375;1.038330078125;;;;;;;;;;;;;;;
32.17987060546875;-0.327880859375;0.39208984375;0.94580078125;;;;;;;;;;;;;;;
32.183258056640625;-0.086669921875;-0.132080078125;0.76708984375;;;;;;;;;;;;;;;
32.186737060546875;0.068603515625;0.193603515625;1.21484375;;;;;;;;;;;;;;;
32.190155029296875;-0.33642578125;-0.064208984375;0.998779296875;;;;;;;;;;;;;;;
32.193603515625;0.389404296875;0.109619140625;1.027099609375;;;;;;;;;;;;;;;
32.196929931640625;-0.195556640625;0.171142578125;0.928466796875;;;;;;;;;;;;;;;
32.2003173828125;0.0673828125;-0.003662109375;0.8525390625;;;;;;;;;;;;;;;
32.203643798828125;-0.7431640625;0.213134765625;1.1298828125;;;;;;;;;;;;;;;
32.20703125;-0.083740234375;-0.357421875;1.043701171875;;;;;;;;;;;;;;;
32.210357666015625;-0.127197265625;0.23974609375;1.196533203125;;;;;;;;;;;;;;;
32.21368408203125;-0.3955078125;-0.087158203125;0.88916015625;;;;;;;;;;;;;;;
32.217041015625;-0.016357421875;0.27734375;0.952880859375;;;;;;;;;;;;;;;
32.220428466796875;-0.131591796875;0.09765625;0.9287109375;;;;;;;;;;;;;;;
32.2237548828125;0.201904296875;-0.010986328125;1.107666015625;;;;;;;;;;;;;;;
32.227203369140625;-0.1923828125;0.14794921875;1.11474609375;;;;;;;;;;;;;;;
32.230560302734375;-0.04443359375;-0.28466796875;0.84912109375;;;;;;;;;;;;;;;
32.233917236328125;0.112060546875;0.314697265625;1.083740234375;;;;;;;;;;;;;;;
32.23724365234375;-0.56689453125;0.026123046875;0.9423828125;;;;;;;;;;;;;;;
32.24072265625;0.155517578125;0.065185546875;1.227783203125;;;;;;;;;;;;;;;
32.24420166015625;-0.257080078125;-0.0166015625;1.071533203125;;;;;;;;;;;;;;;
32.247589111328125;0.172119140625;-0.197509765625;0.916259765625;;;;;;;;;;;;;;;
32.250885009765625;-0.17626953125;0.3193359375;0.859375;;;;;;;;;;;;;;;
32.2542724609375;-0.113525390625;-0.159912109375;0.896728515625;;;;;;;;;;;;;;;
32.2576904296875;0.020751953125;0.33544921875;1.2626953125;;;;;;;;;;;;;;;
32.261077880859375;-0.13427734375;-0.052490234375;1.07177734375;;;;;;;;;;;;;;;
32.26446533203125;0.041259765625;0.112548828125;0.982666015625;;;;;;;;;;;;;;;
32.267822265625;-0.21923828125;0.037109375;0.858154296875;;;;;;;;;;;;;;;
32.2711181640625;0.05419921875;-0.000732421875;0.982177734375;;;;;;;;;;;;;;;
32.274505615234375;-0.059326171875;0.072021484375;1.170654296875;;;;;;;;;;;;;;;
32.27789306640625;0.05908203125;-0.28564453125;1.002197265625;;;;;;;;;;;;;;;
32.281219482421875;-0.115966796875;0.36376953125;1.0615234375;;;;;;;;;;;;;;;
32.28460693359375;-0.300537109375;-0.03466796875;0.85986328125;;;;;;;;;;;;;;;
32.287994384765625;0.0634765625;0.181640625;1.146484375;;;;;;;;;;;;;;;
32.2913818359375;-0.071044921875;-0.118896484375;1.1640625;;;;;;;;;;;;;;;
32.294769287109375;0.02734375;0.1953125;1.04150390625;;;;;;;;;;;;;;;
32.298065185546875;0.009765625;0.183837890625;0.92578125;;;;;;;;;;;;;;;
32.30145263671875;0.02197265625;-0.1240234375;0.7734375;;;;;;;;;;;;;;;
32.3048095703125;0.05126953125;0.273193359375;1.18310546875;;;;;;;;;;;;;;;
32.3082275390625;-0.11962890625;-0.001953125;1.067626953125;;;;;;;;;;;;;;;
32.3116455078125;-0.065673828125;0.158203125;1.15283203125;;;;;;;;;;;;;;;
32.314971923828125;-0.219970703125;-0.036865234375;0.86279296875;;;;;;;;;;;;;;;
32.318359375;0.10107421875;0.114990234375;0.894775390625;;;;;;;;;;;;;;;
32.321685791015625;-0.109375;0.21337890625;1.0693359375;;;;;;;;;;;;;;;
32.325042724609375;0.026611328125;-0.179931640625;1.072998046875;;;;;;;;;;;;;;;
32.32843017578125;-0.169677734375;0.24560546875;1.20556640625;;;;;;;;;;;;;;;
32.331817626953125;-0.109130859375;-0.18994140625;0.849365234375;;;;;;;;;;;;;;;
32.335205078125;0.1435546875;0.263671875;1.012451171875;;;;;;;;;;;;;;;
32.33868408203125;-0.121826171875;0.1025390625;0.9130859375;;;;;;;;;;;;;;;
32.342041015625;0.070068359375;0.180908203125;1.13623046875;;;;;;;;;;;;;;;
32.345458984375;-0.175048828125;0.13720703125;1.054931640625;;;;;;;;;;;;;;;
32.348846435546875;0.07080078125;-0.16455078125;0.933837890625;;;;;;;;;;;;;;;
32.35223388671875;-0.227294921875;0.17041015625;1.078369140625;;;;;;;;;;;;;;;
32.3555908203125;-0.305908203125;-0.1376953125;0.921142578125;;;;;;;;;;;;;;;
32.359039306640625;0.2197265625;0.041259765625;1.296630859375;;;;;;;;;;;;;;;
32.362457275390625;-0.092041015625;0.127197265625;1.01220703125;;;;;;;;;;;;;;;
32.365814208984375;0.203857421875;0.299072265625;0.974365234375;;;;;;;;;;;;;;;
32.369140625;-0.187255859375;0.316650390625;0.79833984375;;;;;;;;;;;;;;;
32.372528076171875;-0.053955078125;-0.055908203125;0.884521484375;;;;;;;;;;;;;;;
32.3758544921875;0.064208984375;0.015380859375;1.257568359375;;;;;;;;;;;;;;;
32.379180908203125;-0.167724609375;-0.19140625;1.075927734375;;;;;;;;;;;;;;;
32.38262939453125;0.1337890625;0.10595703125;1.0390625;;;;;;;;;;;;;;;
32.38604736328125;-0.29931640625;0.070068359375;0.793701171875;;;;;;;;;;;;;;;
32.389434814453125;0.1435546875;0.128662109375;1.018310546875;;;;;;;;;;;;;;;
32.392913818359375;-0.085693359375;0.119384765625;1.12451171875;;;;;;;;;;;;;;;
32.396270751953125;0.069091796875;0.019287109375;1.10107421875;;;;;;;;;;;;;;;
32.399658203125;-0.1923828125;0.250244140625;0.983154296875;;;;;;;;;;;;;;;
32.402984619140625;-0.37451171875;-0.074951171875;0.772705078125;;;;;;;;;;;;;;;
32.406341552734375;0.273681640625;0.253662109375;1.17431640625;;;;;;;;;;;;;;;
32.409759521484375;-0.083251953125;0.089111328125;0.989013671875;;;;;;;;;;;;;;;
32.413116455078125;0.220947265625;0.1025390625;1.12109375;;;;;;;;;;;;;;;
32.416595458984375;-0.34619140625;0.15869140625;0.873046875;;;;;;;;;;;;;;;
32.419952392578125;0.226318359375;-0.154296875;0.875732421875;;;;;;;;;;;;;;;
32.42333984375;0.07958984375;0.231201171875;1.13427734375;;;;;;;;;;;;;;;
32.4267578125;-0.20703125;-0.149658203125;0.974609375;;;;;;;;;;;;;;;
32.43011474609375;0.383056640625;0.26611328125;1.328125;;;;;;;;;;;;;;;
32.4334716796875;-0.298095703125;0.000244140625;0.83056640625;;;;;;;;;;;;;;;
32.436859130859375;0.21875;0.242431640625;0.943603515625;;;;;;;;;;;;;;;
32.440216064453125;-0.27587890625;0.106201171875;1.017333984375;;;;;;;;;;;;;;;
32.443634033203125;0.080078125;-0.073974609375;1.046142578125;;;;;;;;;;;;;;;
32.447021484375;0.094970703125;0.2197265625;1.18505859375;;;;;;;;;;;;;;;
32.450469970703125;-0.0791015625;-0.204345703125;0.842041015625;;;;;;;;;;;;;;;
32.453887939453125;0.248779296875;0.230712890625;1.037841796875;;;;;;;;;;;;;;;
32.457305908203125;-0.17919921875;0.181640625;0.869384765625;;;;;;;;;;;;;;;
32.460662841796875;0.127197265625;0.243408203125;1.14453125;;;;;;;;;;;;;;;
32.464080810546875;-0.2705078125;0.021240234375;1.013427734375;;;;;;;;;;;;;;;
32.467437744140625;0.15478515625;-0.166748046875;0.990966796875;;;;;;;;;;;;;;;
32.470794677734375;-0.142822265625;0.141357421875;0.967041015625;;;;;;;;;;;;;;;
32.474151611328125;-0.21240234375;-0.012939453125;0.848388671875;;;;;;;;;;;;;;;
32.477569580078125;0.43310546875;0.036376953125;1.30224609375;;;;;;;;;;;;;;;
32.48095703125;-0.07080078125;0.0869140625;0.976806640625;;;;;;;;;;;;;;;
32.48431396484375;0.2822265625;0.3486328125;1.04296875;;;;;;;;;;;;;;;
32.4876708984375;-0.3564453125;0.2490234375;0.746337890625;;;;;;;;;;;;;;;
32.49102783203125;0.186767578125;0.118408203125;0.8916015625;;;;;;;;;;;;;;;
32.494384765625;0.126953125;-0.03759765625;1.184814453125;;;;;;;;;;;;;;;
32.497772216796875;-0.059814453125;-0.279052734375;1.107421875;;;;;;;;;;;;;;;
32.50115966796875;-0.1171875;0.05126953125;1.0986328125;;;;;;;;;;;;;;;
32.5045166015625;-0.2236328125;0.068115234375;0.772216796875;;;;;;;;;;;;;;;
32.507904052734375;0.0576171875;0.41455078125;1.056884765625;;;;;;;;;;;;;;;
32.51129150390625;-0.141357421875;0.103759765625;1.052734375;;;;;;;;;;;;;;;
32.51470947265625;0.1357421875;0.225341796875;1.165283203125;;;;;;;;;;;;;;;
32.51812744140625;-0.30078125;0.20849609375;0.958740234375;;;;;;;;;;;;;;;
32.521514892578125;0.0888671875;-0.16455078125;0.8076171875;;;;;;;;;;;;;;;
32.524932861328125;0.021728515625;0.1435546875;1.140869140625;;;;;;;;;;;;;;;
32.528350830078125;0.0478515625;-0.069091796875;1.003662109375;;;;;;;;;;;;;;;
32.531707763671875;0.21484375;0.41162109375;1.144287109375;;;;;;;;;;;;;;;
32.535064697265625;-0.25048828125;-0.021484375;0.8544921875;;;;;;;;;;;;;;;
32.5384521484375;0.032958984375;0.1591796875;0.92578125;;;;;;;;;;;;;;;
32.54193115234375;-0.17333984375;0.11767578125;1.06103515625;;;;;;;;;;;;;;;
32.545257568359375;0.008544921875;-0.1015625;1.061767578125;;;;;;;;;;;;;;;
32.548614501953125;-0.057373046875;0.069091796875;1.244873046875;;;;;;;;;;;;;;;
32.552001953125;-0.1640625;-0.07080078125;0.841552734375;;;;;;;;;;;;;;;
32.555389404296875;0.05419921875;0.35302734375;0.993408203125;;;;;;;;;;;;;;;
32.558685302734375;-0.288330078125;0.175048828125;0.78515625;;;;;;;;;;;;;;;
32.562042236328125;0.098388671875;0.125732421875;1.135498046875;;;;;;;;;;;;;;;
32.56549072265625;-0.203857421875;0.1083984375;1.12841796875;;;;;;;;;;;;;;;
32.56878662109375;0.106689453125;-0.186279296875;1.0126953125;;;;;;;;;;;;;;;
32.572174072265625;-0.015380859375;0.22802734375;1.050048828125;;;;;;;;;;;;;;;
32.57562255859375;-0.193603515625;0.16357421875;0.85986328125;;;;;;;;;;;;;;;
32.578948974609375;-0.037841796875;0.34130859375;1.16455078125;;;;;;;;;;;;;;;
32.5823974609375;-0.1650390625;-0.1298828125;0.98779296875;;;;;;;;;;;;;;;
32.585784912109375;0.10107421875;-0.06005859375;1.064453125;;;;;;;;;;;;;;;
32.589141845703125;-0.254150390625;0.039306640625;0.972412109375;;;;;;;;;;;;;;;
32.592559814453125;-0.088134765625;0.121826171875;0.89404296875;;;;;;;;;;;;;;;
32.595947265625;0.015380859375;0.111572265625;1.20849609375;;;;;;;;;;;;;;;
32.59942626953125;0.01416015625;0.0048828125;1.0234375;;;;;;;;;;;;;;;
32.602813720703125;0.05615234375;0.269287109375;1.0888671875;;;;;;;;;;;;;;;
32.606170654296875;-0.255859375;0.156982421875;0.73828125;;;;;;;;;;;;;;;
32.609527587890625;0.001708984375;0.18603515625;0.95263671875;;;;;;;;;;;;;;;
32.612884521484375;-0.03857421875;-0.03759765625;1.132568359375;;;;;;;;;;;;;;;
32.616180419921875;0.013916015625;-0.228759765625;1.112548828125;;;;;;;;;;;;;;;
32.61956787109375;-0.095947265625;0.179443359375;1.125;;;;;;;;;;;;;;;
32.622955322265625;-0.169677734375;-0.026123046875;0.803466796875;;;;;;;;;;;;;;;
32.626312255859375;-0.044189453125;0.453857421875;1.060546875;;;;;;;;;;;;;;;
32.629730224609375;-0.095703125;-0.075927734375;0.999267578125;;;;;;;;;;;;;;;
32.63311767578125;0.06103515625;0.27294921875;1.19384765625;;;;;;;;;;;;;;;
32.6365966796875;-0.172119140625;-0.004638671875;0.92919921875;;;;;;;;;;;;;;;
32.63995361328125;0.214599609375;0.080078125;0.7587890625;;;;;;;;;;;;;;;
32.64337158203125;0.26513671875;0.239501953125;1.16796875;;;;;;;;;;;;;;;
32.646759033203125;-0.212890625;-0.033447265625;1.010009765625;;;;;;;;;;;;;;;
32.65020751953125;-0.203125;0.235595703125;1.25634765625;;;;;;;;;;;;;;;
32.653564453125;-0.41455078125;-0.278076171875;0.795654296875;;;;;;;;;;;;;;;
32.657012939453125;0.23583984375;0.24169921875;0.976318359375;;;;;;;;;;;;;;;
32.660400390625;-0.266845703125;0.008056640625;1.010009765625;;;;;;;;;;;;;;;
32.663787841796875;0.029052734375;0.293701171875;1.015625;;;;;;;;;;;;;;;
32.6671142578125;0.2451171875;0.101806640625;1.31787109375;;;;;;;;;;;;;;;
32.670440673828125;-0.24755859375;-0.08740234375;0.88623046875;;;;;;;;;;;;;;;
32.673858642578125;0.057861328125;0.12841796875;1.033935546875;;;;;;;;;;;;;;;
32.67730712890625;-0.275146484375;0.001953125;0.758544921875;;;;;;;;;;;;;;;
32.680755615234375;0.136962890625;0.28369140625;1.134033203125;;;;;;;;;;;;;;;
32.68414306640625;-0.0205078125;-0.06396484375;1.104736328125;;;;;;;;;;;;;;;
32.6875;0.116943359375;0.07275390625;1.07470703125;;;;;;;;;;;;;;;
32.690887451171875;0.218994140625;0.140625;1.066650390625;;;;;;;;;;;;;;;
32.694244384765625;-0.211181640625;0.06396484375;0.85400390625;;;;;;;;;;;;;;;
32.69757080078125;-0.07275390625;0.1494140625;1.177734375;;;;;;;;;;;;;;;
32.700958251953125;-0.285888671875;-0.98828125;0.935546875;;;;;;;;;;;;;;;
32.70428466796875;0.21435546875;0.359375;1.128662109375;;;;;;;;;;;;;;;
32.707672119140625;-0.23779296875;-0.006591796875;0.7841796875;;;;;;;;;;;;;;;
32.7110595703125;0.013427734375;0.369384765625;0.908203125;;;;;;;;;;;;;;;
32.71441650390625;0.20068359375;0.149658203125;1.2373046875;;;;;;;;;;;;;;;
32.7177734375;-0.18212890625;0.03076171875;1.0751953125;;;;;;;;;;;;;;;
32.72113037109375;0.01953125;0.064697265625;1.148681640625;;;;;;;;;;;;;;;
32.724456787109375;-0.25830078125;0.013671875;0.724365234375;;;;;;;;;;;;;;;
32.72784423828125;0.069091796875;0.337890625;1.029296875;;;;;;;;;;;;;;;
32.731170654296875;0.059814453125;-0.084716796875;1.11669921875;;;;;;;;;;;;;;;
32.734527587890625;-0.136474609375;-0.081298828125;1.1748046875;;;;;;;;;;;;;;;
32.73797607421875;-0.1103515625;0.143798828125;1.079833984375;;;;;;;;;;;;;;;
32.74127197265625;-0.1865234375;0.039306640625;0.800537109375;;;;;;;;;;;;;;;
32.744598388671875;-0.085693359375;0.41162109375;1.0556640625;;;;;;;;;;;;;;;
32.74798583984375;0.00390625;-0.233642578125;0.951171875;;;;;;;;;;;;;;;
32.7513427734375;0.089111328125;0.349853515625;1.204833984375;;;;;;;;;;;;;;;
32.754730224609375;-0.198974609375;-0.03759765625;0.927490234375;;;;;;;;;;;;;;;
32.7581787109375;0.087890625;0.15673828125;0.882568359375;;;;;;;;;;;;;;;
32.76153564453125;-0.104736328125;0.192138671875;1.0087890625;;;;;;;;;;;;;;;
32.76495361328125;-0.0361328125;-0.054931640625;1.043212890625;;;;;;;;;;;;;;;
32.76837158203125;-0.14306640625;0.125732421875;1.255615234375;;;;;;;;;;;;;;;
32.771728515625;-0.184814453125;-0.314208984375;0.88818359375;;;;;;;;;;;;;;;
32.77508544921875;-0.056640625;0.308349609375;0.958740234375;;;;;;;;;;;;;;;
32.778472900390625;-0.1279296875;0.043701171875;0.87451171875;;;;;;;;;;;;;;;
32.7818603515625;0.198486328125;0.2939453125;1.148681640625;;;;;;;;;;;;;;;
32.78521728515625;-0.083984375;0.19140625;1.14990234375;;;;;;;;;;;;;;;
32.788604736328125;-0.021240234375;-0.104248046875;0.9404296875;;;;;;;;;;;;;;;
32.7919921875;-0.18994140625;0.043701171875;1.009033203125;;;;;;;;;;;;;;;
32.795379638671875;-0.1064453125;-0.078369140625;0.803466796875;;;;;;;;;;;;;;;
32.798736572265625;-0.02978515625;0.30712890625;1.133544921875;;;;;;;;;;;;;;;
32.802215576171875;-0.0390625;-0.063232421875;1.041259765625;;;;;;;;;;;;;;;
32.80560302734375;0.11767578125;0.0986328125;1.169189453125;;;;;;;;;;;;;;;
32.80902099609375;-0.28662109375;0.159912109375;0.959228515625;;;;;;;;;;;;;;;
32.812408447265625;-0.11767578125;0.042236328125;0.88623046875;;;;;;;;;;;;;;;
32.8157958984375;-0.12646484375;0.17724609375;1.110595703125;;;;;;;;;;;;;;;
32.8192138671875;0.15673828125;-0.379638671875;1.004638671875;;;;;;;;;;;;;;;
32.822540283203125;-0.036376953125;0.331298828125;1.117919921875;;;;;;;;;;;;;;;
32.825897216796875;-0.173095703125;0.0302734375;0.76611328125;;;;;;;;;;;;;;;
32.829376220703125;0.021484375;0.388671875;0.955810546875;;;;;;;;;;;;;;;
32.832733154296875;-0.0888671875;0.07080078125;1.098876953125;;;;;;;;;;;;;;;
32.8360595703125;0.0595703125;-0.114990234375;1.134765625;;;;;;;;;;;;;;;
32.83941650390625;-0.128662109375;0.065673828125;1.131103515625;;;;;;;;;;;;;;;
32.842864990234375;-0.08935546875;-0.25390625;0.797607421875;;;;;;;;;;;;;;;
32.846282958984375;-0.094970703125;0.43359375;0.973388671875;;;;;;;;;;;;;;;
32.84979248046875;-0.13134765625;-0.02294921875;0.9912109375;;;;;;;;;;;;;;;
32.853118896484375;0.091796875;0.302001953125;1.230224609375;;;;;;;;;;;;;;;
32.856597900390625;-0.12548828125;0.109375;1.033935546875;;;;;;;;;;;;;;;
32.860015869140625;-0.0673828125;-0.01904296875;0.82861328125;;;;;;;;;;;;;;;
32.8634033203125;-0.08251953125;0.1708984375;0.992919921875;;;;;;;;;;;;;;;
32.8668212890625;0.072998046875;-0.275146484375;0.9638671875;;;;;;;;;;;;;;;
32.870147705078125;0.068359375;0.308349609375;1.200439453125;;;;;;;;;;;;;;;
32.873626708984375;-0.114501953125;0.012939453125;0.93310546875;;;;;;;;;;;;;;;
32.876983642578125;0.033935546875;0.288818359375;1.065185546875;;;;;;;;;;;;;;;
32.88031005859375;-0.0693359375;0.12255859375;1.003173828125;;;;;;;;;;;;;;;
32.8836669921875;-0.093505859375;-0.128173828125;1.011962890625;;;;;;;;;;;;;;;
32.886993408203125;-0.074462890625;0.091796875;1.1474609375;;;;;;;;;;;;;;;
32.890289306640625;-0.0419921875;-0.261962890625;0.9189453125;;;;;;;;;;;;;;;
32.8936767578125;-0.0615234375;0.4521484375;0.978271484375;;;;;;;;;;;;;;;
32.89703369140625;-0.152587890625;0.0439453125;0.79638671875;;;;;;;;;;;;;;;
32.900390625;0.22119140625;0.339599609375;1.17822265625;;;;;;;;;;;;;;;
32.903778076171875;-0.193115234375;0.064697265625;1.18115234375;;;;;;;;;;;;;;;
32.90716552734375;-0.139404296875;-0.0791015625;0.947509765625;;;;;;;;;;;;;;;
32.910552978515625;-0.19921875;0.068115234375;1.020751953125;;;;;;;;;;;;;;;
32.91400146484375;0.001708984375;-0.13916015625;0.786376953125;;;;;;;;;;;;;;;
32.9173583984375;-0.073974609375;0.422119140625;1.15087890625;;;;;;;;;;;;;;;
32.9207763671875;-0.079833984375;-0.275634765625;1.033203125;;;;;;;;;;;;;;;
32.92413330078125;0.029296875;0.2607421875;1.206298828125;;;;;;;;;;;;;;;
32.92755126953125;-0.357421875;0.00048828125;1.01416015625;;;;;;;;;;;;;;;
32.930908203125;-0.213134765625;0.20166015625;0.87158203125;;;;;;;;;;;;;;;
32.93426513671875;-0.131103515625;0.089111328125;1.075439453125;;;;;;;;;;;;;;;
32.937744140625;0.211181640625;-0.372314453125;0.985595703125;;;;;;;;;;;;;;;
32.941131591796875;-0.05615234375;0.30859375;1.162353515625;;;;;;;;;;;;;;;
32.94464111328125;-0.132080078125;-0.151123046875;0.779541015625;;;;;;;;;;;;;;;
32.948089599609375;-0.061279296875;0.549560546875;1.009033203125;;;;;;;;;;;;;;;
32.95147705078125;-0.17919921875;-0.010986328125;1.116943359375;;;;;;;;;;;;;;;
32.954833984375;-0.14453125;0.034912109375;1.157958984375;;;;;;;;;;;;;;;
32.958282470703125;-0.238525390625;-0.1572265625;1.1640625;;;;;;;;;;;;;;;
32.961639404296875;-0.03564453125;-0.145263671875;0.79833984375;;;;;;;;;;;;;;;
32.965118408203125;-0.112548828125;0.38134765625;0.974853515625;;;;;;;;;;;;;;;
32.968536376953125;-0.07373046875;-0.111572265625;0.9443359375;;;;;;;;;;;;;;;
32.971893310546875;0.099609375;0.431884765625;1.238037109375;;;;;;;;;;;;;;;
32.975341796875;-0.09375;0.072998046875;1.09912109375;;;;;;;;;;;;;;;
32.978729248046875;-0.021240234375;0.087890625;0.871337890625;;;;;;;;;;;;;;;
32.982086181640625;-0.1611328125;-0.013671875;0.935546875;;;;;;;;;;;;;;;
32.98553466796875;0.082275390625;-0.331787109375;0.972900390625;;;;;;;;;;;;;;;
32.988983154296875;-0.125244140625;0.240966796875;1.22412109375;;;;;;;;;;;;;;;
32.99237060546875;-0.076416015625;-0.1630859375;0.96142578125;;;;;;;;;;;;;;;
32.9957275390625;-0.03369140625;0.48291015625;1.059814453125;;;;;;;;;;;;;;;
32.999114990234375;-0.28564453125;0.06396484375;0.927490234375;;;;;;;;;;;;;;;
33.00250244140625;-0.034912109375;0.165771484375;1.075439453125;;;;;;;;;;;;;;;
33.00592041015625;-0.11279296875;-0.12744140625;1.0888671875;;;;;;;;;;;;;;;
33.009246826171875;0.0087890625;-0.124267578125;0.9765625;;;;;;;;;;;;;;;
33.0126953125;-0.13916015625;0.23486328125;0.98681640625;;;;;;;;;;;;;;;
33.016082763671875;-0.059326171875;-0.04638671875;0.8076171875;;;;;;;;;;;;;;;
33.019439697265625;0.15185546875;0.413818359375;1.193603515625;;;;;;;;;;;;;;;
33.02276611328125;-0.119140625;-0.162841796875;1.11572265625;;;;;;;;;;;;;;;
33.026214599609375;0.0087890625;0.03857421875;1.2109375;;;;;;;;;;;;;;;
33.029632568359375;-0.2314453125;-0.040771484375;0.953369140625;;;;;;;;;;;;;;;
33.033050537109375;0.05322265625;0.2744140625;0.842529296875;;;;;;;;;;;;;;;
33.0364990234375;-0.091064453125;0.2939453125;1.009765625;;;;;;;;;;;;;;;
33.0399169921875;-0.01318359375;-0.22265625;1.027099609375;;;;;;;;;;;;;;;
33.043365478515625;-0.08984375;0.232421875;1.237060546875;;;;;;;;;;;;;;;
33.046722412109375;-0.21728515625;-0.02587890625;0.878662109375;;;;;;;;;;;;;;;
33.050079345703125;-0.022216796875;0.1953125;0.931396484375;;;;;;;;;;;;;;;
33.05340576171875;-0.10205078125;0.031982421875;0.975341796875;;;;;;;;;;;;;;;
33.056793212890625;0.161376953125;-0.215576171875;1.128662109375;;;;;;;;;;;;;;;
33.06011962890625;-0.149658203125;0.2470703125;1.120361328125;;;;;;;;;;;;;;;
33.06353759765625;-0.062744140625;-0.104248046875;0.843505859375;;;;;;;;;;;;;;;
33.066925048828125;-0.15380859375;0.359130859375;1.02880859375;;;;;;;;;;;;;;;
33.070281982421875;-0.384033203125;-0.08642578125;0.983154296875;;;;;;;;;;;;;;;
33.07373046875;0.115234375;-0.07568359375;1.217529296875;;;;;;;;;;;;;;;
33.077178955078125;-0.19287109375;0.021240234375;1.011962890625;;;;;;;;;;;;;;;
33.08050537109375;0.06982421875;0.091064453125;0.87158203125;;;;;;;;;;;;;;;
33.083892822265625;-0.192138671875;0.388916015625;0.88720703125;;;;;;;;;;;;;;;
33.087249755859375;0.068115234375;-0.126708984375;0.884765625;;;;;;;;;;;;;;;
33.09063720703125;0.136962890625;0.165283203125;1.29833984375;;;;;;;;;;;;;;;
33.094024658203125;-0.246826171875;-0.0537109375;1.051025390625;;;;;;;;;;;;;;;
33.097442626953125;0.06982421875;0.0830078125;0.925048828125;;;;;;;;;;;;;;;
33.100799560546875;-0.235107421875;0.146484375;0.87646484375;;;;;;;;;;;;;;;
33.104248046875;0.099853515625;-0.1484375;0.9736328125;;;;;;;;;;;;;;;
33.107574462890625;0.000244140625;0.189453125;1.18896484375;;;;;;;;;;;;;;;
33.11102294921875;0.02490234375;-0.1708984375;1.005615234375;;;;;;;;;;;;;;;
33.114471435546875;-0.082275390625;0.367431640625;1.06787109375;;;;;;;;;;;;;;;
33.117767333984375;-0.29150390625;-0.05810546875;0.84423828125;;;;;;;;;;;;;;;
33.121124267578125;0.15673828125;0.178955078125;1.127685546875;;;;;;;;;;;;;;;
33.12451171875;-0.13037109375;-0.040771484375;1.02294921875;;;;;;;;;;;;;;;
33.1279296875;0.181640625;0.0654296875;1.05859375;;;;;;;;;;;;;;;
33.13128662109375;-0.26953125;0.162109375;0.94970703125;;;;;;;;;;;;;;;
33.13470458984375;-0.022705078125;-0.073974609375;0.831298828125;;;;;;;;;;;;;;;
33.138214111328125;-0.118408203125;0.204833984375;1.196533203125;;;;;;;;;;;;;;;
33.141632080078125;-0.23876953125;-0.203857421875;1.032958984375;;;;;;;;;;;;;;;
33.144989013671875;0.20654296875;0.01904296875;1.28125;;;;;;;;;;;;;;;
33.14849853515625;-0.212890625;0.09765625;0.889892578125;;;;;;;;;;;;;;;
33.151824951171875;0.13818359375;0.2900390625;0.885009765625;;;;;;;;;;;;;;;
33.155181884765625;-0.1611328125;0.280517578125;0.94873046875;;;;;;;;;;;;;;;
33.1585693359375;0.0859375;-0.27587890625;1.04248046875;;;;;;;;;;;;;;;
33.1619873046875;-0.115478515625;0.094482421875;1.216552734375;;;;;;;;;;;;;;;
33.16546630859375;-0.179931640625;-0.1162109375;0.87109375;;;;;;;;;;;;;;;
33.1688232421875;0.159912109375;0.224365234375;0.992431640625;;;;;;;;;;;;;;;
33.17218017578125;-0.203369140625;0.187744140625;0.88134765625;;;;;;;;;;;;;;;
33.175506591796875;0.188720703125;-0.030517578125;1.17626953125;;;;;;;;;;;;;;;
33.1788330078125;-0.227783203125;0.16357421875;1.0947265625;;;;;;;;;;;;;;;
33.1822509765625;0.0126953125;-0.1064453125;0.902099609375;;;;;;;;;;;;;;;
33.185760498046875;-0.22021484375;0.223388671875;0.958740234375;;;;;;;;;;;;;;;
33.1890869140625;-0.461181640625;-0.084228515625;0.845703125;;;;;;;;;;;;;;;
33.19244384765625;0.550537109375;0.144287109375;1.291748046875;;;;;;;;;;;;;;;
33.1959228515625;-0.177490234375;0.131591796875;0.969482421875;;;;;;;;;;;;;;;
33.19927978515625;0.256103515625;0.262939453125;0.90087890625;;;;;;;;;;;;;;;
33.20269775390625;0.031494140625;0.116943359375;0.86376953125;;;;;;;;;;;;;;;
33.206085205078125;0.0107421875;-0.090576171875;0.91552734375;;;;;;;;;;;;;;;
33.209503173828125;0.110107421875;0.0185546875;1.276123046875;;;;;;;;;;;;;;;
33.213104248046875;-0.376953125;-0.1513671875;1.019775390625;;;;;;;;;;;;;;;
33.216461181640625;0.245361328125;0.08740234375;1.112548828125;;;;;;;;;;;;;;;
33.2198486328125;-0.29638671875;0.194580078125;0.792236328125;;;;;;;;;;;;;;;
33.223236083984375;0.21484375;0.09814453125;0.9873046875;;;;;;;;;;;;;;;
33.226593017578125;0.046875;0.154541015625;1.016845703125;;;;;;;;;;;;;;;
33.230072021484375;0.0986328125;-0.058837890625;1.0927734375;;;;;;;;;;;;;;;
33.2333984375;-0.19970703125;0.250244140625;1.01806640625;;;;;;;;;;;;;;;
33.23675537109375;-0.10498046875;-0.127685546875;0.767333984375;;;;;;;;;;;;;;;
33.24017333984375;0.362548828125;0.205078125;1.13330078125;;;;;;;;;;;;;;;
33.2435302734375;-0.078369140625;-0.018310546875;0.998046875;;;;;;;;;;;;;;;
33.246856689453125;0.094970703125;0.2333984375;1.0908203125;;;;;;;;;;;;;;;
33.250335693359375;-0.199951171875;0.104248046875;0.906494140625;;;;;;;;;;;;;;;
33.253753662109375;0.071044921875;-0.00634765625;0.851318359375;;;;;;;;;;;;;;;
33.25714111328125;-0.002685546875;0.199951171875;1.126220703125;;;;;;;;;;;;;;;
33.260528564453125;-0.19970703125;-0.2138671875;1.052001953125;;;;;;;;;;;;;;;
33.263916015625;0.071044921875;0.032958984375;1.268310546875;;;;;;;;;;;;;;;
33.267333984375;-0.121826171875;-0.010498046875;0.86474609375;;;;;;;;;;;;;;;
33.27069091796875;0.129638671875;0.450927734375;0.911865234375;;;;;;;;;;;;;;;
33.274078369140625;-0.154296875;0.223876953125;0.86083984375;;;;;;;;;;;;;;;
33.27752685546875;0.142333984375;-0.03857421875;1.037109375;;;;;;;;;;;;;;;
33.2808837890625;-0.072998046875;0.07568359375;1.2138671875;;;;;;;;;;;;;;;
33.2843017578125;-0.101806640625;-0.150146484375;0.9296875;;;;;;;;;;;;;;;
33.2877197265625;-0.029541015625;0.08203125;1.02001953125;;;;;;;;;;;;;;;
33.291107177734375;-0.151123046875;0.08642578125;0.853271484375;;;;;;;;;;;;;;;
33.2945556640625;0.145751953125;0.196044921875;1.189453125;;;;;;;;;;;;;;;
33.297882080078125;-0.48779296875;0.140380859375;1.068359375;;;;;;;;;;;;;;;
33.301300048828125;0.072509765625;0.14794921875;0.962158203125;;;;;;;;;;;;;;;
33.3046875;-0.196533203125;0.22998046875;0.90576171875;;;;;;;;;;;;;;;
33.3079833984375;0.069580078125;-0.06298828125;0.880126953125;;;;;;;;;;;;;;;
33.31134033203125;0.179443359375;0.08203125;1.271240234375;;;;;;;;;;;;;;;
33.314666748046875;-0.040283203125;0.011962890625;1.02197265625;;;;;;;;;;;;;;;
33.317962646484375;0.17529296875;0.375244140625;0.9912109375;;;;;;;;;;;;;;;
33.321380615234375;-0.2119140625;0.04638671875;0.792724609375;;;;;;;;;;;;;;;
33.32470703125;0.06396484375;0.04052734375;0.946044921875;;;;;;;;;;;;;;;
33.328094482421875;-0.03076171875;0.029052734375;1.2333984375;;;;;;;;;;;;;;;
33.33148193359375;-0.06689453125;-0.071533203125;1.08740234375;;;;;;;;;;;;;;;
33.3348388671875;-0.106201171875;0.138427734375;1.113525390625;;;;;;;;;;;;;;;
33.338165283203125;-0.186279296875;0.047607421875;0.7939453125;;;;;;;;;;;;;;;
33.341644287109375;0.034912109375;0.45263671875;1.011962890625;;;;;;;;;;;;;;;
33.344970703125;-0.132568359375;0.07568359375;0.959228515625;;;;;;;;;;;;;;;
33.348358154296875;0.0341796875;0.05322265625;1.108154296875;;;;;;;;;;;;;;;
33.351776123046875;-0.18408203125;0.133056640625;1.031005859375;;;;;;;;;;;;;;;
33.355133056640625;-0.045654296875;-0.112548828125;0.837646484375;;;;;;;;;;;;;;;
33.358489990234375;0.12060546875;0.244873046875;1.156982421875;;;;;;;;;;;;;;;
33.361907958984375;-0.04541015625;0.001220703125;1.001953125;;;;;;;;;;;;;;;
33.365234375;-0.003173828125;0.35595703125;1.221923828125;;;;;;;;;;;;;;;
33.36865234375;-0.231689453125;0.00537109375;0.865966796875;;;;;;;;;;;;;;;
33.37200927734375;0.078125;0.031494140625;0.900146484375;;;;;;;;;;;;;;;
33.375457763671875;-0.202392578125;0.078369140625;0.9140625;;;;;;;;;;;;;;;
33.378875732421875;-0.1455078125;-0.0517578125;0.989501953125;;;;;;;;;;;;;;;
33.382293701171875;0.29541015625;0.1005859375;1.328369140625;;;;;;;;;;;;;;;
33.38568115234375;-0.158935546875;-0.00244140625;0.8330078125;;;;;;;;;;;;;;;
33.3890380859375;0.14697265625;0.319091796875;0.98291015625;;;;;;;;;;;;;;;
33.392486572265625;-0.321044921875;0.097900390625;0.75927734375;;;;;;;;;;;;;;;
33.39593505859375;0.188232421875;0.104248046875;1.056396484375;;;;;;;;;;;;;;;
33.3992919921875;-0.071533203125;0.008544921875;1.146484375;;;;;;;;;;;;;;;
33.40264892578125;0.025390625;-0.115478515625;0.962158203125;;;;;;;;;;;;;;;
33.406036376953125;0.037109375;0.135009765625;1.08251953125;;;;;;;;;;;;;;;
33.409423828125;-0.22021484375;0.015625;0.853271484375;;;;;;;;;;;;;;;
33.412933349609375;0.06982421875;0.140380859375;1.181884765625;;;;;;;;;;;;;;;
33.416290283203125;-0.082763671875;-0.03564453125;1.01123046875;;;;;;;;;;;;;;;
33.41973876953125;0.152587890625;0.322265625;1.024658203125;;;;;;;;;;;;;;;
33.42315673828125;-0.164794921875;0.118408203125;0.8515625;;;;;;;;;;;;;;;
33.426605224609375;0.152099609375;0.13330078125;0.830078125;;;;;;;;;;;;;;;
33.429962158203125;0.4423828125;0.10693359375;1.328857421875;;;;;;;;;;;;;;;
33.433349609375;-0.19873046875;0.04345703125;1.040283203125;;;;;;;;;;;;;;;
33.4366455078125;-0.15087890625;0.198486328125;1.086181640625;;;;;;;;;;;;;;;
33.44012451171875;-0.280029296875;-0.13720703125;0.7294921875;;;;;;;;;;;;;;;
33.443450927734375;0.16943359375;0.11572265625;0.98583984375;;;;;;;;;;;;;;;
33.446807861328125;-0.200927734375;-0.010498046875;1.197021484375;;;;;;;;;;;;;;;
33.450286865234375;-0.18310546875;0.194091796875;1.040771484375;;;;;;;;;;;;;;;
33.453643798828125;0.16796875;0.166015625;1.19482421875;;;;;;;;;;;;;;;
33.457000732421875;-0.21728515625;0.000244140625;0.776123046875;;;;;;;;;;;;;;;
33.46044921875;0.11376953125;0.302490234375;1.0546875;;;;;;;;;;;;;;;
33.463836669921875;-0.148681640625;-0.032470703125;0.9482421875;;;;;;;;;;;;;;;
33.46728515625;-0.017822265625;0.265869140625;1.1845703125;;;;;;;;;;;;;;;
33.470672607421875;-0.21728515625;-0.078369140625;0.975830078125;;;;;;;;;;;;;;;
33.474029541015625;0.16162109375;-0.04833984375;0.901611328125;;;;;;;;;;;;;;;
33.477447509765625;0.379638671875;0.218017578125;1.156494140625;;;;;;;;;;;;;;;
33.480743408203125;-0.1279296875;0.025634765625;1.002197265625;;;;;;;;;;;;;;;
33.48406982421875;-0.152587890625;0.3515625;1.253173828125;;;;;;;;;;;;;;;
33.48748779296875;-0.339599609375;-0.111572265625;0.86181640625;;;;;;;;;;;;;;;
33.490875244140625;0.13037109375;0.372802734375;0.945068359375;;;;;;;;;;;;;;;
33.494293212890625;-0.2255859375;-0.02197265625;0.851806640625;;;;;;;;;;;;;;;
33.497650146484375;-0.153564453125;0.06005859375;1.02197265625;;;;;;;;;;;;;;;
33.501068115234375;0.165283203125;0.102783203125;1.281982421875;;;;;;;;;;;;;;;
33.50439453125;-0.096923828125;-0.040283203125;0.96484375;;;;;;;;;;;;;;;
33.5076904296875;0.0947265625;0.303466796875;0.99853515625;;;;;;;;;;;;;;;
33.511077880859375;-0.268310546875;0.151123046875;0.7900390625;;;;;;;;;;;;;;;
33.514434814453125;-0.010498046875;0.2421875;1.114990234375;;;;;;;;;;;;;;;
33.51788330078125;-0.10986328125;-0.087646484375;1.130126953125;;;;;;;;;;;;;;;
33.521240234375;0.01171875;-0.177490234375;1.052001953125;;;;;;;;;;;;;;;
33.52459716796875;-0.161865234375;0.096923828125;0.94140625;;;;;;;;;;;;;;;
33.5279541015625;-0.102783203125;0.122802734375;0.86279296875;;;;;;;;;;;;;;;
33.5313720703125;-0.107421875;0.337646484375;1.16748046875;;;;;;;;;;;;;;;
33.5347900390625;0.009521484375;-0.16650390625;1.055419921875;;;;;;;;;;;;;;;
33.53814697265625;0.036376953125;0.32373046875;1.0654296875;;;;;;;;;;;;;;;
33.54150390625;-0.24560546875;0.039794921875;0.813720703125;;;;;;;;;;;;;;;
33.544830322265625;0.11279296875;0.1484375;0.9091796875;;;;;;;;;;;;;;;
33.548248291015625;-0.027099609375;0.118408203125;1.18115234375;;;;;;;;;;;;;;;
33.5516357421875;0.005615234375;-0.082763671875;1.09326171875;;;;;;;;;;;;;;;
33.55511474609375;-0.24560546875;0.218017578125;1.115478515625;;;;;;;;;;;;;;;
33.558502197265625;-0.24169921875;-0.249267578125;0.77490234375;;;;;;;;;;;;;;;
33.56195068359375;-0.077880859375;0.313232421875;0.950439453125;;;;;;;;;;;;;;;
33.565338134765625;-0.13427734375;-0.00048828125;1.09228515625;;;;;;;;;;;;;;;
33.56878662109375;0.075927734375;0.186767578125;1.160400390625;;;;;;;;;;;;;;;
33.572113037109375;-0.195556640625;0.1748046875;1.091552734375;;;;;;;;;;;;;;;
33.575469970703125;-0.037353515625;-0.065185546875;0.802001953125;;;;;;;;;;;;;;;
33.578887939453125;-0.109375;0.185791015625;1.03515625;;;;;;;;;;;;;;;
33.58233642578125;-0.048095703125;-0.15283203125;0.95361328125;;;;;;;;;;;;;;;
33.5858154296875;-0.010986328125;0.273193359375;1.18212890625;;;;;;;;;;;;;;;
33.589202880859375;-0.195556640625;-0.02978515625;0.96337890625;;;;;;;;;;;;;;;
33.59259033203125;0.139404296875;0.1123046875;0.96533203125;;;;;;;;;;;;;;;
33.595916748046875;-0.2529296875;0.272705078125;1.05615234375;;;;;;;;;;;;;;;
33.5992431640625;-0.094970703125;-0.06884765625;1.00439453125;;;;;;;;;;;;;;;
33.60260009765625;-0.06396484375;0.242431640625;1.20166015625;;;;;;;;;;;;;;;
33.60595703125;0.0615234375;-0.2890625;0.88037109375;;;;;;;;;;;;;;;
33.609344482421875;0.058837890625;0.332763671875;0.97412109375;;;;;;;;;;;;;;;
33.612762451171875;-0.2421875;0.061767578125;0.7861328125;;;;;;;;;;;;;;;
33.61614990234375;0.23193359375;0.221435546875;1.051025390625;;;;;;;;;;;;;;;
33.6195068359375;0.086669921875;0.1298828125;1.215087890625;;;;;;;;;;;;;;;
33.6229248046875;-0.072021484375;-0.095458984375;1.05078125;;;;;;;;;;;;;;;
33.626312255859375;-0.273681640625;0.212890625;1.02392578125;;;;;;;;;;;;;;;
33.629730224609375;-0.218505859375;-0.17626953125;1.317626953125;;;;;;;;;;;;;;;
33.63311767578125;-0.00537109375;0.33154296875;1.09814453125;;;;;;;;;;;;;;;
33.6365966796875;-0.123291015625;-0.1201171875;1.0703125;;;;;;;;;;;;;;;
33.63995361328125;0.232666015625;0.29345703125;1.141845703125;;;;;;;;;;;;;;;
33.643402099609375;-0.37890625;0.10205078125;0.926513671875;;;;;;;;;;;;;;;
33.646728515625;-0.236328125;0.10302734375;0.830078125;;;;;;;;;;;;;;;
33.65020751953125;-0.145263671875;0.129638671875;1.143798828125;;;;;;;;;;;;;;;
33.653594970703125;0.102783203125;-0.239013671875;1.0771484375;;;;;;;;;;;;;;;
33.656982421875;0.04345703125;0.347900390625;1.10009765625;;;;;;;;;;;;;;;
33.66046142578125;-0.187255859375;0.0361328125;0.805908203125;;;;;;;;;;;;;;;
33.66387939453125;0.120849609375;0.326904296875;1.09326171875;;;;;;;;;;;;;;;
33.667266845703125;-0.21484375;0.05810546875;1.187744140625;;;;;;;;;;;;;;;
33.670623779296875;-0.124267578125;-0.1669921875;1.065673828125;;;;;;;;;;;;;;;
33.673919677734375;-0.219970703125;0.13037109375;1.133544921875;;;;;;;;;;;;;;;
33.6773681640625;-0.3466796875;-0.24169921875;0.74658203125;;;;;;;;;;;;;;;
33.6806640625;-0.033935546875;0.471435546875;0.969482421875;;;;;;;;;;;;;;;
33.683990478515625;-0.27685546875;0.015869140625;0.878173828125;;;;;;;;;;;;;;;
33.687408447265625;0.167724609375;0.277099609375;1.1484375;;;;;;;;;;;;;;;
33.690765380859375;-0.029052734375;0.0986328125;1.186767578125;;;;;;;;;;;;;;;
33.694091796875;-0.197265625;-0.106689453125;0.82177734375;;;;;;;;;;;;;;;
33.697479248046875;-0.115478515625;0.099365234375;1.01171875;;;;;;;;;;;;;;;
33.700836181640625;-0.0400390625;-0.33935546875;0.950439453125;;;;;;;;;;;;;;;
33.7042236328125;-0.037841796875;0.389404296875;1.19580078125;;;;;;;;;;;;;;;
33.70758056640625;-0.19091796875;-0.072021484375;0.9306640625;;;;;;;;;;;;;;;
33.7109375;0.141845703125;0.369384765625;1.0751953125;;;;;;;;;;;;;;;
33.71435546875;-0.598876953125;0.156005859375;1.091552734375;;;;;;;;;;;;;;;
33.7177734375;-0.263671875;0.00830078125;0.986328125;;;;;;;;;;;;;;;
33.72113037109375;-0.06298828125;0.02880859375;1.178466796875;;;;;;;;;;;;;;;
33.7244873046875;0.184326171875;-0.352783203125;0.888916015625;;;;;;;;;;;;;;;
33.727813720703125;0.00341796875;0.272216796875;0.997802734375;;;;;;;;;;;;;;;
33.731201171875;-0.379150390625;-0.009521484375;0.73095703125;;;;;;;;;;;;;;;
33.734588623046875;0.16357421875;0.440673828125;1.097900390625;;;;;;;;;;;;;;;
33.737945556640625;-0.036376953125;0.060302734375;1.212890625;;;;;;;;;;;;;;;
33.7413330078125;-0.1181640625;-0.012451171875;1.09765625;;;;;;;;;;;;;;;
33.74481201171875;-0.27978515625;-0.03515625;1.033203125;;;;;;;;;;;;;;;
33.748138427734375;-0.150634765625;-0.0888671875;0.8115234375;;;;;;;;;;;;;;;
33.751617431640625;-0.026611328125;0.267333984375;1.080810546875;;;;;;;;;;;;;;;
33.75506591796875;-0.04345703125;-0.162841796875;1.029052734375;;;;;;;;;;;;;;;
33.7584228515625;0.083740234375;0.3701171875;1.187255859375;;;;;;;;;;;;;;;
33.76177978515625;-0.281494140625;0.162841796875;0.897216796875;;;;;;;;;;;;;;;
33.765228271484375;0.05712890625;0.18359375;0.88232421875;;;;;;;;;;;;;;;
33.76861572265625;-0.102294921875;0.03759765625;1.072998046875;;;;;;;;;;;;;;;
33.77203369140625;0.109130859375;-0.318115234375;1.107666015625;;;;;;;;;;;;;;;
33.775421142578125;-0.099365234375;0.196044921875;1.111083984375;;;;;;;;;;;;;;;
33.77880859375;-0.214111328125;-0.203125;0.7900390625;;;;;;;;;;;;;;;
33.782257080078125;0.092529296875;0.32958984375;1.05517578125;;;;;;;;;;;;;;;
33.78558349609375;-0.109375;0.159912109375;1.05810546875;;;;;;;;;;;;;;;
33.78900146484375;0.0048828125;0.06103515625;1.176025390625;;;;;;;;;;;;;;;
33.79241943359375;-0.253173828125;0.0400390625;1.0498046875;;;;;;;;;;;;;;;
33.7957763671875;-0.140625;-0.171630859375;0.826171875;;;;;;;;;;;;;;;
33.799102783203125;-0.06103515625;0.265869140625;0.94287109375;;;;;;;;;;;;;;;
33.802490234375;-0.104736328125;-0.010498046875;0.856689453125;;;;;;;;;;;;;;;
33.80584716796875;0.164306640625;0.238037109375;1.2666015625;;;;;;;;;;;;;;;
33.809234619140625;-0.183349609375;-0.113525390625;1.052978515625;;;;;;;;;;;;;;;
33.812652587890625;0.123046875;-0.073974609375;1.02490234375;;;;;;;;;;;;;;;
33.81610107421875;-0.154296875;0.10791015625;0.937255859375;;;;;;;;;;;;;;;
33.819427490234375;0.04541015625;-0.29443359375;0.95654296875;;;;;;;;;;;;;;;
33.822784423828125;0.033447265625;0.21728515625;1.12841796875;;;;;;;;;;;;;;;
33.82623291015625;-0.108154296875;-0.124755859375;0.959228515625;;;;;;;;;;;;;;;
33.82958984375;0.050537109375;0.305419921875;1.084228515625;;;;;;;;;;;;;;;
33.83294677734375;-0.36279296875;0.106689453125;0.843505859375;;;;;;;;;;;;;;;
33.836395263671875;-0.05224609375;0.057861328125;1.044921875;;;;;;;;;;;;;;;
33.83978271484375;-0.06298828125;-0.027587890625;1.107421875;;;;;;;;;;;;;;;
33.843231201171875;0.16064453125;-0.25927734375;1.109130859375;;;;;;;;;;;;;;;
33.846771240234375;-0.10595703125;0.23779296875;0.97998046875;;;;;;;;;;;;;;;
33.85015869140625;-0.153564453125;0.067138671875;0.762451171875;;;;;;;;;;;;;;;
33.853546142578125;-0.048828125;0.3466796875;1.159423828125;;;;;;;;;;;;;;;
33.85693359375;-0.14990234375;-0.083740234375;1.143798828125;;;;;;;;;;;;;;;
33.860321044921875;-0.046630859375;-0.07861328125;1.16796875;;;;;;;;;;;;;;;
33.86370849609375;-0.22998046875;-0.064697265625;0.992919921875;;;;;;;;;;;;;;;
33.86712646484375;-0.03466796875;0.121826171875;0.817138671875;;;;;;;;;;;;;;;
33.87054443359375;-0.49951171875;0.25439453125;1.0419921875;;;;;;;;;;;;;;;
33.873992919921875;-0.02685546875;-0.176025390625;1.02978515625;;;;;;;;;;;;;;;
33.877288818359375;-0.006103515625;0.241455078125;1.236083984375;;;;;;;;;;;;;;;
33.88067626953125;-0.27783203125;0.07568359375;0.8984375;;;;;;;;;;;;;;;
33.884063720703125;0.07373046875;0.138916015625;0.883056640625;;;;;;;;;;;;;;;
33.887451171875;-0.070556640625;0.096923828125;1.01513671875;;;;;;;;;;;;;;;
33.890838623046875;0.111328125;-0.330322265625;1.125732421875;;;;;;;;;;;;;;;
33.89422607421875;-0.199951171875;0.142578125;1.160400390625;;;;;;;;;;;;;;;
33.897674560546875;-0.134765625;-0.25146484375;0.814697265625;;;;;;;;;;;;;;;
33.901092529296875;-0.071533203125;0.35888671875;1.0458984375;;;;;;;;;;;;;;;
33.904510498046875;-0.394287109375;0.078857421875;1.0205078125;;;;;;;;;;;;;;;
33.90789794921875;-0.02197265625;0.1279296875;1.17578125;;;;;;;;;;;;;;;
33.911285400390625;-0.151611328125;0.070556640625;1.0458984375;;;;;;;;;;;;;;;
33.9146728515625;0.214111328125;-0.046630859375;0.866943359375;;;;;;;;;;;;;;;
33.918060302734375;-0.0849609375;0.124755859375;0.931884765625;;;;;;;;;;;;;;;
33.92138671875;-0.036376953125;-0.258544921875;0.90380859375;;;;;;;;;;;;;;;
33.9248046875;-0.056396484375;0.245849609375;1.293212890625;;;;;;;;;;;;;;;
33.92828369140625;-0.265869140625;-0.120849609375;1.083251953125;;;;;;;;;;;;;;;
33.931671142578125;0.00537109375;0.099365234375;1.066162109375;;;;;;;;;;;;;;;
33.93505859375;-0.16162109375;0.115478515625;0.89794921875;;;;;;;;;;;;;;;
33.93841552734375;0.04052734375;0.290771484375;0.96044921875;;;;;;;;;;;;;;;
33.941864013671875;-0.06201171875;0.16552734375;1.08251953125;;;;;;;;;;;;;;;
33.945220947265625;-0.04541015625;-0.24951171875;1.00146484375;;;;;;;;;;;;;;;
33.9486083984375;-0.0244140625;0.158935546875;1.1201171875;;;;;;;;;;;;;;;
33.9520263671875;-0.48681640625;-0.03466796875;0.733154296875;;;;;;;;;;;;;;;
33.95538330078125;0.061767578125;0.18359375;1.037109375;;;;;;;;;;;;;;;
33.95880126953125;-0.0849609375;0.0478515625;1.04833984375;;;;;;;;;;;;;;;
33.962249755859375;0.25146484375;0.03173828125;1.156494140625;;;;;;;;;;;;;;;
33.965606689453125;-0.16748046875;0.1416015625;0.990966796875;;;;;;;;;;;;;;;
33.968963623046875;-0.14111328125;-0.068359375;0.787353515625;;;;;;;;;;;;;;;
33.9722900390625;-0.0771484375;0.321533203125;1.063232421875;;;;;;;;;;;;;;;
33.975677490234375;-0.517333984375;-0.205078125;1.030029296875;;;;;;;;;;;;;;;
33.979034423828125;0.309326171875;-0.05029296875;1.24267578125;;;;;;;;;;;;;;;
33.982391357421875;-0.22998046875;-0.01708984375;0.841796875;;;;;;;;;;;;;;;
33.98577880859375;0.0712890625;0.313232421875;0.8427734375;;;;;;;;;;;;;;;
33.989227294921875;-0.037353515625;0.22802734375;0.972900390625;;;;;;;;;;;;;;;
33.992584228515625;0.075439453125;-0.139892578125;1.077392578125;;;;;;;;;;;;;;;
33.99603271484375;0.010498046875;0.169677734375;1.233154296875;;;;;;;;;;;;;;;
33.999481201171875;-0.448974609375;-0.016845703125;0.8779296875;;;;;;;;;;;;;;;
34.002899169921875;0.216552734375;0.074951171875;0.940185546875;;;;;;;;;;;;;;;
34.00634765625;-0.19921875;0.15576171875;0.902099609375;;;;;;;;;;;;;;;
34.009735107421875;0.236083984375;-0.17578125;1.133056640625;;;;;;;;;;;;;;;
34.0130615234375;-0.0927734375;0.230712890625;1.109375;;;;;;;;;;;;;;;
34.0164794921875;0.01953125;-0.033447265625;0.90478515625;;;;;;;;;;;;;;;
34.019866943359375;-0.189697265625;0.401611328125;0.9619140625;;;;;;;;;;;;;;;
34.02325439453125;-0.209716796875;-0.0732421875;0.910888671875;;;;;;;;;;;;;;;
34.026641845703125;0.3076171875;-0.006103515625;1.239501953125;;;;;;;;;;;;;;;
34.030029296875;-0.148681640625;0.006103515625;0.989013671875;;;;;;;;;;;;;;;
34.03338623046875;0.24169921875;0.159912109375;0.896728515625;;;;;;;;;;;;;;;
34.0367431640625;-0.14013671875;0.1611328125;0.891845703125;;;;;;;;;;;;;;;
34.0400390625;0.090576171875;-0.09765625;0.886962890625;;;;;;;;;;;;;;;
34.04345703125;0.056884765625;0.148681640625;1.267333984375;;;;;;;;;;;;;;;
34.046783447265625;-0.273681640625;-0.148193359375;1.08056640625;;;;;;;;;;;;;;;
34.05010986328125;0.06396484375;0.119140625;1.1240234375;;;;;;;;;;;;;;;
34.05352783203125;-0.2265625;0.1328125;0.836669921875;;;;;;;;;;;;;;;
34.056915283203125;0.079345703125;0.424560546875;0.94775390625;;;;;;;;;;;;;;;
34.060302734375;0.0029296875;0.155029296875;1.024658203125;;;;;;;;;;;;;;;
34.06365966796875;0.14794921875;-0.1337890625;1.050048828125;;;;;;;;;;;;;;;
34.066986083984375;-0.119384765625;0.0869140625;1.062255859375;;;;;;;;;;;;;;;
34.070343017578125;-0.2265625;-0.039794921875;0.7734375;;;;;;;;;;;;;;;
34.07373046875;0.16845703125;0.224853515625;1.097412109375;;;;;;;;;;;;;;;
34.077056884765625;-0.05419921875;0.04150390625;1.0;;;;;;;;;;;;;;;
34.08050537109375;0.156494140625;0.20361328125;1.19091796875;;;;;;;;;;;;;;;
34.08392333984375;-0.2470703125;0.1201171875;0.946044921875;;;;;;;;;;;;;;;
34.087310791015625;0.058349609375;0.11962890625;0.809814453125;;;;;;;;;;;;;;;
34.090667724609375;-0.015380859375;0.18603515625;1.05322265625;;;;;;;;;;;;;;;
34.094085693359375;-0.35693359375;-0.162353515625;0.986083984375;;;;;;;;;;;;;;;
34.097442626953125;0.334716796875;0.151123046875;1.3154296875;;;;;;;;;;;;;;;
34.100830078125;-0.21826171875;0.05078125;0.86083984375;;;;;;;;;;;;;;;
34.10418701171875;0.247314453125;0.50146484375;0.86376953125;;;;;;;;;;;;;;;
34.10760498046875;-0.050048828125;0.121826171875;0.900390625;;;;;;;;;;;;;;;
34.110931396484375;0.1552734375;-0.086181640625;1.071044921875;;;;;;;;;;;;;;;
34.114349365234375;0.060546875;0.00732421875;1.251220703125;;;;;;;;;;;;;;;
34.1177978515625;-0.19677734375;-0.12451171875;0.870849609375;;;;;;;;;;;;;;;
34.12115478515625;0.160888671875;0.134765625;1.0830078125;;;;;;;;;;;;;;;
34.12457275390625;-0.27490234375;0.1826171875;0.827392578125;;;;;;;;;;;;;;;
34.127899169921875;0.255126953125;0.107666015625;1.1689453125;;;;;;;;;;;;;;;
34.131317138671875;-0.00537109375;0.175537109375;1.006103515625;;;;;;;;;;;;;;;
34.13470458984375;0.11474609375;0.10400390625;0.942138671875;;;;;;;;;;;;;;;
34.1380615234375;-0.2041015625;0.185791015625;0.954833984375;;;;;;;;;;;;;;;
34.141387939453125;0.04150390625;-0.0849609375;0.873291015625;;;;;;;;;;;;;;;
34.144805908203125;0.489501953125;0.110107421875;1.328125;;;;;;;;;;;;;;;
34.148162841796875;-0.1494140625;0.05859375;0.98388671875;;;;;;;;;;;;;;;
34.151519775390625;0.1181640625;0.314697265625;1.185546875;;;;;;;;;;;;;;;
34.15496826171875;-0.03955078125;0.154052734375;0.8505859375;;;;;;;;;;;;;;;
34.1583251953125;-0.094970703125;0.081298828125;0.915283203125;;;;;;;;;;;;;;;
34.1617431640625;-0.03515625;-0.008544921875;1.258544921875;;;;;;;;;;;;;;;
34.165130615234375;-0.2734375;-0.10302734375;1.011474609375;;;;;;;;;;;;;;;
34.16845703125;0.253173828125;0.0458984375;1.172607421875;;;;;;;;;;;;;;;
34.171844482421875;-0.164306640625;0.095947265625;0.780517578125;;;;;;;;;;;;;;;
34.17535400390625;0.179443359375;0.4541015625;0.982666015625;;;;;;;;;;;;;;;
34.1787109375;-0.08544921875;0.0830078125;0.989501953125;;;;;;;;;;;;;;;
34.182037353515625;0.016357421875;0.0205078125;1.135498046875;;;;;;;;;;;;;;;
34.18536376953125;-0.259521484375;0.024658203125;1.028564453125;;;;;;;;;;;;;;;
34.188812255859375;0.015869140625;-0.0595703125;0.7890625;;;;;;;;;;;;;;;
34.1922607421875;0.056884765625;0.2470703125;1.158447265625;;;;;;;;;;;;;;;
34.1956787109375;-0.102783203125;-0.05859375;1.01025390625;;;;;;;;;;;;;;;
34.199005126953125;-0.0009765625;0.22998046875;1.22216796875;;;;;;;;;;;;;;;
34.202484130859375;-0.17529296875;-0.02197265625;0.909423828125;;;;;;;;;;;;;;;
34.20587158203125;0.028564453125;0.239501953125;0.85546875;;;;;;;;;;;;;;;
34.209259033203125;-0.07177734375;0.094482421875;0.94482421875;;;;;;;;;;;;;;;
34.21270751953125;0.12744140625;-0.005859375;0.9609375;;;;;;;;;;;;;;;
34.216064453125;0.3935546875;0.178466796875;1.357177734375;;;;;;;;;;;;;;;
34.219390869140625;-0.173828125;0.11083984375;0.92822265625;;;;;;;;;;;;;;;
34.22271728515625;-0.080810546875;0.364013671875;0.94580078125;;;;;;;;;;;;;;;
34.226165771484375;-0.158447265625;-0.029296875;0.84375;;;;;;;;;;;;;;;
34.22955322265625;0.010986328125;-0.0654296875;1.078125;;;;;;;;;;;;;;;
34.23297119140625;-0.091064453125;-0.004638671875;1.215576171875;;;;;;;;;;;;;;;
34.236358642578125;-0.087890625;0.0712890625;0.903076171875;;;;;;;;;;;;;;;
34.239776611328125;0.16552734375;0.166015625;1.09130859375;;;;;;;;;;;;;;;
34.24310302734375;-0.155517578125;0.132080078125;0.875732421875;;;;;;;;;;;;;;;
34.246490478515625;0.07958984375;0.287353515625;1.178466796875;;;;;;;;;;;;;;;
34.249847412109375;-0.0859375;0.08935546875;1.01953125;;;;;;;;;;;;;;;
34.253204345703125;-0.004150390625;0.166015625;0.983642578125;;;;;;;;;;;;;;;
34.256561279296875;-0.186767578125;-0.039794921875;0.913330078125;;;;;;;;;;;;;;;
34.2598876953125;0.11328125;-0.06787109375;0.91015625;;;;;;;;;;;;;;;
34.263336181640625;0.429931640625;0.157958984375;1.30810546875;;;;;;;;;;;;;;;
34.266845703125;-0.12060546875;-0.033447265625;1.03515625;;;;;;;;;;;;;;;
34.270294189453125;-0.080810546875;0.41943359375;1.20947265625;;;;;;;;;;;;;;;
34.273712158203125;-0.19384765625;-0.0205078125;0.81494140625;;;;;;;;;;;;;;;
34.277099609375;-0.111083984375;0.14794921875;0.91357421875;;;;;;;;;;;;;;;
34.280487060546875;-0.143798828125;-0.073974609375;1.05126953125;;;;;;;;;;;;;;;
34.2838134765625;-0.225830078125;-0.086669921875;1.06298828125;;;;;;;;;;;;;;;
34.287139892578125;0.002685546875;0.0234375;1.162109375;;;;;;;;;;;;;;;
34.29052734375;-0.14013671875;0.0341796875;0.828125;;;;;;;;;;;;;;;
34.2939453125;0.060546875;0.489990234375;1.003173828125;;;;;;;;;;;;;;;
34.29736328125;-0.131591796875;0.158447265625;0.9697265625;;;;;;;;;;;;;;;
34.300750732421875;-0.05810546875;0.168212890625;1.17236328125;;;;;;;;;;;;;;;
34.3040771484375;-0.25927734375;-0.072021484375;1.008056640625;;;;;;;;;;;;;;;
34.307525634765625;0.015380859375;-0.198974609375;0.885009765625;;;;;;;;;;;;;;;
34.31085205078125;-0.0283203125;0.197021484375;1.11572265625;;;;;;;;;;;;;;;
34.3143310546875;-0.04248046875;0.012939453125;0.989501953125;;;;;;;;;;;;;;;
34.317657470703125;-0.02685546875;0.385986328125;1.246826171875;;;;;;;;;;;;;;;
34.32098388671875;-0.1201171875;-0.026611328125;0.88671875;;;;;;;;;;;;;;;
34.3243408203125;0.114501953125;0.270263671875;0.91650390625;;;;;;;;;;;;;;;
34.327728271484375;-0.193603515625;0.099853515625;0.86083984375;;;;;;;;;;;;;;;
34.331085205078125;0.128662109375;-0.04150390625;1.03857421875;;;;;;;;;;;;;;;
34.33453369140625;0.001953125;0.1220703125;1.276123046875;;;;;;;;;;;;;;;
34.337890625;-0.084228515625;-0.050048828125;0.96923828125;;;;;;;;;;;;;;;
34.341278076171875;-0.121826171875;0.33447265625;0.976806640625;;;;;;;;;;;;;;;
34.34466552734375;-0.227294921875;-0.1162109375;0.79833984375;;;;;;;;;;;;;;;
34.348052978515625;0.100830078125;0.082275390625;1.117919921875;;;;;;;;;;;;;;;
34.3514404296875;-0.103515625;-0.02294921875;1.1591796875;;;;;;;;;;;;;;;
34.354827880859375;0.048095703125;0.115966796875;1.03076171875;;;;;;;;;;;;;;;
34.358184814453125;-0.1826171875;0.182373046875;0.961669921875;;;;;;;;;;;;;;;
34.36163330078125;-0.080078125;0.0546875;0.853759765625;;;;;;;;;;;;;;;
34.36492919921875;-0.04052734375;0.158447265625;1.1611328125;;;;;;;;;;;;;;;
34.368377685546875;-0.00732421875;-0.018310546875;1.031005859375;;;;;;;;;;;;;;;
34.371795654296875;-0.042724609375;0.20849609375;1.068603515625;;;;;;;;;;;;;;;
34.375244140625;-0.2431640625;-0.00341796875;0.831787109375;;;;;;;;;;;;;;;
34.378662109375;0.2236328125;0.04150390625;0.953125;;;;;;;;;;;;;;;
34.382049560546875;-0.1357421875;0.19384765625;1.22705078125;;;;;;;;;;;;;;;
34.38543701171875;-0.001220703125;-0.10498046875;1.073486328125;;;;;;;;;;;;;;;
34.38885498046875;-0.192138671875;0.310791015625;1.152099609375;;;;;;;;;;;;;;;
34.3922119140625;-0.09619140625;-0.11572265625;0.74658203125;;;;;;;;;;;;;;;
34.395660400390625;0.061279296875;0.364501953125;0.969482421875;;;;;;;;;;;;;;;
34.3990478515625;-0.1259765625;-0.01708984375;0.952392578125;;;;;;;;;;;;;;;
34.402435302734375;0.041015625;0.0703125;1.090576171875;;;;;;;;;;;;;;;
34.405792236328125;0.049560546875;0.11474609375;1.168701171875;;;;;;;;;;;;;;;
34.40924072265625;-0.162109375;-0.075927734375;0.85205078125;;;;;;;;;;;;;;;
34.41265869140625;0.00927734375;0.349365234375;1.019287109375;;;;;;;;;;;;;;;
34.41607666015625;-0.138916015625;-0.21826171875;0.91357421875;;;;;;;;;;;;;;;
34.41949462890625;0.069580078125;0.269775390625;1.216552734375;;;;;;;;;;;;;;;
34.4228515625;-0.228759765625;-0.06640625;0.98291015625;;;;;;;;;;;;;;;
34.426239013671875;0.230712890625;0.2197265625;0.916259765625;;;;;;;;;;;;;;;
34.42962646484375;-0.069580078125;0.181640625;1.010986328125;;;;;;;;;;;;;;;
34.433074951171875;-0.102294921875;-0.04931640625;0.989990234375;;;;;;;;;;;;;;;
34.43646240234375;-0.088134765625;0.207275390625;1.23193359375;;;;;;;;;;;;;;;
34.43988037109375;-0.066650390625;-0.10888671875;0.955078125;;;;;;;;;;;;;;;
34.443206787109375;0.135009765625;0.431396484375;0.939697265625;;;;;;;;;;;;;;;
34.446746826171875;-0.2529296875;0.184814453125;0.796875;;;;;;;;;;;;;;;
34.450103759765625;0.3017578125;0.16748046875;1.162353515625;;;;;;;;;;;;;;;
34.45355224609375;0.35986328125;0.02001953125;1.310302734375;;;;;;;;;;;;;;;
34.456939697265625;-0.172607421875;-0.150146484375;1.004638671875;;;;;;;;;;;;;;;
34.460296630859375;-0.180908203125;0.125244140625;1.012939453125;;;;;;;;;;;;;;;
34.463653564453125;-0.277099609375;-0.102294921875;0.750732421875;;;;;;;;;;;;;;;
34.46710205078125;0.11181640625;0.266357421875;1.10546875;;;;;;;;;;;;;;;
34.47052001953125;-0.137939453125;0.051025390625;1.0869140625;;;;;;;;;;;;;;;
34.47393798828125;0.08642578125;0.24072265625;1.064208984375;;;;;;;;;;;;;;;
34.477325439453125;0.021484375;0.1982421875;0.99853515625;;;;;;;;;;;;;;;
34.480804443359375;-0.101806640625;0.0693359375;0.826416015625;;;;;;;;;;;;;;;
34.484222412109375;0.0361328125;-0.017333984375;1.143310546875;;;;;;;;;;;;;;;
34.48760986328125;0.015380859375;-0.220947265625;1.026123046875;;;;;;;;;;;;;;;
34.49102783203125;-0.03857421875;0.304443359375;1.090576171875;;;;;;;;;;;;;;;
34.49432373046875;-0.3046875;-0.03076171875;0.78125;;;;;;;;;;;;;;;
34.49774169921875;0.236328125;0.211669921875;1.0078125;;;;;;;;;;;;;;;
34.50115966796875;-0.19482421875;0.2802734375;1.22900390625;;;;;;;;;;;;;;;
34.5045166015625;-0.15234375;-0.062744140625;1.073486328125;;;;;;;;;;;;;;;
34.507904052734375;-0.17041015625;0.1533203125;1.1669921875;;;;;;;;;;;;;;;
34.51123046875;-0.013916015625;-0.3173828125;0.756103515625;;;;;;;;;;;;;;;
34.51458740234375;0.099609375;0.373779296875;0.957275390625;;;;;;;;;;;;;;;
34.5179443359375;-0.205322265625;-0.019287109375;0.904541015625;;;;;;;;;;;;;;;
34.521392822265625;0.087158203125;0.212158203125;1.18310546875;;;;;;;;;;;;;;;
34.5247802734375;-0.207275390625;0.128173828125;1.1044921875;;;;;;;;;;;;;;;
34.52813720703125;-0.047119140625;0.010986328125;0.8935546875;;;;;;;;;;;;;;;
34.53143310546875;-0.068115234375;0.138916015625;1.02294921875;;;;;;;;;;;;;;;
34.534820556640625;-0.088134765625;-0.17822265625;0.924072265625;;;;;;;;;;;;;;;
34.538238525390625;0.060302734375;0.28564453125;1.172119140625;;;;;;;;;;;;;;;
34.5416259765625;-0.068603515625;-0.10546875;0.972412109375;;;;;;;;;;;;;;;
34.5450439453125;0.16943359375;0.29931640625;0.995361328125;;;;;;;;;;;;;;;
34.54833984375;-0.254150390625;0.217529296875;0.885986328125;;;;;;;;;;;;;;;
34.55169677734375;-0.051513671875;0.049072265625;1.005126953125;;;;;;;;;;;;;;;
34.55511474609375;-0.17041015625;-0.046142578125;1.173095703125;;;;;;;;;;;;;;;
34.5584716796875;0.04736328125;-0.28271484375;1.050048828125;;;;;;;;;;;;;;;
34.561859130859375;-0.1083984375;0.29248046875;0.94580078125;;;;;;;;;;;;;;;
34.5653076171875;-0.149658203125;-0.06982421875;0.757080078125;;;;;;;;;;;;;;;
34.568634033203125;0.1533203125;0.194580078125;1.187255859375;;;;;;;;;;;;;;;
34.572021484375;-0.045166015625;0.064208984375;1.17919921875;;;;;;;;;;;;;;;
34.575408935546875;0.0029296875;-0.004638671875;1.07421875;;;;;;;;;;;;;;;
34.578765869140625;-0.2138671875;0.06982421875;0.93896484375;;;;;;;;;;;;;;;
34.5821533203125;-0.17138671875;-0.095703125;0.7958984375;;;;;;;;;;;;;;;
34.58551025390625;-0.05517578125;0.307861328125;1.051513671875;;;;;;;;;;;;;;;
34.5888671875;-0.006103515625;-0.011474609375;0.995849609375;;;;;;;;;;;;;;;
34.59228515625;0.0791015625;0.279541015625;1.185546875;;;;;;;;;;;;;;;
34.59564208984375;-0.2509765625;0.151123046875;0.92236328125;;;;;;;;;;;;;;;
34.599029541015625;0.072021484375;0.0009765625;0.930908203125;;;;;;;;;;;;;;;
34.602325439453125;-0.10546875;0.045654296875;1.09521484375;;;;;;;;;;;;;;;
34.605682373046875;0.120849609375;-0.390625;1.083984375;;;;;;;;;;;;;;;
34.60906982421875;-0.167236328125;0.34814453125;1.11279296875;;;;;;;;;;;;;;;
34.61248779296875;-0.23193359375;-0.08642578125;0.7861328125;;;;;;;;;;;;;;;
34.615814208984375;0.061279296875;0.356201171875;1.04541015625;;;;;;;;;;;;;;;
34.61932373046875;-0.238037109375;0.1142578125;1.10693359375;;;;;;;;;;;;;;;
34.6226806640625;0.008544921875;-0.063720703125;1.1142578125;;;;;;;;;;;;;;;
34.626129150390625;-0.178955078125;0.03564453125;1.1142578125;;;;;;;;;;;;;;;
34.629486083984375;0.0712890625;-0.302734375;0.808837890625;;;;;;;;;;;;;;;
34.6329345703125;-0.070556640625;0.350830078125;0.96533203125;;;;;;;;;;;;;;;
34.6363525390625;-0.152099609375;0.021240234375;0.862548828125;;;;;;;;;;;;;;;
34.639739990234375;0.02099609375;0.316162109375;1.22412109375;;;;;;;;;;;;;;;
34.64312744140625;-0.13671875;-0.047607421875;1.087890625;;;;;;;;;;;;;;;
34.646514892578125;0.06640625;-0.02294921875;0.999267578125;;;;;;;;;;;;;;;
34.64984130859375;-0.190673828125;0.063720703125;0.97216796875;;;;;;;;;;;;;;;
34.653289794921875;0.033447265625;-0.037841796875;0.931396484375;;;;;;;;;;;;;;;
34.65655517578125;-0.04150390625;0.234375;1.153564453125;;;;;;;;;;;;;;;
34.659881591796875;0.025634765625;-0.146240234375;0.9521484375;;;;;;;;;;;;;;;
34.663421630859375;0.105224609375;0.3271484375;1.10693359375;;;;;;;;;;;;;;;
34.666748046875;-0.3974609375;0.165283203125;0.823974609375;;;;;;;;;;;;;;;
34.67010498046875;0.084716796875;0.1328125;1.0068359375;;;;;;;;;;;;;;;
34.673492431640625;-0.056396484375;-0.025634765625;1.140625;;;;;;;;;;;;;;;
34.6768798828125;0.137451171875;-0.255126953125;1.081298828125;;;;;;;;;;;;;;;
34.68023681640625;-0.197998046875;0.2373046875;0.987060546875;;;;;;;;;;;;;;;
34.68365478515625;-0.161376953125;-0.1572265625;0.755615234375;;;;;;;;;;;;;;;
34.68695068359375;-0.057373046875;0.300048828125;1.1787109375;;;;;;;;;;;;;;;
34.690338134765625;-0.154296875;-0.050048828125;1.173095703125;;;;;;;;;;;;;;;
34.69366455078125;-0.12109375;0.151123046875;1.1396484375;;;;;;;;;;;;;;;
34.696990966796875;-0.182861328125;0.050048828125;0.915771484375;;;;;;;;;;;;;;;
34.700408935546875;-0.071533203125;0.097412109375;0.80029296875;;;;;;;;;;;;;;;
34.703765869140625;-0.037353515625;0.176513671875;1.061767578125;;;;;;;;;;;;;;;
34.7071533203125;-0.05078125;-0.232177734375;1.017333984375;;;;;;;;;;;;;;;
34.71051025390625;0.092041015625;0.21484375;1.239501953125;;;;;;;;;;;;;;;
34.713836669921875;-0.259521484375;-0.15380859375;0.91162109375;;;;;;;;;;;;;;;
34.71728515625;0.04736328125;0.14453125;0.989990234375;;;;;;;;;;;;;;;
34.72064208984375;-0.030029296875;0.138671875;1.04150390625;;;;;;;;;;;;;;;
34.7239990234375;0.075927734375;-0.2509765625;1.096435546875;;;;;;;;;;;;;;;
34.72747802734375;-0.19482421875;0.278564453125;1.104736328125;;;;;;;;;;;;;;;
34.730865478515625;-0.2021484375;-0.261474609375;0.800537109375;;;;;;;;;;;;;;;
34.734344482421875;0.02099609375;0.432861328125;1.07080078125;;;;;;;;;;;;;;;
34.73779296875;-0.4541015625;0.02587890625;0.86474609375;;;;;;;;;;;;;;;
34.7410888671875;-0.1005859375;-0.002685546875;1.15185546875;;;;;;;;;;;;;;;
34.74462890625;-0.175537109375;-0.16650390625;1.060791015625;;;;;;;;;;;;;;;
34.748077392578125;0.23291015625;-0.02783203125;0.821533203125;;;;;;;;;;;;;;;
34.75152587890625;-0.01611328125;0.34619140625;0.957763671875;;;;;;;;;;;;;;;
34.754913330078125;-0.17724609375;0.010986328125;0.865234375;;;;;;;;;;;;;;;
34.758270263671875;-0.015625;0.330322265625;1.24462890625;;;;;;;;;;;;;;;
34.76171875;-0.080322265625;-0.2236328125;1.084228515625;;;;;;;;;;;;;;;
34.76513671875;0.115234375;0.016357421875;1.065673828125;;;;;;;;;;;;;;;
34.768524169921875;-0.186767578125;-0.017333984375;0.924560546875;;;;;;;;;;;;;;;
34.77191162109375;0.042724609375;0.269287109375;0.94482421875;;;;;;;;;;;;;;;
34.7752685546875;-0.073974609375;0.166015625;1.119140625;;;;;;;;;;;;;;;
34.77862548828125;0.076171875;-0.1396484375;0.963623046875;;;;;;;;;;;;;;;
34.782012939453125;-0.012451171875;0.288818359375;1.09228515625;;;;;;;;;;;;;;;
34.785369873046875;-0.220947265625;0.152099609375;0.8388671875;;;;;;;;;;;;;;;
34.78875732421875;0.01904296875;0.1875;1.046630859375;;;;;;;;;;;;;;;
34.792144775390625;-0.052978515625;-0.079345703125;1.083740234375;;;;;;;;;;;;;;;
34.795501708984375;0.118896484375;-0.124267578125;1.09716796875;;;;;;;;;;;;;;;
34.798828125;-0.15869140625;0.163330078125;0.97900390625;;;;;;;;;;;;;;;
34.80230712890625;-0.08935546875;-0.011962890625;0.78515625;;;;;;;;;;;;;;;
34.805694580078125;-0.1494140625;0.37255859375;1.10205078125;;;;;;;;;;;;;;;
34.809051513671875;-0.0947265625;-0.036376953125;1.097412109375;;;;;;;;;;;;;;;
34.8123779296875;0.038330078125;0.099609375;1.22119140625;;;;;;;;;;;;;;;
34.81573486328125;-0.18408203125;-0.015869140625;0.881103515625;;;;;;;;;;;;;;;
34.819122314453125;0.167724609375;0.2265625;0.823486328125;;;;;;;;;;;;;;;
34.822479248046875;-0.0107421875;0.244873046875;1.00146484375;;;;;;;;;;;;;;;
34.825897216796875;0.0205078125;-0.196533203125;1.036865234375;;;;;;;;;;;;;;;
34.82928466796875;-0.10498046875;0.228759765625;1.251708984375;;;;;;;;;;;;;;;
34.832763671875;-0.1904296875;-0.176513671875;0.904541015625;;;;;;;;;;;;;;;
34.83624267578125;0.052490234375;0.189697265625;1.024658203125;;;;;;;;;;;;;;;
34.839569091796875;-0.11376953125;0.17041015625;0.94677734375;;;;;;;;;;;;;;;
34.84295654296875;0.14794921875;0.331298828125;1.118896484375;;;;;;;;;;;;;;;
34.84637451171875;-0.14306640625;0.304931640625;1.03955078125;;;;;;;;;;;;;;;
34.849700927734375;-0.03125;-0.2216796875;0.8466796875;;;;;;;;;;;;;;;
34.853057861328125;-0.170166015625;0.118408203125;1.01318359375;;;;;;;;;;;;;;;
34.856475830078125;-0.224853515625;-0.08349609375;0.854736328125;;;;;;;;;;;;;;;
34.85986328125;0.1279296875;0.12890625;1.19921875;;;;;;;;;;;;;;;
34.86328125;-0.13671875;0.08935546875;1.03271484375;;;;;;;;;;;;;;;
34.86663818359375;0.168701171875;0.1142578125;1.0400390625;;;;;;;;;;;;;;;
34.870025634765625;-0.20166015625;0.2763671875;0.89013671875;;;;;;;;;;;;;;;
34.873443603515625;0.023193359375;-0.061767578125;0.871826171875;;;;;;;;;;;;;;;
34.876861572265625;-0.072265625;0.2197265625;1.1845703125;;;;;;;;;;;;;;;
34.88018798828125;-0.115234375;-0.263916015625;1.077392578125;;;;;;;;;;;;;;;
34.88360595703125;0.032958984375;0.05419921875;1.107421875;;;;;;;;;;;;;;;
34.886932373046875;-0.196044921875;0.069091796875;0.808349609375;;;;;;;;;;;;;;;
34.8902587890625;0.0595703125;0.43017578125;0.942626953125;;;;;;;;;;;;;;;
34.89373779296875;-0.1142578125;0.19091796875;1.043701171875;;;;;;;;;;;;;;;
34.89715576171875;0.0908203125;-0.137451171875;1.154541015625;;;;;;;;;;;;;;;
34.900543212890625;-0.16943359375;0.20458984375;1.096923828125;;;;;;;;;;;;;;;
34.904022216796875;-0.231689453125;-0.02490234375;0.821533203125;;;;;;;;;;;;;;;
34.907440185546875;0.019287109375;0.21435546875;1.08642578125;;;;;;;;;;;;;;;
34.910858154296875;-0.08056640625;-0.028564453125;1.01953125;;;;;;;;;;;;;;;
34.914215087890625;0.165283203125;0.028564453125;1.16162109375;;;;;;;;;;;;;;;
34.917572021484375;-0.27587890625;0.14892578125;0.981689453125;;;;;;;;;;;;;;;
34.9210205078125;-0.000244140625;0.1044921875;0.82177734375;;;;;;;;;;;;;;;
34.92437744140625;-0.233642578125;0.374755859375;1.01123046875;;;;;;;;;;;;;;;
34.927764892578125;-0.034423828125;-0.159423828125;1.059814453125;;;;;;;;;;;;;;;
34.93115234375;-0.034912109375;0.0751953125;1.272216796875;;;;;;;;;;;;;;;
34.93450927734375;-0.13427734375;0.00244140625;0.8818359375;;;;;;;;;;;;;;;
34.93798828125;0.05029296875;0.27001953125;0.87451171875;;;;;;;;;;;;;;;
34.941314697265625;-0.134521484375;0.2080078125;0.932861328125;;;;;;;;;;;;;;;
34.94464111328125;0.054443359375;-0.2294921875;1.0771484375;;;;;;;;;;;;;;;
34.947998046875;-0.1279296875;0.22998046875;1.24609375;;;;;;;;;;;;;;;
34.951416015625;-0.243896484375;-0.21923828125;0.894287109375;;;;;;;;;;;;;;;
34.954864501953125;0.068115234375;0.226806640625;1.05517578125;;;;;;;;;;;;;;;
34.958282470703125;-0.202880859375;0.18603515625;0.8916015625;;;;;;;;;;;;;;;
34.96160888671875;0.151123046875;0.292236328125;1.138671875;;;;;;;;;;;;;;;
34.965057373046875;-0.215087890625;0.17236328125;1.027099609375;;;;;;;;;;;;;;;
34.968414306640625;0.09912109375;-0.08837890625;0.943115234375;;;;;;;;;;;;;;;
34.971771240234375;-0.297119140625;0.033935546875;0.96630859375;;;;;;;;;;;;;;;
34.97515869140625;-0.075439453125;-0.174560546875;0.802978515625;;;;;;;;;;;;;;;
34.978546142578125;0.43505859375;0.126953125;1.242919921875;;;;;;;;;;;;;;;
34.98199462890625;-0.01416015625;0.10498046875;1.015625;;;;;;;;;;;;;;;
34.9853515625;0.1513671875;0.3671875;1.13720703125;;;;;;;;;;;;;;;
34.988677978515625;-0.369873046875;0.11279296875;0.86669921875;;;;;;;;;;;;;;;
34.992095947265625;0.015869140625;0.19189453125;0.90478515625;;;;;;;;;;;;;;;
34.995452880859375;-0.0009765625;0.03564453125;1.1103515625;;;;;;;;;;;;;;;
34.99884033203125;-0.3291015625;-0.249267578125;1.03125;;;;;;;;;;;;;;;
35.00225830078125;0.23095703125;0.17431640625;1.159423828125;;;;;;;;;;;;;;;
35.00567626953125;-0.18701171875;0.181640625;0.80517578125;;;;;;;;;;;;;;;
35.009002685546875;0.167724609375;0.47314453125;0.977783203125;;;;;;;;;;;;;;;
35.012451171875;-0.1396484375;-0.06640625;0.994140625;;;;;;;;;;;;;;;
35.015838623046875;0.131103515625;-0.04248046875;1.19677734375;;;;;;;;;;;;;;;
35.019256591796875;-0.214111328125;-0.01953125;1.0751953125;;;;;;;;;;;;;;;
35.022705078125;-0.25244140625;-0.0234375;0.73828125;;;;;;;;;;;;;;;
35.026123046875;0.376708984375;0.153564453125;1.129638671875;;;;;;;;;;;;;;;
35.029541015625;-0.01611328125;0.081298828125;0.973876953125;;;;;;;;;;;;;;;
35.032928466796875;0.24169921875;0.28173828125;1.2373046875;;;;;;;;;;;;;;;
35.03631591796875;-0.367919921875;0.190185546875;0.877197265625;;;;;;;;;;;;;;;
35.039703369140625;0.0390625;0.195556640625;0.84375;;;;;;;;;;;;;;;
35.043060302734375;-0.107177734375;0.222412109375;0.980712890625;;;;;;;;;;;;;;;
35.046478271484375;0.07080078125;-0.287109375;0.982666015625;;;;;;;;;;;;;;;
35.049896240234375;0.38525390625;0.063720703125;1.311279296875;;;;;;;;;;;;;;;
35.053192138671875;-0.12060546875;0.02294921875;0.907470703125;;;;;;;;;;;;;;;
35.0565185546875;0.0205078125;0.49755859375;1.0322265625;;;;;;;;;;;;;;;
35.0599365234375;-0.290283203125;0.116455078125;0.812255859375;;;;;;;;;;;;;;;
35.06329345703125;0.266357421875;0.001708984375;1.0927734375;;;;;;;;;;;;;;;
35.066741943359375;-0.01708984375;-0.00439453125;1.221923828125;;;;;;;;;;;;;;;
35.070068359375;-0.15869140625;-0.137939453125;0.962158203125;;;;;;;;;;;;;;;
35.073455810546875;-0.04541015625;0.085693359375;1.02880859375;;;;;;;;;;;;;;;
35.0767822265625;-0.130859375;0.1767578125;0.8330078125;;;;;;;;;;;;;;;
35.080169677734375;0.14599609375;0.3349609375;1.157470703125;;;;;;;;;;;;;;;
35.083648681640625;-0.12353515625;0.165771484375;1.00634765625;;;;;;;;;;;;;;;
35.0870361328125;0.044921875;0.076171875;1.014404296875;;;;;;;;;;;;;;;
35.090362548828125;-0.274169921875;-0.037109375;0.908447265625;;;;;;;;;;;;;;;
35.093780517578125;0.061279296875;-0.097412109375;0.8984375;;;;;;;;;;;;;;;
35.097137451171875;0.040771484375;0.08056640625;1.240966796875;;;;;;;;;;;;;;;
35.10064697265625;0.107421875;-0.00390625;1.052490234375;;;;;;;;;;;;;;;
35.103973388671875;-0.109375;0.400146484375;1.17578125;;;;;;;;;;;;;;;
35.107330322265625;-0.337646484375;0.061279296875;0.8232421875;;;;;;;;;;;;;;;
35.1107177734375;-0.041015625;0.2451171875;0.935546875;;;;;;;;;;;;;;;
35.114044189453125;-0.086181640625;0.03515625;1.00732421875;;;;;;;;;;;;;;;
35.117401123046875;0.197265625;-0.171142578125;1.1025390625;;;;;;;;;;;;;;;
35.12078857421875;-0.097412109375;0.207763671875;1.146484375;;;;;;;;;;;;;;;
35.1241455078125;-0.213623046875;0.04345703125;0.8466796875;;;;;;;;;;;;;;;
35.127593994140625;-0.18310546875;0.455322265625;0.969482421875;;;;;;;;;;;;;;;
35.13092041015625;-0.2177734375;-0.181884765625;0.95458984375;;;;;;;;;;;;;;;
35.1343994140625;0.0615234375;-0.014404296875;1.177734375;;;;;;;;;;;;;;;
35.137786865234375;-0.1474609375;-0.001953125;1.052734375;;;;;;;;;;;;;;;
35.14117431640625;0.013671875;0.096923828125;0.851806640625;;;;;;;;;;;;;;;
35.14453125;-0.118896484375;0.2900390625;1.0009765625;;;;;;;;;;;;;;;
35.14788818359375;-0.02978515625;-0.050537109375;1.025634765625;;;;;;;;;;;;;;;
35.15130615234375;-0.162109375;0.185791015625;1.196533203125;;;;;;;;;;;;;;;
35.154632568359375;-0.19140625;0.03662109375;0.95703125;;;;;;;;;;;;;;;
35.15802001953125;-0.03076171875;0.18505859375;0.90771484375;;;;;;;;;;;;;;;
35.161346435546875;-0.194091796875;0.082275390625;0.887451171875;;;;;;;;;;;;;;;
35.164825439453125;0.267333984375;-0.12158203125;1.067626953125;;;;;;;;;;;;;;;
35.168182373046875;0.156005859375;0.244140625;1.27197265625;;;;;;;;;;;;;;;
35.171600341796875;0.037109375;-0.120361328125;0.9873046875;;;;;;;;;;;;;;;
35.175018310546875;-0.21044921875;0.42236328125;1.02099609375;;;;;;;;;;;;;;;
35.17852783203125;-0.261962890625;-0.101318359375;0.762939453125;;;;;;;;;;;;;;;
35.181976318359375;0.058837890625;-0.00341796875;1.1171875;;;;;;;;;;;;;;;
35.185333251953125;-0.103759765625;-0.023681640625;1.038330078125;;;;;;;;;;;;;;;
35.18865966796875;0.004638671875;0.1044921875;1.001708984375;;;;;;;;;;;;;;;
35.192108154296875;-0.06689453125;0.197998046875;1.030029296875;;;;;;;;;;;;;;;
35.195465087890625;-0.153076171875;0.054443359375;0.85498046875;;;;;;;;;;;;;;;
35.1988525390625;0.034912109375;0.253173828125;1.142822265625;;;;;;;;;;;;;;;
35.2022705078125;-0.04052734375;-0.021728515625;1.006591796875;;;;;;;;;;;;;;;
35.205596923828125;-0.0498046875;0.22119140625;1.048828125;;;;;;;;;;;;;;;
35.20892333984375;-0.190185546875;-0.015869140625;0.855712890625;;;;;;;;;;;;;;;
35.212310791015625;0.161865234375;0.005126953125;0.967041015625;;;;;;;;;;;;;;;
35.215667724609375;-0.2314453125;0.191650390625;1.299072265625;;;;;;;;;;;;;;;
35.219085693359375;-0.144775390625;-0.121826171875;1.054931640625;;;;;;;;;;;;;;;
35.222503662109375;-0.183837890625;0.29248046875;1.172607421875;;;;;;;;;;;;;;;
35.22589111328125;-0.128173828125;-0.11083984375;0.76318359375;;;;;;;;;;;;;;;
35.229217529296875;0.1650390625;0.4765625;0.94873046875;;;;;;;;;;;;;;;
35.2325439453125;-0.17626953125;0.015869140625;0.988525390625;;;;;;;;;;;;;;;
35.2359619140625;0.036376953125;0.0263671875;1.09814453125;;;;;;;;;;;;;;;
35.239349365234375;-0.08837890625;0.11328125;1.18603515625;;;;;;;;;;;;;;;
35.242767333984375;-0.20458984375;-0.0458984375;0.82470703125;;;;;;;;;;;;;;;
35.24615478515625;-0.084716796875;0.319580078125;1.0185546875;;;;;;;;;;;;;;;
35.249603271484375;-0.14794921875;-0.225830078125;0.927490234375;;;;;;;;;;;;;;;
35.2529296875;0.05517578125;0.173828125;1.185546875;;;;;;;;;;;;;;;
35.25628662109375;-0.11279296875;-0.01318359375;0.999755859375;;;;;;;;;;;;;;;
35.259674072265625;0.197265625;0.27587890625;0.92333984375;;;;;;;;;;;;;;;
35.2630615234375;-0.14990234375;0.243896484375;1.01708984375;;;;;;;;;;;;;;;
35.266448974609375;-0.243896484375;-0.009033203125;0.96044921875;;;;;;;;;;;;;;;
35.269805908203125;-0.098388671875;-0.05810546875;1.26025390625;;;;;;;;;;;;;;;
35.273193359375;-0.091552734375;-0.165283203125;0.947265625;;;;;;;;;;;;;;;
35.27655029296875;0.0712890625;0.308837890625;0.9560546875;;;;;;;;;;;;;;;
35.279876708984375;-0.165771484375;0.025146484375;0.834228515625;;;;;;;;;;;;;;;
35.28326416015625;0.234619140625;0.172607421875;1.1484375;;;;;;;;;;;;;;;
35.28662109375;0.33154296875;0.169921875;1.3466796875;;;;;;;;;;;;;;;
35.2900390625;-0.316162109375;-0.105224609375;0.9755859375;;;;;;;;;;;;;;;
35.29339599609375;-0.194091796875;0.144775390625;1.026123046875;;;;;;;;;;;;;;;
35.2967529296875;-0.295654296875;-0.19970703125;0.74169921875;;;;;;;;;;;;;;;
35.300079345703125;0.143310546875;0.358154296875;1.115478515625;;;;;;;;;;;;;;;
35.303497314453125;-0.093017578125;-0.0537109375;1.03271484375;;;;;;;;;;;;;;;
35.30682373046875;0.02587890625;0.29296875;1.072998046875;;;;;;;;;;;;;;;
35.3101806640625;-0.05517578125;0.0732421875;0.978515625;;;;;;;;;;;;;;;
35.313568115234375;-0.10595703125;0.123779296875;0.884765625;;;;;;;;;;;;;;;
35.31695556640625;-0.0126953125;0.03173828125;1.135498046875;;;;;;;;;;;;;;;
35.32037353515625;-0.013671875;-0.1298828125;1.038818359375;;;;;;;;;;;;;;;
35.32373046875;-0.074951171875;0.267822265625;1.1650390625;;;;;;;;;;;;;;;
35.32708740234375;-0.2763671875;-0.072265625;0.802490234375;;;;;;;;;;;;;;;
35.330535888671875;0.277099609375;0.126708984375;1.01318359375;;;;;;;;;;;;;;;
35.33392333984375;-0.115478515625;0.18701171875;1.048095703125;;;;;;;;;;;;;;;
35.337371826171875;-0.013671875;-0.000732421875;1.0986328125;;;;;;;;;;;;;;;
35.340728759765625;-0.236083984375;0.251708984375;1.169677734375;;;;;;;;;;;;;;;
35.344207763671875;-0.080078125;-0.22021484375;0.846923828125;;;;;;;;;;;;;;;
35.34759521484375;0.021240234375;0.313232421875;0.9462890625;;;;;;;;;;;;;;;
35.350982666015625;-0.137451171875;-0.039306640625;0.877685546875;;;;;;;;;;;;;;;
35.354278564453125;0.08837890625;0.15185546875;1.183349609375;;;;;;;;;;;;;;;
35.357666015625;-0.1630859375;0.08447265625;1.11767578125;;;;;;;;;;;;;;;
35.361083984375;-0.03369140625;-0.02734375;0.89501953125;;;;;;;;;;;;;;;
35.364501953125;-0.044189453125;0.196533203125;1.0048828125;;;;;;;;;;;;;;;
35.367889404296875;-0.067626953125;-0.2080078125;0.897216796875;;;;;;;;;;;;;;;
35.371246337890625;0.047607421875;0.181884765625;1.212890625;;;;;;;;;;;;;;;
35.374603271484375;-0.09814453125;-0.05859375;0.9814453125;;;;;;;;;;;;;;;
35.3779296875;0.142822265625;0.3095703125;1.000244140625;;;;;;;;;;;;;;;
35.38128662109375;-0.166259765625;0.1904296875;0.90234375;;;;;;;;;;;;;;;
35.384674072265625;0.0009765625;0.07666015625;0.972412109375;;;;;;;;;;;;;;;
35.38800048828125;-0.019775390625;-0.067138671875;1.220458984375;;;;;;;;;;;;;;;
35.391387939453125;-0.040771484375;-0.27392578125;1.0302734375;;;;;;;;;;;;;;;
35.39471435546875;-0.07080078125;0.2529296875;0.98193359375;;;;;;;;;;;;;;;
35.3980712890625;-0.1982421875;0.01708984375;0.733154296875;;;;;;;;;;;;;;;
35.401458740234375;0.193359375;0.24462890625;1.156982421875;;;;;;;;;;;;;;;
35.404876708984375;-0.10498046875;0.07763671875;1.1953125;;;;;;;;;;;;;;;
35.40826416015625;-0.01318359375;0.029541015625;1.072509765625;;;;;;;;;;;;;;;
35.41168212890625;-0.1826171875;0.14453125;0.97900390625;;;;;;;;;;;;;;;
35.415069580078125;-0.044189453125;-0.2041015625;0.797607421875;;;;;;;;;;;;;;;
35.41839599609375;-0.002197265625;0.2734375;1.091064453125;;;;;;;;;;;;;;;
35.4217529296875;-0.0517578125;-0.046630859375;0.978759765625;;;;;;;;;;;;;;;
35.42510986328125;0.126220703125;0.307861328125;1.160400390625;;;;;;;;;;;;;;;
35.428466796875;-0.234130859375;0.013671875;0.928955078125;;;;;;;;;;;;;;;
35.43194580078125;0.028564453125;0.0537109375;0.914306640625;;;;;;;;;;;;;;;
35.435272216796875;-0.0517578125;0.12158203125;1.0986328125;;;;;;;;;;;;;;;
35.438629150390625;0.106689453125;-0.25830078125;1.064697265625;;;;;;;;;;;;;;;
35.4420166015625;-0.130615234375;0.345458984375;1.171875;;;;;;;;;;;;;;;
35.445465087890625;-0.219482421875;-0.1708984375;0.794189453125;;;;;;;;;;;;;;;
35.4488525390625;0.124755859375;0.40087890625;1.0576171875;;;;;;;;;;;;;;;
35.452239990234375;-0.439453125;0.156494140625;0.922119140625;;;;;;;;;;;;;;;
35.45562744140625;-0.16259765625;-0.03564453125;1.08984375;;;;;;;;;;;;;;;
35.45904541015625;-0.183349609375;0.099853515625;1.13720703125;;;;;;;;;;;;;;;
35.462432861328125;0.139892578125;-0.240234375;0.9140625;;;;;;;;;;;;;;;
35.4658203125;0.0419921875;0.37646484375;0.98291015625;;;;;;;;;;;;;;;
35.469207763671875;-0.23046875;0.007080078125;0.853271484375;;;;;;;;;;;;;;;
35.4725341796875;0.0615234375;0.283447265625;1.252685546875;;;;;;;;;;;;;;;
35.475982666015625;-0.09228515625;-0.070556640625;1.16064453125;;;;;;;;;;;;;;;
35.4793701171875;-0.04931640625;-0.074462890625;0.932373046875;;;;;;;;;;;;;;;
35.482757568359375;-0.1357421875;0.09423828125;0.993408203125;;;;;;;;;;;;;;;
35.486175537109375;-0.010498046875;-0.013916015625;0.897216796875;;;;;;;;;;;;;;;
35.489501953125;-0.02197265625;0.3486328125;1.17431640625;;;;;;;;;;;;;;;
35.492889404296875;0.01416015625;-0.11376953125;0.9482421875;;;;;;;;;;;;;;;
35.496307373046875;0.159423828125;0.3427734375;1.072265625;;;;;;;;;;;;;;;
35.4996337890625;-0.365966796875;0.134765625;0.87548828125;;;;;;;;;;;;;;;
35.503173828125;-0.00927734375;0.052978515625;0.98828125;;;;;;;;;;;;;;;
35.506591796875;-0.12109375;-0.056396484375;1.1689453125;;;;;;;;;;;;;;;
35.509979248046875;0.165283203125;-0.2783203125;1.0625;;;;;;;;;;;;;;;
35.513397216796875;-0.177490234375;0.340087890625;1.024658203125;;;;;;;;;;;;;;;
35.51678466796875;-0.217529296875;-0.12060546875;0.7373046875;;;;;;;;;;;;;;;
35.520233154296875;0.03173828125;0.453857421875;1.139892578125;;;;;;;;;;;;;;;
35.523712158203125;-0.284423828125;-0.066650390625;1.210205078125;;;;;;;;;;;;;;;
35.52703857421875;-0.11083984375;0.042724609375;1.1015625;;;;;;;;;;;;;;;
35.53045654296875;-0.220458984375;-0.113525390625;0.936279296875;;;;;;;;;;;;;;;
35.533782958984375;0.078369140625;-0.00830078125;0.79296875;;;;;;;;;;;;;;;
35.537139892578125;-0.062255859375;0.282958984375;1.0751953125;;;;;;;;;;;;;;;
35.54052734375;-0.064697265625;-0.1240234375;0.97802734375;;;;;;;;;;;;;;;
35.543914794921875;-0.03173828125;0.3671875;1.213134765625;;;;;;;;;;;;;;;
35.547454833984375;-0.14990234375;-0.13427734375;0.9169921875;;;;;;;;;;;;;;;
35.55084228515625;0.072021484375;0.157470703125;0.97802734375;;;;;;;;;;;;;;;
35.554168701171875;-0.22705078125;0.034423828125;1.070068359375;;;;;;;;;;;;;;;
35.55755615234375;0.085693359375;0.033935546875;1.059326171875;;;;;;;;;;;;;;;
35.560943603515625;-0.13427734375;0.267333984375;1.167724609375;;;;;;;;;;;;;;;
35.564300537109375;-0.18017578125;-0.220703125;0.801513671875;;;;;;;;;;;;;;;
35.56768798828125;0.033203125;0.339599609375;1.068115234375;;;;;;;;;;;;;;;
35.571014404296875;-0.331298828125;0.09228515625;0.892578125;;;;;;;;;;;;;;;
35.57440185546875;-0.05712890625;0.100830078125;1.132080078125;;;;;;;;;;;;;;;
35.577789306640625;-0.124755859375;-0.031005859375;1.1025390625;;;;;;;;;;;;;;;
35.58123779296875;0.098876953125;-0.166259765625;0.9560546875;;;;;;;;;;;;;;;
35.584625244140625;-0.033447265625;0.28369140625;0.956787109375;;;;;;;;;;;;;;;
35.587921142578125;-0.105224609375;-0.024658203125;0.85107421875;;;;;;;;;;;;;;;
35.591217041015625;-0.03857421875;0.337158203125;1.243896484375;;;;;;;;;;;;;;;
35.594696044921875;-0.115234375;-0.148193359375;1.1025390625;;;;;;;;;;;;;;;
35.59808349609375;0.083984375;0.027587890625;1.038330078125;;;;;;;;;;;;;;;
35.601409912109375;-0.15185546875;-0.02783203125;0.82373046875;;;;;;;;;;;;;;;
35.60479736328125;0.02783203125;0.22607421875;0.901611328125;;;;;;;;;;;;;;;
35.60821533203125;-0.012451171875;0.232666015625;1.150390625;;;;;;;;;;;;;;;
35.61163330078125;0.0791015625;-0.1533203125;1.084716796875;;;;;;;;;;;;;;;
35.614959716796875;0.023681640625;0.288330078125;1.122802734375;;;;;;;;;;;;;;;
35.618377685546875;-0.258544921875;0.05517578125;0.839599609375;;;;;;;;;;;;;;;
35.621795654296875;0.072265625;0.1875;1.010986328125;;;;;;;;;;;;;;;
35.625152587890625;-0.009033203125;-0.07666015625;1.10693359375;;;;;;;;;;;;;;;
35.628448486328125;0.134765625;-0.192138671875;1.11572265625;;;;;;;;;;;;;;;
35.6318359375;-0.178955078125;0.2412109375;1.019775390625;;;;;;;;;;;;;;;
35.635223388671875;-0.09033203125;-0.08935546875;0.74267578125;;;;;;;;;;;;;;;
35.63861083984375;-0.128662109375;0.39501953125;1.130859375;;;;;;;;;;;;;;;
35.641998291015625;-0.1083984375;-0.129150390625;1.108642578125;;;;;;;;;;;;;;;
35.645355224609375;0.04248046875;0.158447265625;1.208740234375;;;;;;;;;;;;;;;
35.648834228515625;-0.167724609375;-0.093994140625;0.901123046875;;;;;;;;;;;;;;;
35.65216064453125;0.083740234375;0.183349609375;0.817138671875;;;;;;;;;;;;;;;
35.655548095703125;-0.070556640625;0.24072265625;1.015380859375;;;;;;;;;;;;;;;
35.659027099609375;-0.00244140625;-0.156005859375;1.008544921875;;;;;;;;;;;;;;;
35.66241455078125;-0.09033203125;0.221435546875;1.253662109375;;;;;;;;;;;;;;;
35.665863037109375;-0.1533203125;-0.248291015625;0.9189453125;;;;;;;;;;;;;;;
35.669189453125;0.118896484375;0.1513671875;1.041748046875;;;;;;;;;;;;;;;
35.672576904296875;-0.218505859375;0.14013671875;0.973388671875;;;;;;;;;;;;;;;
35.67608642578125;0.076171875;0.218994140625;1.109619140625;;;;;;;;;;;;;;;
35.679443359375;-0.17431640625;0.24658203125;1.084716796875;;;;;;;;;;;;;;;
35.682830810546875;0.100341796875;-0.265625;0.82666015625;;;;;;;;;;;;;;;
35.686279296875;-0.097412109375;0.159423828125;1.042724609375;;;;;;;;;;;;;;;
35.689605712890625;-0.14697265625;0.015380859375;0.876953125;;;;;;;;;;;;;;;
35.692962646484375;0.04052734375;0.134765625;1.193359375;;;;;;;;;;;;;;;
35.696319580078125;-0.125;0.037841796875;1.05859375;;;;;;;;;;;;;;;
35.69964599609375;0.06396484375;0.012939453125;1.04541015625;;;;;;;;;;;;;;;
35.703033447265625;-0.1474609375;0.146484375;0.946044921875;;;;;;;;;;;;;;;
35.706451416015625;-0.085693359375;-0.073486328125;0.859375;;;;;;;;;;;;;;;
35.70989990234375;-0.056640625;0.223876953125;1.19189453125;;;;;;;;;;;;;;;
35.7132568359375;-0.088623046875;-0.164306640625;1.0791015625;;;;;;;;;;;;;;;
35.716583251953125;0.155517578125;0.2109375;1.115966796875;;;;;;;;;;;;;;;
35.719940185546875;-0.23583984375;0.1640625;0.808837890625;;;;;;;;;;;;;;;
35.723358154296875;0.06005859375;0.272705078125;0.927490234375;;;;;;;;;;;;;;;
35.72674560546875;-0.1015625;0.0595703125;1.07666015625;;;;;;;;;;;;;;;
35.73016357421875;0.113525390625;-0.30810546875;1.1416015625;;;;;;;;;;;;;;;
35.7335205078125;-0.115234375;0.155029296875;1.154296875;;;;;;;;;;;;;;;
35.7369384765625;-0.392578125;-0.08984375;0.770751953125;;;;;;;;;;;;;;;
35.740325927734375;0.208251953125;0.281982421875;1.105224609375;;;;;;;;;;;;;;;
35.74365234375;-0.058349609375;0.1103515625;1.043212890625;;;;;;;;;;;;;;;
35.74700927734375;0.251708984375;0.080078125;1.165771484375;;;;;;;;;;;;;;;
35.750457763671875;-0.3388671875;0.170654296875;0.93310546875;;;;;;;;;;;;;;;
35.753753662109375;-0.118896484375;-0.134521484375;0.796142578125;;;;;;;;;;;;;;;
35.75714111328125;-0.171630859375;0.299560546875;1.049072265625;;;;;;;;;;;;;;;
35.760498046875;-0.142578125;-0.228759765625;0.96875;;;;;;;;;;;;;;;
35.763885498046875;0.0869140625;0.166015625;1.228515625;;;;;;;;;;;;;;;
35.767333984375;-0.176513671875;0.04052734375;0.89892578125;;;;;;;;;;;;;;;
35.77069091796875;0.170166015625;0.291015625;0.85595703125;;;;;;;;;;;;;;;
35.7740478515625;-0.2255859375;0.230712890625;0.94677734375;;;;;;;;;;;;;;;
35.777435302734375;0.10205078125;-0.256591796875;1.02099609375;;;;;;;;;;;;;;;
35.780853271484375;-0.099853515625;0.213623046875;1.2392578125;;;;;;;;;;;;;;;
35.784332275390625;-0.09130859375;-0.29541015625;0.956298828125;;;;;;;;;;;;;;;
35.7877197265625;-0.013427734375;0.192626953125;1.043212890625;;;;;;;;;;;;;;;
35.791015625;-0.20458984375;0.151123046875;0.913330078125;;;;;;;;;;;;;;;
35.794403076171875;0.111572265625;0.34033203125;1.109619140625;;;;;;;;;;;;;;;
35.79779052734375;-0.240234375;0.28466796875;1.03466796875;;;;;;;;;;;;;;;
35.80120849609375;0.216552734375;-0.202880859375;0.8818359375;;;;;;;;;;;;;;;
35.804656982421875;-0.2080078125;0.127197265625;0.982177734375;;;;;;;;;;;;;;;
35.808013916015625;-0.214111328125;-0.108154296875;0.867919921875;;;;;;;;;;;;;;;
35.81146240234375;0.14013671875;0.164794921875;1.1865234375;;;;;;;;;;;;;;;
35.814910888671875;-0.0927734375;0.0;1.0234375;;;;;;;;;;;;;;;
35.81829833984375;0.17529296875;0.209716796875;1.088623046875;;;;;;;;;;;;;;;
35.821685791015625;-0.333251953125;0.179443359375;0.9169921875;;;;;;;;;;;;;;;
35.82501220703125;-0.01806640625;0.046630859375;0.861572265625;;;;;;;;;;;;;;;
35.828460693359375;-0.04296875;0.191162109375;1.111572265625;;;;;;;;;;;;;;;
35.83184814453125;0.113525390625;-0.19189453125;1.087158203125;;;;;;;;;;;;;;;
35.835205078125;0.031005859375;0.189697265625;1.162109375;;;;;;;;;;;;;;;
35.838592529296875;-0.2490234375;0.0380859375;0.8076171875;;;;;;;;;;;;;;;
35.84197998046875;-0.0458984375;0.481201171875;0.92333984375;;;;;;;;;;;;;;;
35.845306396484375;-0.131103515625;0.025390625;1.02392578125;;;;;;;;;;;;;;;
35.84869384765625;0.169189453125;-0.24072265625;1.168212890625;;;;;;;;;;;;;;;
35.852081298828125;-0.185302734375;0.1083984375;1.08984375;;;;;;;;;;;;;;;
35.85546875;-0.083740234375;-0.06982421875;0.835205078125;;;;;;;;;;;;;;;
35.858856201171875;-0.060302734375;0.34375;1.06201171875;;;;;;;;;;;;;;;
35.862213134765625;-0.0869140625;0.015625;1.014404296875;;;;;;;;;;;;;;;
35.865631103515625;0.121337890625;0.331298828125;1.169921875;;;;;;;;;;;;;;;
35.869140625;-0.228515625;0.160400390625;0.91162109375;;;;;;;;;;;;;;;
35.87249755859375;0.047119140625;0.017578125;0.843017578125;;;;;;;;;;;;;;;
35.8758544921875;-0.220703125;0.079833984375;0.991943359375;;;;;;;;;;;;;;;
35.8792724609375;0.01123046875;-0.220458984375;1.007080078125;;;;;;;;;;;;;;;
35.882659912109375;0.076416015625;0.158447265625;1.2763671875;;;;;;;;;;;;;;;
35.886016845703125;-0.116943359375;-0.038330078125;0.911376953125;;;;;;;;;;;;;;;
35.88934326171875;0.04296875;0.4482421875;1.02197265625;;;;;;;;;;;;;;;
35.89276123046875;-0.203857421875;0.211669921875;0.864013671875;;;;;;;;;;;;;;;
35.896240234375;0.14892578125;-0.126708984375;1.072998046875;;;;;;;;;;;;;;;
35.89959716796875;-0.076904296875;0.078125;1.1396484375;;;;;;;;;;;;;;;
35.902984619140625;-0.0673828125;-0.217041015625;0.966064453125;;;;;;;;;;;;;;;
35.906341552734375;-0.036376953125;0.179443359375;1.042236328125;;;;;;;;;;;;;;;
35.90972900390625;-0.1572265625;0.154052734375;0.819091796875;;;;;;;;;;;;;;;
35.91314697265625;0.11572265625;0.332763671875;1.130615234375;;;;;;;;;;;;;;;
35.91650390625;-0.187255859375;0.213623046875;0.99169921875;;;;;;;;;;;;;;;
35.919891357421875;0.115234375;-0.01171875;0.961181640625;;;;;;;;;;;;;;;
35.923309326171875;-0.241455078125;0.028564453125;0.9453125;;;;;;;;;;;;;;;
35.926666259765625;-0.073974609375;-0.123046875;0.82666015625;;;;;;;;;;;;;;;
35.930023193359375;0.21240234375;0.12939453125;1.22998046875;;;;;;;;;;;;;;;
35.933502197265625;-0.029296875;-0.07763671875;1.0205078125;;;;;;;;;;;;;;;
35.93682861328125;0.103271484375;0.232177734375;1.15869140625;;;;;;;;;;;;;;;
35.940155029296875;-0.329833984375;0.133056640625;0.830078125;;;;;;;;;;;;;;;
35.943572998046875;0.060546875;0.3056640625;0.8955078125;;;;;;;;;;;;;;;
35.94696044921875;-0.085693359375;0.127197265625;1.049560546875;;;;;;;;;;;;;;;
35.9503173828125;0.10986328125;-0.169921875;1.076904296875;;;;;;;;;;;;;;;
35.9537353515625;-0.003662109375;0.11572265625;1.178466796875;;;;;;;;;;;;;;;
35.957183837890625;-0.203125;0.05712890625;0.8173828125;;;;;;;;;;;;;;;
35.96063232421875;-0.01318359375;0.32177734375;0.96240234375;;;;;;;;;;;;;;;
35.9639892578125;-0.2041015625;-0.013916015625;0.93408203125;;;;;;;;;;;;;;;
35.967315673828125;0.198486328125;-0.112060546875;1.19775390625;;;;;;;;;;;;;;;
35.970611572265625;-0.21142578125;0.1025390625;1.056640625;;;;;;;;;;;;;;;
35.973968505859375;-0.096435546875;0.0927734375;0.795654296875;;;;;;;;;;;;;;;
35.9774169921875;0.163330078125;0.3154296875;1.100830078125;;;;;;;;;;;;;;;
35.98077392578125;-0.158203125;-0.009521484375;0.9658203125;;;;;;;;;;;;;;;
35.984130859375;0.118896484375;0.08544921875;1.244384765625;;;;;;;;;;;;;;;
35.987579345703125;-0.307861328125;-0.015380859375;0.904052734375;;;;;;;;;;;;;;;
35.99090576171875;0.151123046875;0.157958984375;0.877685546875;;;;;;;;;;;;;;;
35.994293212890625;-0.17822265625;0.120361328125;0.888427734375;;;;;;;;;;;;;;;
35.997711181640625;0.197998046875;-0.031494140625;1.01123046875;;;;;;;;;;;;;;;
36.001007080078125;0.46923828125;0.1806640625;1.33935546875;;;;;;;;;;;;;;;
36.00433349609375;-0.200927734375;-0.12109375;0.950927734375;;;;;;;;;;;;;;;
36.0076904296875;-0.050048828125;0.2958984375;1.059814453125;;;;;;;;;;;;;;;
36.011138916015625;-0.3173828125;0.020263671875;0.7861328125;;;;;;;;;;;;;;;
36.014556884765625;0.229248046875;0.348876953125;1.075927734375;;;;;;;;;;;;;;;
36.0179443359375;-0.031982421875;0.001220703125;1.106201171875;;;;;;;;;;;;;;;
36.021331787109375;-0.184814453125;0.01123046875;0.966796875;;;;;;;;;;;;;;;
36.024688720703125;0.1640625;0.13525390625;1.06640625;;;;;;;;;;;;;;;
36.028076171875;-0.21337890625;0.172119140625;0.819580078125;;;;;;;;;;;;;;;
36.03143310546875;0.204345703125;0.26123046875;1.15185546875;;;;;;;;;;;;;;;
36.0347900390625;-0.17919921875;0.0810546875;0.971923828125;;;;;;;;;;;;;;;
36.03814697265625;0.032470703125;0.1533203125;1.181640625;;;;;;;;;;;;;;;
36.04150390625;-0.29931640625;-0.09619140625;0.880615234375;;;;;;;;;;;;;;;
36.044830322265625;0.145263671875;-0.080810546875;0.873046875;;;;;;;;;;;;;;;
36.048248291015625;0.1376953125;0.130859375;1.19482421875;;;;;;;;;;;;;;;
36.051727294921875;-0.02880859375;-0.009521484375;1.030517578125;;;;;;;;;;;;;;;
36.055145263671875;-0.076416015625;0.35009765625;1.22314453125;;;;;;;;;;;;;;;
36.05859375;-0.26708984375;-0.02783203125;0.773193359375;;;;;;;;;;;;;;;
36.061981201171875;0.24365234375;0.4072265625;0.96337890625;;;;;;;;;;;;;;;
36.0654296875;-0.12744140625;0.0185546875;1.012939453125;;;;;;;;;;;;;;;
36.068756103515625;0.014892578125;-0.074951171875;1.083740234375;;;;;;;;;;;;;;;
36.07208251953125;-0.089599609375;0.098876953125;1.177978515625;;;;;;;;;;;;;;;
36.07550048828125;-0.103759765625;0.003662109375;0.826416015625;;;;;;;;;;;;;;;
36.078826904296875;-0.060302734375;0.374267578125;0.990478515625;;;;;;;;;;;;;;;
36.082183837890625;-0.12353515625;-0.143798828125;0.904296875;;;;;;;;;;;;;;;
36.0855712890625;0.056396484375;0.080322265625;1.221923828125;;;;;;;;;;;;;;;
36.0889892578125;-0.203857421875;-0.02783203125;1.044189453125;;;;;;;;;;;;;;;
36.092315673828125;0.03662109375;0.152099609375;0.904541015625;;;;;;;;;;;;;;;
36.095794677734375;-0.127197265625;0.203369140625;0.968505859375;;;;;;;;;;;;;;;
36.099212646484375;-0.108642578125;0.043212890625;0.976318359375;;;;;;;;;;;;;;;
36.1025390625;-0.06591796875;0.046875;1.253662109375;;;;;;;;;;;;;;;
36.105987548828125;-0.18896484375;-0.020751953125;0.961181640625;;;;;;;;;;;;;;;
36.10931396484375;0.037841796875;0.202392578125;0.93896484375;;;;;;;;;;;;;;;
36.1126708984375;-0.130859375;0.08984375;0.82275390625;;;;;;;;;;;;;;;
36.115997314453125;0.155029296875;-0.02392578125;1.09130859375;;;;;;;;;;;;;;;
36.119384765625;-0.081787109375;0.17529296875;1.232421875;;;;;;;;;;;;;;;
36.122802734375;-0.020751953125;-0.0732421875;1.033935546875;;;;;;;;;;;;;;;
36.126220703125;-0.21728515625;0.31005859375;1.0234375;;;;;;;;;;;;;;;
36.129608154296875;-0.099853515625;-0.115234375;0.76904296875;;;;;;;;;;;;;;;
36.133026123046875;0.05810546875;0.27734375;1.083251953125;;;;;;;;;;;;;;;
36.136444091796875;-0.0439453125;-0.037109375;1.00146484375;;;;;;;;;;;;;;;
36.1397705078125;0.08740234375;0.17529296875;1.0634765625;;;;;;;;;;;;;;;
36.143157958984375;-0.207763671875;0.1328125;0.993408203125;;;;;;;;;;;;;;;
36.146514892578125;-0.1630859375;0.04052734375;0.849853515625;;;;;;;;;;;;;;;
36.14990234375;-0.115478515625;0.172607421875;1.125244140625;;;;;;;;;;;;;;;
36.15325927734375;-0.05810546875;-0.41552734375;1.005859375;;;;;;;;;;;;;;;
36.15655517578125;-0.033447265625;0.17724609375;1.15771484375;;;;;;;;;;;;;;;
36.159942626953125;-0.2353515625;0.032470703125;0.839599609375;;;;;;;;;;;;;;;
36.163299560546875;0.2275390625;0.405517578125;0.956298828125;;;;;;;;;;;;;;;
36.166595458984375;-0.16943359375;0.24560546875;1.035888671875;;;;;;;;;;;;;;;
36.16998291015625;0.077880859375;-0.1435546875;1.091552734375;;;;;;;;;;;;;;;
36.17340087890625;-0.254638671875;0.28369140625;1.189697265625;;;;;;;;;;;;;;;
36.176849365234375;-0.1181640625;-0.109130859375;0.8291015625;;;;;;;;;;;;;;;
36.1802978515625;0.001708984375;0.412841796875;0.951904296875;;;;;;;;;;;;;;;
36.18365478515625;-0.154052734375;0.04833984375;0.919677734375;;;;;;;;;;;;;;;
36.186981201171875;0.24267578125;0.10546875;1.237060546875;;;;;;;;;;;;;;;
36.190338134765625;0.044921875;0.087158203125;1.21435546875;;;;;;;;;;;;;;;
36.1937255859375;-0.13427734375;-0.113037109375;0.87744140625;;;;;;;;;;;;;;;
36.197174072265625;-0.173095703125;0.305419921875;0.948486328125;;;;;;;;;;;;;;;
36.200531005859375;-0.150390625;-0.185791015625;0.85693359375;;;;;;;;;;;;;;;
36.203887939453125;0.0517578125;0.2587890625;1.193603515625;;;;;;;;;;;;;;;
36.207305908203125;-0.123779296875;0.01220703125;1.0234375;;;;;;;;;;;;;;;
36.210662841796875;0.168701171875;0.262451171875;0.962158203125;;;;;;;;;;;;;;;
36.21405029296875;-0.2294921875;0.173828125;0.993896484375;;;;;;;;;;;;;;;
36.21734619140625;-0.154541015625;-0.060302734375;0.9462890625;;;;;;;;;;;;;;;
36.220794677734375;-0.0830078125;0.01708984375;1.224609375;;;;;;;;;;;;;;;
36.22418212890625;0.005859375;-0.1640625;0.96533203125;;;;;;;;;;;;;;;
36.2275390625;-0.0341796875;0.4599609375;0.9755859375;;;;;;;;;;;;;;;
36.23089599609375;-0.225830078125;0.02001953125;0.803466796875;;;;;;;;;;;;;;;
36.2342529296875;0.202392578125;0.23486328125;1.125732421875;;;;;;;;;;;;;;;
36.237640380859375;-0.297607421875;-0.001220703125;1.348388671875;;;;;;;;;;;;;;;
36.24102783203125;-0.263671875;-0.058837890625;1.005859375;;;;;;;;;;;;;;;
36.244354248046875;-0.17431640625;0.114990234375;1.04345703125;;;;;;;;;;;;;;;
36.24774169921875;-0.019775390625;-0.13427734375;0.715576171875;;;;;;;;;;;;;;;
36.251129150390625;0.1162109375;0.441650390625;1.0908203125;;;;;;;;;;;;;;;
36.254486083984375;-0.126953125;-0.05078125;1.00830078125;;;;;;;;;;;;;;;
36.257843017578125;0.0576171875;0.3232421875;1.083251953125;;;;;;;;;;;;;;;
36.261199951171875;-0.04296875;0.0341796875;1.0537109375;;;;;;;;;;;;;;;
36.264556884765625;-0.211669921875;0.0908203125;0.8466796875;;;;;;;;;;;;;;;
36.267913818359375;-0.055419921875;0.00732421875;1.12548828125;;;;;;;;;;;;;;;
36.271270751953125;0.023193359375;-0.3291015625;1.03076171875;;;;;;;;;;;;;;;
36.27471923828125;-0.06787109375;0.327880859375;1.190673828125;;;;;;;;;;;;;;;
36.278106689453125;-0.14404296875;-0.088134765625;0.818115234375;;;;;;;;;;;;;;;
36.28143310546875;0.155517578125;0.5087890625;1.007568359375;;;;;;;;;;;;;;;
36.284820556640625;-0.413330078125;0.21826171875;0.98876953125;;;;;;;;;;;;;;;
36.288238525390625;-0.27294921875;-0.024658203125;1.0361328125;;;;;;;;;;;;;;;
36.2916259765625;-0.176513671875;-0.110107421875;1.21240234375;;;;;;;;;;;;;;;
36.295013427734375;0.005126953125;-0.277587890625;-0.7373046875;;;;;;;;;;;;;;;
36.298370361328125;0.09716796875;0.369384765625;0.98583984375;;;;;;;;;;;;;;;
36.301788330078125;-0.347900390625;-0.083740234375;0.85498046875;;;;;;;;;;;;;;;
36.30523681640625;0.142822265625;0.228515625;1.212646484375;;;;;;;;;;;;;;;
36.308563232421875;-0.0556640625;0.119140625;1.162353515625;;;;;;;;;;;;;;;
36.31201171875;-0.07373046875;0.0908203125;0.9072265625;;;;;;;;;;;;;;;
36.315399169921875;-0.126708984375;0.12109375;0.9287109375;;;;;;;;;;;;;;;
36.31878662109375;-0.140625;-0.1884765625;0.891357421875;;;;;;;;;;;;;;;
36.322174072265625;-0.0263671875;0.2431640625;1.1767578125;;;;;;;;;;;;;;;
36.325469970703125;-0.038330078125;-0.10302734375;1.000732421875;;;;;;;;;;;;;;;
36.328857421875;0.225830078125;0.3916015625;1.04443359375;;;;;;;;;;;;;;;
36.332275390625;-0.22998046875;0.164794921875;0.900390625;;;;;;;;;;;;;;;
36.335693359375;-0.0859375;0.0712890625;1.01904296875;;;;;;;;;;;;;;;
36.339080810546875;-0.13232421875;-0.0625;1.207275390625;;;;;;;;;;;;;;;
36.34246826171875;0.06005859375;-0.239990234375;1.037841796875;;;;;;;;;;;;;;;
36.345794677734375;-0.128662109375;0.362548828125;1.03076171875;;;;;;;;;;;;;;;
36.34918212890625;-0.205078125;-0.04541015625;0.738525390625;;;;;;;;;;;;;;;
36.352569580078125;0.068115234375;0.290771484375;1.137451171875;;;;;;;;;;;;;;;
36.355926513671875;-0.111328125;-0.01806640625;1.205322265625;;;;;;;;;;;;;;;
36.35931396484375;-0.00634765625;0.04052734375;1.092041015625;;;;;;;;;;;;;;;
36.3626708984375;-0.15283203125;0.033447265625;0.993896484375;;;;;;;;;;;;;;;
36.366119384765625;0.00244140625;-0.12890625;0.771484375;;;;;;;;;;;;;;;
36.369537353515625;-0.068603515625;0.373779296875;1.05419921875;;;;;;;;;;;;;;;
36.37286376953125;-0.09423828125;0.009521484375;0.980224609375;;;;;;;;;;;;;;;
36.376220703125;-0.054443359375;0.3154296875;1.1796875;;;;;;;;;;;;;;;
36.379669189453125;-0.1767578125;-0.05810546875;0.972900390625;;;;;;;;;;;;;;;
36.383056640625;0.001953125;0.02734375;0.91259765625;;;;;;;;;;;;;;;
36.386505126953125;-0.1416015625;0.04150390625;1.0849609375;;;;;;;;;;;;;;;
36.389923095703125;0.090087890625;-0.193603515625;1.055419921875;;;;;;;;;;;;;;;
36.39324951171875;-0.130859375;0.3544921875;1.158447265625;;;;;;;;;;;;;;;
36.396728515625;-0.015869140625;-0.06494140625;0.7841796875;;;;;;;;;;;;;;;
36.4000244140625;0.070556640625;0.35400390625;1.042724609375;;;;;;;;;;;;;;;
36.403472900390625;-0.207763671875;0.148681640625;0.949951171875;;;;;;;;;;;;;;;
36.406829833984375;0.062744140625;-0.015869140625;1.08203125;;;;;;;;;;;;;;;
36.410186767578125;-0.100341796875;-0.02490234375;1.16357421875;;;;;;;;;;;;;;;
36.413543701171875;0.027099609375;-0.328369140625;0.935791015625;;;;;;;;;;;;;;;
36.416900634765625;-0.184326171875;0.335693359375;0.966796875;;;;;;;;;;;;;;;
36.420318603515625;-0.128173828125;-0.0888671875;0.841064453125;;;;;;;;;;;;;;;
36.42364501953125;0.046142578125;0.33251953125;1.266845703125;;;;;;;;;;;;;;;
36.427001953125;-0.143310546875;-0.02685546875;1.1416015625;;;;;;;;;;;;;;;
36.430389404296875;-0.04150390625;0.149169921875;0.99169921875;;;;;;;;;;;;;;;
36.433746337890625;-0.213134765625;0.11181640625;0.868408203125;;;;;;;;;;;;;;;
36.4371337890625;0.060302734375;-0.10107421875;0.879150390625;;;;;;;;;;;;;;;
36.4405517578125;-0.022216796875;0.184814453125;1.184814453125;;;;;;;;;;;;;;;
36.4439697265625;0.00732421875;-0.13134765625;1.0419921875;;;;;;;;;;;;;;;
36.447418212890625;0.17724609375;0.310546875;1.11328125;;;;;;;;;;;;;;;
36.450836181640625;-0.396240234375;-0.1083984375;0.876708984375;;;;;;;;;;;;;;;
36.454254150390625;0.037353515625;0.153076171875;1.0146484375;;;;;;;;;;;;;;;
36.45770263671875;-0.039794921875;0.0205078125;1.156494140625;;;;;;;;;;;;;;;
36.46112060546875;0.168212890625;0.068115234375;1.076171875;;;;;;;;;;;;;;;
36.464447021484375;-0.18798828125;0.3447265625;1.034912109375;;;;;;;;;;;;;;;
36.467864990234375;-0.2109375;-0.161376953125;0.75439453125;;;;;;;;;;;;;;;
36.471221923828125;0.018310546875;0.373291015625;1.162109375;;;;;;;;;;;;;;;
36.474639892578125;-0.461181640625;-0.0615234375;0.9794921875;;;;;;;;;;;;;;;
36.47802734375;-0.205322265625;0.04736328125;1.08154296875;;;;;;;;;;;;;;;
36.4814453125;-0.1591796875;-0.0400390625;0.962158203125;;;;;;;;;;;;;;;
36.4847412109375;0.147705078125;-0.0302734375;0.877685546875;;;;;;;;;;;;;;;
36.488128662109375;-0.089111328125;0.355712890625;1.057373046875;;;;;;;;;;;;;;;
36.491485595703125;-0.19384765625;-0.087158203125;0.97998046875;;;;;;;;;;;;;;;
36.49481201171875;0.0224609375;0.316650390625;1.224609375;;;;;;;;;;;;;;;
36.498138427734375;-0.19921875;-0.200439453125;0.97412109375;;;;;;;;;;;;;;;
36.501617431640625;0.072021484375;0.0205078125;0.960205078125;;;;;;;;;;;;;;;
36.505035400390625;-0.222900390625;0.064453125;1.0576171875;;;;;;;;;;;;;;;
36.508453369140625;0.106689453125;0.04638671875;1.0634765625;;;;;;;;;;;;;;;
36.5118408203125;-0.17431640625;0.38916015625;1.132080078125;;;;;;;;;;;;;;;
36.515228271484375;0.059326171875;-0.187744140625;0.8154296875;;;;;;;;;;;;;;;
36.518585205078125;0.00927734375;0.3056640625;1.04052734375;;;;;;;;;;;;;;;
36.52197265625;-0.5;0.1162109375;0.85205078125;;;;;;;;;;;;;;;
36.525421142578125;0.358642578125;-0.01708984375;1.1201171875;;;;;;;;;;;;;;;
36.528839111328125;-0.18798828125;0.010498046875;1.091552734375;;;;;;;;;;;;;;;
36.5322265625;0.288330078125;-0.228271484375;0.98486328125;;;;;;;;;;;;;;;
36.535552978515625;-0.238037109375;0.316162109375;0.962646484375;;;;;;;;;;;;;;;
36.53887939453125;-0.272705078125;-0.010986328125;0.7939453125;;;;;;;;;;;;;;;
36.542266845703125;0.145263671875;0.412109375;1.18701171875;;;;;;;;;;;;;;;
36.54571533203125;-0.01123046875;-0.08935546875;1.115478515625;;;;;;;;;;;;;;;
36.54901123046875;0.192138671875;0.061767578125;1.0751953125;;;;;;;;;;;;;;;
36.55242919921875;-0.281982421875;-0.065673828125;0.798828125;;;;;;;;;;;;;;;
36.555755615234375;0.11279296875;0.16943359375;0.875732421875;;;;;;;;;;;;;;;
36.55914306640625;-0.034423828125;0.162353515625;1.107666015625;;;;;;;;;;;;;;;
36.562530517578125;0.17138671875;-0.140380859375;1.1064453125;;;;;;;;;;;;;;;
36.56591796875;-0.20556640625;0.30517578125;1.11328125;;;;;;;;;;;;;;;
36.56927490234375;-0.28759765625;-0.119384765625;0.84033203125;;;;;;;;;;;;;;;
36.5726318359375;0.054931640625;0.214111328125;1.069091796875;;;;;;;;;;;;;;;
36.575927734375;-0.10205078125;-0.013916015625;1.091064453125;;;;;;;;;;;;;;;
36.57928466796875;0.17578125;0.236572265625;1.096923828125;;;;;;;;;;;;;;;
36.582672119140625;-0.152099609375;0.23779296875;0.9921875;;;;;;;;;;;;;;;
36.586029052734375;-0.114013671875;-0.095458984375;0.76123046875;;;;;;;;;;;;;;;
36.58941650390625;-0.133544921875;0.186279296875;1.07177734375;;;;;;;;;;;;;;;
36.592803955078125;-0.098876953125;-0.05517578125;0.985107421875;;;;;;;;;;;;;;;
36.59619140625;0.0791015625;0.1201171875;1.2021484375;;;;;;;;;;;;;;;
36.599639892578125;-0.169677734375;-0.034423828125;0.945068359375;;;;;;;;;;;;;;;
36.602996826171875;0.0791015625;0.110595703125;0.901611328125;;;;;;;;;;;;;;;
36.606414794921875;-0.10595703125;0.303955078125;0.974609375;;;;;;;;;;;;;;;
36.60980224609375;0.004638671875;-0.135986328125;0.98095703125;;;;;;;;;;;;;;;
36.6131591796875;-0.0078125;0.2353515625;1.220703125;;;;;;;;;;;;;;;
36.61651611328125;-0.190673828125;-0.221435546875;0.959228515625;;;;;;;;;;;;;;;
36.619873046875;0.111572265625;0.0908203125;1.011474609375;;;;;;;;;;;;;;;
36.623291015625;-0.170166015625;0.10693359375;0.841796875;;;;;;;;;;;;;;;
36.6265869140625;0.1318359375;0.302978515625;1.056884765625;;;;;;;;;;;;;;;
36.629913330078125;-0.09765625;0.3466796875;1.1015625;;;;;;;;;;;;;;;
36.633331298828125;0.051025390625;-0.170654296875;0.86279296875;;;;;;;;;;;;;;;
36.636688232421875;-0.113525390625;0.11083984375;1.052734375;;;;;;;;;;;;;;;
36.640045166015625;-0.355224609375;-0.00244140625;0.802734375;;;;;;;;;;;;;;;
36.643463134765625;0.343017578125;0.06494140625;1.1552734375;;;;;;;;;;;;;;;
36.646942138671875;-0.13427734375;0.07421875;1.05078125;;;;;;;;;;;;;;;
36.65032958984375;0.232666015625;-0.029541015625;1.06103515625;;;;;;;;;;;;;;;
36.653717041015625;-0.3125;0.28759765625;0.92724609375;;;;;;;;;;;;;;;
36.657073974609375;-0.09912109375;0.033935546875;0.788330078125;;;;;;;;;;;;;;;
36.66046142578125;0.072509765625;0.245849609375;1.21484375;;;;;;;;;;;;;;;
36.663818359375;-0.2001953125;-0.16650390625;1.11279296875;;;;;;;;;;;;;;;
36.66717529296875;0.065185546875;0.068359375;1.14404296875;;;;;;;;;;;;;;;
36.670562744140625;-0.265380859375;0.008544921875;0.78515625;;;;;;;;;;;;;;;
36.67388916015625;0.120361328125;0.3603515625;0.906494140625;;;;;;;;;;;;;;;
36.67730712890625;-0.100830078125;0.14453125;1.04931640625;;;;;;;;;;;;;;;
36.68072509765625;0.107666015625;-0.199951171875;1.147705078125;;;;;;;;;;;;;;;
36.68402099609375;-0.1884765625;0.141845703125;1.16357421875;;;;;;;;;;;;;;;
36.6873779296875;-0.35595703125;-0.15625;0.77392578125;;;;;;;;;;;;;;;
36.69073486328125;0.21826171875;0.2412109375;1.096923828125;;;;;;;;;;;;;;;
36.69415283203125;-0.09814453125;0.1337890625;1.01123046875;;;;;;;;;;;;;;;
36.697540283203125;0.222412109375;0.20263671875;1.181640625;;;;;;;;;;;;;;;
36.700927734375;-0.36083984375;0.10205078125;0.950439453125;;;;;;;;;;;;;;;
36.704345703125;0.13671875;-0.16015625;0.7744140625;;;;;;;;;;;;;;;
36.707733154296875;-0.06396484375;0.173583984375;1.03076171875;;;;;;;;;;;;;;;
36.711090087890625;-0.15478515625;-0.03955078125;0.963134765625;;;;;;;;;;;;;;;
36.714569091796875;0.133544921875;0.167724609375;1.24267578125;;;;;;;;;;;;;;;
36.7178955078125;-0.214599609375;0.010009765625;0.93505859375;;;;;;;;;;;;;;;
36.72137451171875;0.12548828125;0.193359375;0.980712890625;;;;;;;;;;;;;;;
36.724853515625;-0.172119140625;0.109375;0.940185546875;;;;;;;;;;;;;;;
36.72821044921875;0.010498046875;-0.024658203125;1.00537109375;;;;;;;;;;;;;;;
36.7315673828125;0.016357421875;0.11474609375;1.184326171875;;;;;;;;;;;;;;;
36.7349853515625;-0.177734375;-0.15771484375;0.967041015625;;;;;;;;;;;;;;;
36.73834228515625;0.13330078125;0.184814453125;1.0625;;;;;;;;;;;;;;;
36.741729736328125;-0.290283203125;0.2783203125;0.798583984375;;;;;;;;;;;;;;;
36.745147705078125;0.110107421875;0.30810546875;1.078125;;;;;;;;;;;;;;;
36.748504638671875;-0.213134765625;0.28955078125;1.0615234375;;;;;;;;;;;;;;;
36.751861572265625;0.125;-0.22314453125;1.0869140625;;;;;;;;;;;;;;;
36.75518798828125;-0.17138671875;-0.0322265625;1.018798828125;;;;;;;;;;;;;;;
36.758575439453125;-0.243896484375;-0.142578125;0.779052734375;;;;;;;;;;;;;;;
36.761932373046875;0.380615234375;0.083740234375;1.242919921875;;;;;;;;;;;;;;;
36.7652587890625;-0.05322265625;0.159423828125;1.025390625;;;;;;;;;;;;;;;
36.768646240234375;0.217041015625;0.244140625;1.12548828125;;;;;;;;;;;;;;;
36.77203369140625;-0.343505859375;0.196533203125;0.781005859375;;;;;;;;;;;;;;;
36.775390625;-0.053955078125;0.085693359375;0.84033203125;;;;;;;;;;;;;;;
36.778839111328125;0.049072265625;0.120849609375;1.125732421875;;;;;;;;;;;;;;;
36.78228759765625;-0.102783203125;-0.286865234375;1.10595703125;;;;;;;;;;;;;;;
36.78564453125;0.080810546875;0.079345703125;1.15185546875;;;;;;;;;;;;;;;
36.788970947265625;-0.200439453125;0.11083984375;0.8173828125;;;;;;;;;;;;;;;
36.792266845703125;0.0048828125;0.45068359375;0.9033203125;;;;;;;;;;;;;;;
36.79571533203125;-0.037353515625;0.0810546875;1.016357421875;;;;;;;;;;;;;;;
36.799102783203125;0.087158203125;-0.189697265625;1.189208984375;;;;;;;;;;;;;;;
36.802490234375;-0.19384765625;0.047607421875;1.114501953125;;;;;;;;;;;;;;;
36.80584716796875;-0.22314453125;-0.134765625;0.84326171875;;;;;;;;;;;;;;;
36.8092041015625;0.047607421875;0.200927734375;1.038330078125;;;;;;;;;;;;;;;
36.812591552734375;-0.05517578125;0.092041015625;0.977783203125;;;;;;;;;;;;;;;
36.8160400390625;0.170166015625;0.273681640625;1.17626953125;;;;;;;;;;;;;;;
36.8193359375;-0.2646484375;0.174560546875;0.95458984375;;;;;;;;;;;;;;;
36.822723388671875;0.09521484375;-0.0419921875;0.823974609375;;;;;;;;;;;;;;;
36.826141357421875;-0.064697265625;0.10009765625;0.971435546875;;;;;;;;;;;;;;;
36.829498291015625;-0.0517578125;-0.137939453125;0.98974609375;;;;;;;;;;;;;;;
36.8328857421875;0.032958984375;0.133056640625;1.27734375;;;;;;;;;;;;;;;
36.83624267578125;-0.156982421875;-0.052734375;0.956787109375;;;;;;;;;;;;;;;
36.839630126953125;0.049560546875;0.335693359375;1.00537109375;;;;;;;;;;;;;;;
36.84295654296875;-0.240234375;0.15234375;0.862060546875;;;;;;;;;;;;;;;
36.8463134765625;0.13232421875;0.082275390625;1.01708984375;;;;;;;;;;;;;;;
36.8497314453125;0.09423828125;0.05126953125;1.1728515625;;;;;;;;;;;;;;;
36.853179931640625;-0.052734375;-0.104248046875;0.986328125;;;;;;;;;;;;;;;
36.85650634765625;-0.00146484375;0.2119140625;1.06201171875;;;;;;;;;;;;;;;
36.85992431640625;-0.231689453125;0.218994140625;0.822509765625;;;;;;;;;;;;;;;
36.86322021484375;0.1123046875;0.365234375;1.075927734375;;;;;;;;;;;;;;;
36.866607666015625;-0.130615234375;-0.1865234375;1.021484375;;;;;;;;;;;;;;;
36.87005615234375;0.150390625;-0.182861328125;1.15283203125;;;;;;;;;;;;;;;
36.8734130859375;-0.16259765625;0.045654296875;0.964111328125;;;;;;;;;;;;;;;
36.8768310546875;-0.08837890625;0.1279296875;0.839111328125;;;;;;;;;;;;;;;
36.880157470703125;0.069580078125;0.16259765625;1.168212890625;;;;;;;;;;;;;;;
36.883544921875;-0.037353515625;-0.00439453125;1.026123046875;;;;;;;;;;;;;;;
36.886962890625;0.085205078125;0.29345703125;1.17138671875;;;;;;;;;;;;;;;
36.890350341796875;-0.31298828125;0.179931640625;0.77978515625;;;;;;;;;;;;;;;
36.89373779296875;0.038330078125;0.19287109375;0.875;;;;;;;;;;;;;;;
36.897125244140625;-0.048095703125;0.122314453125;1.05419921875;;;;;;;;;;;;;;;
36.9005126953125;0.085205078125;-0.215087890625;1.120849609375;;;;;;;;;;;;;;;
36.903961181640625;0.12255859375;0.114990234375;1.2197265625;;;;;;;;;;;;;;;
36.90740966796875;-0.1728515625;0.073486328125;0.818603515625;;;;;;;;;;;;;;;
36.910797119140625;-0.018310546875;0.47509765625;1.0302734375;;;;;;;;;;;;;;;
36.914215087890625;-0.18408203125;0.04833984375;0.926025390625;;;;;;;;;;;;;;;
36.917572021484375;0.141845703125;-0.101318359375;1.18115234375;;;;;;;;;;;;;;;
36.9210205078125;-0.15625;0.062744140625;1.024658203125;;;;;;;;;;;;;;;
36.9244384765625;-0.110595703125;-0.02978515625;0.802978515625;;;;;;;;;;;;;;;
36.9278564453125;0.197021484375;0.20703125;1.08349609375;;;;;;;;;;;;;;;
36.9312744140625;-0.190185546875;0.06787109375;0.934814453125;;;;;;;;;;;;;;;
36.934722900390625;0.162353515625;0.174072265625;1.236328125;;;;;;;;;;;;;;;
36.9381103515625;-0.354248046875;0.082763671875;0.901611328125;;;;;;;;;;;;;;;
36.94146728515625;0.185302734375;0.192626953125;0.864013671875;;;;;;;;;;;;;;;
36.94488525390625;-0.170166015625;0.0791015625;0.9052734375;;;;;;;;;;;;;;;
36.9482421875;0.11279296875;-0.053466796875;0.93896484375;;;;;;;;;;;;;;;
36.951629638671875;0.31689453125;0.0849609375;1.305908203125;;;;;;;;;;;;;;;
36.954986572265625;-0.0830078125;-0.050048828125;0.98388671875;;;;;;;;;;;;;;;
36.958343505859375;-0.01220703125;0.285888671875;1.062255859375;;;;;;;;;;;;;;;
36.961761474609375;-0.316162109375;0.036376953125;0.78662109375;;;;;;;;;;;;;;;
36.96514892578125;0.097412109375;0.330810546875;1.0439453125;;;;;;;;;;;;;;;
36.968475341796875;-0.080078125;0.011962890625;1.066650390625;;;;;;;;;;;;;;;
36.97186279296875;0.14404296875;0.0390625;0.982177734375;;;;;;;;;;;;;;;
36.975250244140625;0.125732421875;0.17431640625;1.090087890625;;;;;;;;;;;;;;;
36.97869873046875;-0.226318359375;0.242919921875;0.812744140625;;;;;;;;;;;;;;;
36.9820556640625;0.009521484375;0.187744140625;1.115478515625;;;;;;;;;;;;;;;
36.985382080078125;-0.18603515625;-0.33935546875;0.969970703125;;;;;;;;;;;;;;;
36.98876953125;0.14892578125;-0.022216796875;1.17919921875;;;;;;;;;;;;;;;
36.992218017578125;-0.288330078125;0.0146484375;0.897705078125;;;;;;;;;;;;;;;
36.99566650390625;0.0869140625;0.415771484375;0.82568359375;;;;;;;;;;;;;;;
36.999114990234375;0.206298828125;0.288330078125;1.200439453125;;;;;;;;;;;;;;;
37.00244140625;-0.054931640625;-0.014404296875;1.04248046875;;;;;;;;;;;;;;;
37.005859375;-0.067138671875;-0.054443359375;1.232421875;;;;;;;;;;;;;;;
37.00927734375;-0.2646484375;-0.12255859375;0.79150390625;;;;;;;;;;;;;;;
37.01263427734375;0.134765625;0.32373046875;0.898681640625;;;;;;;;;;;;;;;
37.016021728515625;-0.063720703125;0.114013671875;0.975830078125;;;;;;;;;;;;;;;
37.019378662109375;0.117431640625;0.0322265625;1.123046875;;;;;;;;;;;;;;;
37.022796630859375;0.273193359375;0.230224609375;1.26611328125;;;;;;;;;;;;;;;
37.026153564453125;-0.215087890625;0.137939453125;0.8515625;;;;;;;;;;;;;;;
37.029541015625;-0.0498046875;0.35107421875;1.017333984375;;;;;;;;;;;;;;;
37.032867431640625;-0.230224609375;-0.14111328125;0.86669921875;;;;;;;;;;;;;;;
37.036163330078125;0.146240234375;0.05126953125;1.20751953125;;;;;;;;;;;;;;;
37.039581298828125;-0.205810546875;-0.06201171875;1.002197265625;;;;;;;;;;;;;;;
37.043060302734375;0.008544921875;0.21630859375;0.84423828125;;;;;;;;;;;;;;;
37.04644775390625;0.13232421875;0.1884765625;1.076171875;;;;;;;;;;;;;;;
37.04986572265625;-0.284423828125;0.099609375;0.92041015625;;;;;;;;;;;;;;;
37.05328369140625;0.038330078125;0.087890625;1.25;;;;;;;;;;;;;;;
37.05670166015625;-0.18212890625;-0.03271484375;0.95947265625;;;;;;;;;;;;;;;
37.060089111328125;0.030517578125;0.32373046875;0.932373046875;;;;;;;;;;;;;;;
37.0634765625;-0.18359375;-0.01416015625;0.861328125;;;;;;;;;;;;;;;
37.066925048828125;0.122314453125;0.01025390625;1.009765625;;;;;;;;;;;;;;;
37.0703125;-0.0185546875;0.119140625;1.32666015625;;;;;;;;;;;;;;;
37.073638916015625;-0.12451171875;-0.060302734375;1.004150390625;;;;;;;;;;;;;;;
37.077056884765625;-0.10791015625;0.29931640625;1.1083984375;;;;;;;;;;;;;;;
37.080474853515625;-0.296630859375;-0.11083984375;0.78271484375;;;;;;;;;;;;;;;
37.0838623046875;-0.03173828125;0.405517578125;1.04638671875;;;;;;;;;;;;;;;
37.087249755859375;-0.15966796875;-0.07666015625;1.023681640625;;;;;;;;;;;;;;;
37.090576171875;0.141357421875;0.12353515625;1.030517578125;;;;;;;;;;;;;;;
37.0938720703125;-0.03125;0.1396484375;1.064697265625;;;;;;;;;;;;;;;
37.09722900390625;-0.14892578125;0.076416015625;0.855712890625;;;;;;;;;;;;;;;
37.100677490234375;-0.1865234375;0.173583984375;1.120849609375;;;;;;;;;;;;;;;
37.104095458984375;-0.088623046875;-0.396240234375;1.01708984375;;;;;;;;;;;;;;;
37.107452392578125;-0.145751953125;0.210693359375;1.157470703125;;;;;;;;;;;;;;;
37.110748291015625;-0.137451171875;0.02880859375;0.858642578125;;;;;;;;;;;;;;;
37.114044189453125;0.106689453125;0.353759765625;0.9443359375;;;;;;;;;;;;;;;
37.117401123046875;-0.20849609375;0.271728515625;1.032958984375;;;;;;;;;;;;;;;
37.120758056640625;0.00634765625;-0.174560546875;1.07958984375;;;;;;;;;;;;;;;
37.124114990234375;-0.22509765625;0.009765625;1.206298828125;;;;;;;;;;;;;;;
37.12744140625;-0.06787109375;-0.222412109375;0.883544921875;;;;;;;;;;;;;;;
37.130859375;-0.13720703125;0.37646484375;0.944091796875;;;;;;;;;;;;;;;
37.134307861328125;-0.187255859375;0.13134765625;0.90771484375;;;;;;;;;;;;;;;
37.13763427734375;0.0771484375;0.134521484375;1.211181640625;;;;;;;;;;;;;;;
37.140960693359375;-0.170166015625;0.19384765625;1.179443359375;;;;;;;;;;;;;;;
37.144317626953125;-0.0810546875;-0.170166015625;0.92041015625;;;;;;;;;;;;;;;
37.147613525390625;-0.1708984375;0.196533203125;0.942626953125;;;;;;;;;;;;;;;
37.15106201171875;-0.1455078125;-0.287841796875;0.866943359375;;;;;;;;;;;;;;;
37.15447998046875;0.043212890625;0.332763671875;1.1689453125;;;;;;;;;;;;;;;
37.1578369140625;-0.080322265625;0.09375;1.02294921875;;;;;;;;;;;;;;;
37.1612548828125;0.086181640625;0.30322265625;0.941162109375;;;;;;;;;;;;;;;
37.164642333984375;-0.2255859375;0.3388671875;0.938232421875;;;;;;;;;;;;;;;
37.16796875;-0.127197265625;-0.026123046875;0.950927734375;;;;;;;;;;;;;;;
37.171417236328125;-0.1884765625;-0.028076171875;1.18505859375;;;;;;;;;;;;;;;
37.17486572265625;0.05322265625;-0.196533203125;1.045654296875;;;;;;;;;;;;;;;
37.178253173828125;-0.05322265625;0.29443359375;1.02392578125;;;;;;;;;;;;;;;
37.181640625;-0.138916015625;0.135986328125;0.793212890625;;;;;;;;;;;;;;;
37.184967041015625;0.215087890625;0.216796875;1.103271484375;;;;;;;;;;;;;;;
37.1883544921875;-0.318359375;0.165283203125;1.275146484375;;;;;;;;;;;;;;;
37.191741943359375;-0.11083984375;-0.14990234375;1.066162109375;;;;;;;;;;;;;;;
37.195159912109375;-0.255859375;0.186767578125;1.041259765625;;;;;;;;;;;;;;;
37.198516845703125;-0.0078125;-0.179931640625;0.737060546875;;;;;;;;;;;;;;;
37.201812744140625;0.041748046875;0.441162109375;1.03564453125;;;;;;;;;;;;;;;
37.20513916015625;-0.097412109375;0.0537109375;1.003662109375;;;;;;;;;;;;;;;
37.2086181640625;0.067138671875;0.192626953125;1.119140625;;;;;;;;;;;;;;;
37.21197509765625;-0.152587890625;0.0390625;1.043701171875;;;;;;;;;;;;;;;
37.21539306640625;-0.082763671875;-0.056640625;0.849365234375;;;;;;;;;;;;;;;
37.218719482421875;-0.12451171875;0.2197265625;1.0927734375;;;;;;;;;;;;;;;
37.2220458984375;-0.00146484375;-0.2734375;1.007080078125;;;;;;;;;;;;;;;
37.2254638671875;-0.087890625;0.4169921875;1.177001953125;;;;;;;;;;;;;;;
37.228790283203125;-0.078369140625;-0.031982421875;0.852783203125;;;;;;;;;;;;;;;
37.232208251953125;0.248779296875;0.2705078125;1.00927734375;;;;;;;;;;;;;;;
37.235626220703125;-0.51806640625;0.154052734375;0.980224609375;;;;;;;;;;;;;;;
37.238922119140625;0.0390625;-0.16943359375;1.02685546875;;;;;;;;;;;;;;;
37.242401123046875;-0.181396484375;0.105712890625;1.205078125;;;;;;;;;;;;;;;
37.245758056640625;0.061279296875;-0.18603515625;0.902587890625;;;;;;;;;;;;;;;
37.24920654296875;-0.125732421875;0.486328125;0.974609375;;;;;;;;;;;;;;;
37.2525634765625;-0.3056640625;-0.0712890625;0.87255859375;;;;;;;;;;;;;;;
37.25592041015625;0.204345703125;0.217529296875;1.218994140625;;;;;;;;;;;;;;;
37.25927734375;-0.21923828125;0.03076171875;1.273681640625;;;;;;;;;;;;;;;
37.262664794921875;-0.19287109375;-0.06884765625;0.89306640625;;;;;;;;;;;;;;;
37.26611328125;-0.11279296875;0.08056640625;0.9345703125;;;;;;;;;;;;;;;
37.269500732421875;-0.172119140625;-0.164306640625;0.82861328125;;;;;;;;;;;;;;;
37.27288818359375;0.03466796875;0.36669921875;1.18115234375;;;;;;;;;;;;;;;
37.276275634765625;-0.09130859375;0.033935546875;1.036865234375;;;;;;;;;;;;;;;
37.279632568359375;0.218017578125;0.38818359375;1.04052734375;;;;;;;;;;;;;;;
37.28302001953125;-0.319091796875;-0.050537109375;0.951416015625;;;;;;;;;;;;;;;
37.28643798828125;-0.11865234375;0.03955078125;0.928466796875;;;;;;;;;;;;;;;
37.289794921875;-0.121337890625;-0.13818359375;1.2080078125;;;;;;;;;;;;;;;
37.29315185546875;0.121337890625;-0.338134765625;1.0498046875;;;;;;;;;;;;;;;
37.29656982421875;-0.126708984375;0.344482421875;1.0849609375;;;;;;;;;;;;;;;
37.299957275390625;-0.287353515625;-0.03564453125;0.769287109375;;;;;;;;;;;;;;;
37.3033447265625;0.101806640625;0.37890625;1.096435546875;;;;;;;;;;;;;;;
37.306793212890625;-0.369140625;0.157470703125;1.068115234375;;;;;;;;;;;;;;;
37.310150146484375;-0.24609375;-0.07275390625;1.03515625;;;;;;;;;;;;;;;
37.313568115234375;-0.127685546875;0.04541015625;1.059326171875;;;;;;;;;;;;;;;
37.316986083984375;0.01513671875;-0.234130859375;0.8271484375;;;;;;;;;;;;;;;
37.32037353515625;0.0126953125;0.343994140625;1.052490234375;;;;;;;;;;;;;;;
37.323760986328125;-0.262451171875;-0.131591796875;0.9599609375;;;;;;;;;;;;;;;
37.327117919921875;0.0869140625;0.332763671875;1.156005859375;;;;;;;;;;;;;;;
37.330474853515625;-0.168212890625;0.0283203125;1.001953125;;;;;;;;;;;;;;;
37.333831787109375;0.0556640625;0.0625;0.897705078125;;;;;;;;;;;;;;;
37.337158203125;-0.124755859375;0.1123046875;1.0751953125;;;;;;;;;;;;;;;
37.340545654296875;0.002197265625;-0.157958984375;1.026611328125;;;;;;;;;;;;;;;
37.3438720703125;-0.084228515625;0.390869140625;1.167724609375;;;;;;;;;;;;;;;
37.347259521484375;-0.01513671875;-0.184326171875;0.83544921875;;;;;;;;;;;;;;;
37.350616455078125;0.180419921875;0.31982421875;1.0400390625;;;;;;;;;;;;;;;
37.35400390625;-0.346435546875;0.1337890625;0.90234375;;;;;;;;;;;;;;;
37.357421875;0.063232421875;-0.022216796875;1.093017578125;;;;;;;;;;;;;;;
37.360870361328125;-0.18798828125;0.0458984375;1.143798828125;;;;;;;;;;;;;;;
37.364288330078125;0.105712890625;-0.284912109375;0.989990234375;;;;;;;;;;;;;;;
37.36767578125;-0.130859375;0.39990234375;0.946044921875;;;;;;;;;;;;;;;
37.37115478515625;-0.268310546875;-0.1201171875;0.77587890625;;;;;;;;;;;;;;;
37.374603271484375;0.166015625;0.208740234375;1.24755859375;;;;;;;;;;;;;;;
37.3779296875;-0.105224609375;-0.0625;1.1630859375;;;;;;;;;;;;;;;
37.38134765625;0.1064453125;0.1015625;1.0234375;;;;;;;;;;;;;;;
37.384765625;-0.2236328125;0.08447265625;0.87158203125;;;;;;;;;;;;;;;
37.38818359375;-0.01904296875;-0.0234375;0.880126953125;;;;;;;;;;;;;;;
37.391510009765625;-0.118408203125;0.214599609375;1.125732421875;;;;;;;;;;;;;;;
37.394866943359375;0.036376953125;-0.072021484375;1.049560546875;;;;;;;;;;;;;;;
37.398284912109375;-0.134033203125;0.2734375;1.128173828125;;;;;;;;;;;;;;;
37.4017333984375;-0.369873046875;-0.12158203125;0.863037109375;;;;;;;;;;;;;;;
37.405181884765625;0.08740234375;0.074462890625;1.017578125;;;;;;;;;;;;;;;
37.4085693359375;-0.068115234375;0.027099609375;1.125;;;;;;;;;;;;;;;
37.4119873046875;0.196533203125;-0.011474609375;1.104736328125;;;;;;;;;;;;;;;
37.415374755859375;-0.236328125;0.290283203125;1.05419921875;;;;;;;;;;;;;;;
37.4188232421875;-0.228759765625;-0.126708984375;0.7578125;;;;;;;;;;;;;;;
37.422149658203125;-0.01171875;0.259765625;1.105712890625;;;;;;;;;;;;;;;
37.425537109375;-0.31884765625;0.027099609375;0.9951171875;;;;;;;;;;;;;;;
37.428924560546875;-0.0888671875;0.022705078125;1.12939453125;;;;;;;;;;;;;;;
37.432220458984375;-0.18994140625;0.0791015625;1.004638671875;;;;;;;;;;;;;;;
37.43560791015625;0.06494140625;-0.157958984375;0.879638671875;;;;;;;;;;;;;;;
37.438934326171875;-0.107421875;0.256591796875;1.026123046875;;;;;;;;;;;;;;;
37.4422607421875;-0.108154296875;-0.1884765625;0.969970703125;;;;;;;;;;;;;;;
37.44561767578125;-0.00146484375;0.22265625;1.2353515625;;;;;;;;;;;;;;;
37.448974609375;-0.229248046875;-0.087158203125;1.000244140625;;;;;;;;;;;;;;;
37.452362060546875;0.059326171875;0.062255859375;0.962646484375;;;;;;;;;;;;;;;
37.455718994140625;-0.234375;0.227783203125;0.8564453125;;;;;;;;;;;;;;;
37.459197998046875;0.021728515625;-0.045166015625;1.0263671875;;;;;;;;;;;;;;;
37.462615966796875;-0.103271484375;0.34912109375;1.16259765625;;;;;;;;;;;;;;;
37.46600341796875;0.012939453125;-0.37939453125;0.986083984375;;;;;;;;;;;;;;;
37.469390869140625;0.079345703125;0.216796875;1.059326171875;;;;;;;;;;;;;;;
37.472747802734375;-0.524169921875;0.009521484375;0.82177734375;;;;;;;;;;;;;;;
37.476165771484375;0.330078125;0.149658203125;1.05029296875;;;;;;;;;;;;;;;
37.479522705078125;-0.088134765625;0.120361328125;1.122802734375;;;;;;;;;;;;;;;
37.482879638671875;0.15576171875;-0.135009765625;1.0126953125;;;;;;;;;;;;;;;
37.486328125;-0.214111328125;0.232421875;0.984130859375;;;;;;;;;;;;;;;
37.48974609375;-0.20458984375;-0.150146484375;0.802734375;;;;;;;;;;;;;;;
37.4931640625;0.068115234375;0.22216796875;1.22998046875;;;;;;;;;;;;;;;
37.49652099609375;-0.376953125;-0.1611328125;1.17333984375;;;;;;;;;;;;;;;
37.49993896484375;-0.03564453125;0.117919921875;1.037353515625;;;;;;;;;;;;;;;
37.503326416015625;-0.219482421875;0.040283203125;0.84619140625;;;;;;;;;;;;;;;
37.506683349609375;0.1337890625;0.197509765625;0.84228515625;;;;;;;;;;;;;;;
37.5101318359375;-0.020751953125;0.126220703125;1.111572265625;;;;;;;;;;;;;;;
37.513641357421875;0.0693359375;-0.220947265625;1.091552734375;;;;;;;;;;;;;;;
37.51702880859375;-0.1005859375;0.212890625;1.168212890625;;;;;;;;;;;;;;;
37.52032470703125;-0.4716796875;-0.1982421875;0.820068359375;;;;;;;;;;;;;;;
37.523681640625;0.177978515625;0.09765625;1.03857421875;;;;;;;;;;;;;;;
37.527130126953125;-0.153564453125;0.052001953125;1.07958984375;;;;;;;;;;;;;;;
37.530517578125;0.19140625;0.22607421875;1.135009765625;;;;;;;;;;;;;;;
37.533905029296875;-0.212646484375;0.2490234375;1.032470703125;;;;;;;;;;;;;;;
37.537261962890625;0.0458984375;-0.12109375;0.778564453125;;;;;;;;;;;;;;;
37.54058837890625;0.04296875;0.1923828125;1.047607421875;;;;;;;;;;;;;;;
37.543975830078125;-0.226318359375;-0.005859375;0.995361328125;;;;;;;;;;;;;;;
37.547454833984375;0.168212890625;-0.009765625;1.2197265625;;;;;;;;;;;;;;;
37.550872802734375;-0.284912109375;0.0361328125;0.93310546875;;;;;;;;;;;;;;;
37.55426025390625;0.255859375;-0.01220703125;0.940673828125;;;;;;;;;;;;;;;
37.557708740234375;-0.4853515625;0.27099609375;0.976318359375;;;;;;;;;;;;;;;
37.561065673828125;0.01171875;-0.015380859375;0.997802734375;;;;;;;;;;;;;;;
37.564483642578125;-0.01513671875;0.346923828125;1.224853515625;;;;;;;;;;;;;;;
37.56787109375;-0.22509765625;-0.21484375;0.999755859375;;;;;;;;;;;;;;;
37.5712890625;0.113037109375;0.104736328125;1.025634765625;;;;;;;;;;;;;;;
37.574737548828125;-0.155029296875;0.121337890625;0.80419921875;;;;;;;;;;;;;;;
37.57806396484375;0.11865234375;0.215576171875;1.017578125;;;;;;;;;;;;;;;
37.58148193359375;0.042236328125;0.078369140625;1.1318359375;;;;;;;;;;;;;;;
37.5848388671875;0.0146484375;-0.224609375;1.08984375;;;;;;;;;;;;;;;
37.58819580078125;-0.060791015625;0.191162109375;1.031494140625;;;;;;;;;;;;;;;
37.591552734375;-0.26123046875;0.083984375;0.837890625;;;;;;;;;;;;;;;
37.59490966796875;0.126220703125;0.165771484375;1.190673828125;;;;;;;;;;;;;;;
37.598236083984375;-0.103759765625;0.021728515625;1.07470703125;;;;;;;;;;;;;;;
37.60162353515625;0.115966796875;-0.042724609375;1.0673828125;;;;;;;;;;;;;;;
37.605010986328125;-0.24853515625;0.178955078125;0.8662109375;;;;;;;;;;;;;;;
37.608367919921875;-0.0751953125;-0.034912109375;0.79296875;;;;;;;;;;;;;;;
37.6116943359375;0.040771484375;0.20849609375;1.183349609375;;;;;;;;;;;;;;;
37.615142822265625;-0.109375;-0.092529296875;1.07568359375;;;;;;;;;;;;;;;
37.618621826171875;0.082275390625;0.171142578125;1.16162109375;;;;;;;;;;;;;;;
37.62200927734375;-0.228515625;0.084228515625;0.832275390625;;;;;;;;;;;;;;;
37.62542724609375;0.072998046875;0.319091796875;0.84326171875;;;;;;;;;;;;;;;
37.62884521484375;0.04052734375;0.162353515625;1.039306640625;;;;;;;;;;;;;;;
37.632232666015625;0.080078125;-0.212646484375;1.121826171875;;;;;;;;;;;;;;;
37.6356201171875;-0.177734375;0.158447265625;1.202392578125;;;;;;;;;;;;;;;
37.63897705078125;-0.39892578125;-0.196533203125;0.7734375;;;;;;;;;;;;;;;
37.642333984375;0.228271484375;0.2041015625;1.07421875;;;;;;;;;;;;;;;
37.64581298828125;-0.046142578125;0.104248046875;1.01171875;;;;;;;;;;;;;;;
37.649139404296875;0.19140625;0.33251953125;1.148681640625;;;;;;;;;;;;;;;
37.652587890625;-0.211181640625;0.22705078125;0.989501953125;;;;;;;;;;;;;;;
37.65606689453125;0.09228515625;-0.088134765625;0.7802734375;;;;;;;;;;;;;;;
37.659393310546875;-0.03662109375;0.10205078125;1.041748046875;;;;;;;;;;;;;;;
37.662811279296875;-0.142578125;-0.130615234375;0.875732421875;;;;;;;;;;;;;;;
37.66619873046875;0.38330078125;0.08251953125;1.2763671875;;;;;;;;;;;;;;;
37.669586181640625;-0.241455078125;0.05419921875;0.939453125;;;;;;;;;;;;;;;
37.673004150390625;0.187744140625;0.19189453125;0.97900390625;;;;;;;;;;;;;;;
37.67633056640625;-0.230712890625;0.195556640625;0.92333984375;;;;;;;;;;;;;;;
37.679718017578125;0.081787109375;0.11474609375;0.9306640625;;;;;;;;;;;;;;;
37.683135986328125;0.208251953125;0.14697265625;1.259521484375;;;;;;;;;;;;;;;
37.686492919921875;-0.236328125;-0.156494140625;0.95849609375;;;;;;;;;;;;;;;
37.689910888671875;0.174560546875;0.131103515625;1.090576171875;;;;;;;;;;;;;;;
37.69329833984375;-0.2529296875;0.2314453125;0.78662109375;;;;;;;;;;;;;;;
37.6966552734375;0.1474609375;0.298828125;1.059814453125;;;;;;;;;;;;;;;
37.7000732421875;-0.10107421875;-0.0537109375;1.0556640625;;;;;;;;;;;;;;;
37.703460693359375;0.1064453125;-0.20654296875;1.119873046875;;;;;;;;;;;;;;;
37.706787109375;-0.165771484375;0.1455078125;1.02392578125;;;;;;;;;;;;;;;
37.710205078125;-0.25634765625;0.11767578125;0.74267578125;;;;;;;;;;;;;;;
37.71356201171875;0.39013671875;0.2041015625;1.23828125;;;;;;;;;;;;;;;
37.716949462890625;-0.076904296875;-0.017333984375;1.011474609375;;;;;;;;;;;;;;;
37.720245361328125;0.23291015625;0.204833984375;1.17578125;;;;;;;;;;;;;;;
37.723541259765625;-0.4130859375;0.025634765625;0.78173828125;;;;;;;;;;;;;;;
37.7269287109375;-0.121337890625;0.132568359375;0.79931640625;;;;;;;;;;;;;;;
37.73028564453125;0.0576171875;0.146240234375;1.103271484375;;;;;;;;;;;;;;;
37.733673095703125;-0.149658203125;-0.048583984375;1.05810546875;;;;;;;;;;;;;;;
37.737030029296875;0.0615234375;0.166015625;1.220703125;;;;;;;;;;;;;;;
37.7403564453125;-0.282958984375;0.161865234375;0.827392578125;;;;;;;;;;;;;;;
37.7437744140625;0.131103515625;0.3408203125;0.978515625;;;;;;;;;;;;;;;
37.747100830078125;-0.12060546875;0.0693359375;0.96337890625;;;;;;;;;;;;;;;
37.75042724609375;0.177490234375;-0.227294921875;1.1640625;;;;;;;;;;;;;;;
37.753814697265625;-0.224853515625;0.080078125;1.092529296875;;;;;;;;;;;;;;;
37.757171630859375;-0.359130859375;-0.087890625;0.784912109375;;;;;;;;;;;;;;;
37.76055908203125;0.251220703125;0.2021484375;1.08935546875;;;;;;;;;;;;;;;
37.764007568359375;-0.165771484375;0.194580078125;0.904296875;;;;;;;;;;;;;;;
37.76739501953125;0.216796875;0.293701171875;1.198974609375;;;;;;;;;;;;;;;
37.770751953125;-0.311767578125;0.1552734375;0.954345703125;;;;;;;;;;;;;;;
37.77423095703125;0.204833984375;0.004150390625;0.837890625;;;;;;;;;;;;;;;
37.777557373046875;-0.02490234375;0.014892578125;0.97802734375;;;;;;;;;;;;;;;
37.781036376953125;-0.13037109375;-0.195068359375;0.93310546875;;;;;;;;;;;;;;;
37.784423828125;0.2490234375;0.059814453125;1.30126953125;;;;;;;;;;;;;;;
37.787811279296875;-0.179443359375;0.043212890625;0.96484375;;;;;;;;;;;;;;;
37.79119873046875;0.151611328125;0.349365234375;1.069091796875;;;;;;;;;;;;;;;
37.79461669921875;-0.314208984375;0.1689453125;0.87548828125;;;;;;;;;;;;;;;
37.7979736328125;0.021728515625;0.16943359375;0.989501953125;;;;;;;;;;;;;;;
37.801361083984375;0.0244140625;-0.00537109375;1.16064453125;;;;;;;;;;;;;;;
37.804779052734375;-0.078857421875;-0.17041015625;1.04443359375;;;;;;;;;;;;;;;
37.80816650390625;0.015869140625;0.16015625;1.0771484375;;;;;;;;;;;;;;;
37.8115234375;-0.16455078125;0.173095703125;0.84912109375;;;;;;;;;;;;;;;
37.814910888671875;-0.1689453125;0.365478515625;1.0439453125;;;;;;;;;;;;;;;
37.818359375;-0.06103515625;-0.1142578125;1.055908203125;;;;;;;;;;;;;;;
37.82177734375;-0.067138671875;-0.060546875;1.15087890625;;;;;;;;;;;;;;;
37.82513427734375;-0.217529296875;0.07763671875;0.987060546875;;;;;;;;;;;;;;;
37.82855224609375;-0.139404296875;0.066162109375;0.834716796875;;;;;;;;;;;;;;;
37.831939697265625;0.1005859375;0.20361328125;1.119140625;;;;;;;;;;;;;;;
37.83526611328125;-0.046875;-0.063232421875;1.06591796875;;;;;;;;;;;;;;;
37.8387451171875;0.004150390625;0.243896484375;1.183349609375;;;;;;;;;;;;;;;
37.842132568359375;-0.275634765625;0.0830078125;0.818359375;;;;;;;;;;;;;;;
37.84552001953125;0.01318359375;0.1845703125;0.868408203125;;;;;;;;;;;;;;;
37.84893798828125;-0.043701171875;0.097900390625;1.045654296875;;;;;;;;;;;;;;;
37.852386474609375;-0.021240234375;-0.1474609375;1.1044921875;;;;;;;;;;;;;;;
37.855804443359375;-0.011962890625;0.198974609375;1.228759765625;;;;;;;;;;;;;;;
37.859222412109375;-0.181640625;-0.138671875;0.864990234375;;;;;;;;;;;;;;;
37.862579345703125;-0.022216796875;0.447265625;1.0146484375;;;;;;;;;;;;;;;
37.865936279296875;-0.085693359375;-0.028076171875;0.94482421875;;;;;;;;;;;;;;;
37.8692626953125;0.0712890625;0.188720703125;1.1572265625;;;;;;;;;;;;;;;
37.8726806640625;-0.121826171875;0.071533203125;1.08056640625;;;;;;;;;;;;;;;
37.8759765625;-0.15283203125;0.01416015625;0.85595703125;;;;;;;;;;;;;;;
37.879425048828125;0.021240234375;0.313232421875;1.037109375;;;;;;;;;;;;;;;
37.882843017578125;-0.17626953125;0.072509765625;0.892578125;;;;;;;;;;;;;;;
37.886199951171875;0.112548828125;0.2158203125;1.20361328125;;;;;;;;;;;;;;;
37.889556884765625;-0.20556640625;0.111572265625;0.951171875;;;;;;;;;;;;;;;
37.89306640625;0.177978515625;0.070068359375;1.049560546875;;;;;;;;;;;;;;;
37.896453857421875;-0.0458984375;0.0595703125;0.935791015625;;;;;;;;;;;;;;;
37.899871826171875;0.000244140625;-0.09716796875;0.92919921875;;;;;;;;;;;;;;;
37.9033203125;0.1328125;0.180908203125;1.25634765625;;;;;;;;;;;;;;;
37.90667724609375;-0.149169921875;-0.0791015625;1.005126953125;;;;;;;;;;;;;;;
37.91009521484375;0.010498046875;0.33935546875;1.059326171875;;;;;;;;;;;;;;;
37.91339111328125;-0.232666015625;0.076904296875;0.78271484375;;;;;;;;;;;;;;;
37.916748046875;0.135986328125;0.337646484375;0.9912109375;;;;;;;;;;;;;;;
37.920196533203125;0.0146484375;0.045654296875;1.098876953125;;;;;;;;;;;;;;;
37.923614501953125;0.0185546875;-0.1103515625;1.0556640625;;;;;;;;;;;;;;;
37.92706298828125;-0.039306640625;0.17578125;1.06884765625;;;;;;;;;;;;;;;
37.930450439453125;-0.206298828125;0.13818359375;0.811279296875;;;;;;;;;;;;;;;
37.93389892578125;-0.04345703125;0.333251953125;1.091552734375;;;;;;;;;;;;;;;
37.937255859375;-0.17529296875;-0.19970703125;0.96337890625;;;;;;;;;;;;;;;
37.94061279296875;0.087158203125;0.08837890625;1.1787109375;;;;;;;;;;;;;;;
37.943939208984375;-0.2158203125;0.065185546875;0.94140625;;;;;;;;;;;;;;;
37.94732666015625;0.136962890625;0.154052734375;0.8271484375;;;;;;;;;;;;;;;
37.950714111328125;0.12841796875;0.181640625;1.171630859375;;;;;;;;;;;;;;;
37.95404052734375;-0.278076171875;-0.11865234375;1.000244140625;;;;;;;;;;;;;;;
37.95745849609375;-0.059326171875;0.13623046875;1.244384765625;;;;;;;;;;;;;;;
37.9608154296875;-0.341064453125;0.002197265625;0.802734375;;;;;;;;;;;;;;;
37.9642333984375;0.121826171875;0.404052734375;0.876708984375;;;;;;;;;;;;;;;
37.96759033203125;-0.068359375;0.0517578125;0.9794921875;;;;;;;;;;;;;;;
37.970977783203125;0.199951171875;-0.03369140625;1.111572265625;;;;;;;;;;;;;;;
37.974365234375;0.10009765625;0.154296875;1.310791015625;;;;;;;;;;;;;;;
37.97772216796875;-0.198974609375;-0.13330078125;0.8583984375;;;;;;;;;;;;;;;
37.981048583984375;-0.0595703125;0.3349609375;1.013671875;;;;;;;;;;;;;;;
37.9844970703125;-0.213623046875;-0.0615234375;0.84375;;;;;;;;;;;;;;;
37.987823486328125;0.104736328125;0.34326171875;1.184814453125;;;;;;;;;;;;;;;
37.9912109375;-0.258056640625;-0.01806640625;1.02587890625;;;;;;;;;;;;;;;
37.994537353515625;0.000244140625;0.17529296875;0.83740234375;;;;;;;;;;;;;;;
37.997833251953125;0.296142578125;0.205322265625;1.098876953125;;;;;;;;;;;;;;;
38.001220703125;-0.339599609375;0.145263671875;0.885009765625;;;;;;;;;;;;;;;
38.00469970703125;0.04345703125;0.041748046875;1.23583984375;;;;;;;;;;;;;;;
38.008056640625;-0.18798828125;-0.40185546875;0.9541015625;;;;;;;;;;;;;;;
38.011566162109375;0.093994140625;0.181884765625;1.04736328125;;;;;;;;;;;;;;;
38.01495361328125;-0.16845703125;0.071044921875;0.85693359375;;;;;;;;;;;;;;;
38.0184326171875;0.130859375;0.075439453125;0.988037109375;;;;;;;;;;;;;;;
38.021820068359375;-0.08154296875;0.28369140625;1.264404296875;;;;;;;;;;;;;;;
38.025238037109375;-0.2705078125;-0.140625;1.011474609375;;;;;;;;;;;;;;;
38.0286865234375;-0.0615234375;0.303466796875;1.108642578125;;;;;;;;;;;;;;;
38.032073974609375;-0.33642578125;-0.17236328125;0.740478515625;;;;;;;;;;;;;;;
38.03546142578125;0.04736328125;0.413818359375;0.989990234375;;;;;;;;;;;;;;;
38.038848876953125;-0.171875;-0.072021484375;1.052001953125;;;;;;;;;;;;;;;
38.04217529296875;0.21240234375;0.12890625;1.177734375;;;;;;;;;;;;;;;
38.045562744140625;0.15673828125;0.169677734375;1.117919921875;;;;;;;;;;;;;;;
38.048919677734375;-0.183837890625;0.10302734375;0.829833984375;;;;;;;;;;;;;;;
38.052276611328125;-0.037109375;0.29052734375;1.0771484375;;;;;;;;;;;;;;;
38.055694580078125;-0.13525390625;-0.380859375;0.9853515625;;;;;;;;;;;;;;;
38.059051513671875;0.0439453125;0.24755859375;1.18505859375;;;;;;;;;;;;;;;
38.0623779296875;-0.256591796875;-0.0341796875;0.90478515625;;;;;;;;;;;;;;;
38.06585693359375;0.100830078125;0.29443359375;0.8720703125;;;;;;;;;;;;;;;
38.069183349609375;-0.04931640625;0.214111328125;1.06396484375;;;;;;;;;;;;;;;
38.0726318359375;-0.12158203125;-0.081787109375;1.050537109375;;;;;;;;;;;;;;;
38.0760498046875;-0.1494140625;0.103515625;1.222900390625;;;;;;;;;;;;;;;
38.07940673828125;-0.1689453125;-0.163818359375;0.857666015625;;;;;;;;;;;;;;;
38.08282470703125;-0.030517578125;0.419677734375;0.9296875;;;;;;;;;;;;;;;
38.086151123046875;-0.2490234375;-0.015625;0.874267578125;;;;;;;;;;;;;;;
38.089599609375;0.2412109375;-0.0048828125;1.171875;;;;;;;;;;;;;;;
38.09295654296875;-0.070068359375;0.133544921875;1.236083984375;;;;;;;;;;;;;;;
38.09637451171875;-0.052734375;-0.072265625;0.933349609375;;;;;;;;;;;;;;;
38.09967041015625;-0.20703125;0.325439453125;0.989990234375;;;;;;;;;;;;;;;
38.103057861328125;-0.143310546875;-0.24560546875;0.838623046875;;;;;;;;;;;;;;;
38.106475830078125;0.000244140625;0.313720703125;1.150390625;;;;;;;;;;;;;;;
38.109832763671875;-0.12744140625;0.04150390625;1.010009765625;;;;;;;;;;;;;;;
38.113128662109375;0.16064453125;0.207763671875;0.970947265625;;;;;;;;;;;;;;;
38.116485595703125;-0.164794921875;0.07470703125;0.96044921875;;;;;;;;;;;;;;;
38.119842529296875;-0.1201171875;-0.037109375;0.932861328125;;;;;;;;;;;;;;;
38.123199462890625;-0.121826171875;0.054443359375;1.199462890625;;;;;;;;;;;;;;;
38.126617431640625;-0.017822265625;-0.355224609375;1.037353515625;;;;;;;;;;;;;;;
38.130035400390625;-0.154052734375;0.30517578125;1.0654296875;;;;;;;;;;;;;;;
38.13336181640625;-0.282470703125;0.043212890625;0.802734375;;;;;;;;;;;;;;;
38.13671875;0.1923828125;0.384033203125;1.059814453125;;;;;;;;;;;;;;;
38.14007568359375;-0.308837890625;0.2001953125;1.067626953125;;;;;;;;;;;;;;;
38.1434326171875;-0.015380859375;-0.183349609375;1.097412109375;;;;;;;;;;;;;;;
38.1468505859375;-0.287841796875;-0.007568359375;1.0966796875;;;;;;;;;;;;;;;
38.15020751953125;-0.243408203125;-0.31298828125;0.764404296875;;;;;;;;;;;;;;;
38.153564453125;-0.044921875;0.388427734375;1.020751953125;;;;;;;;;;;;;;;
38.156982421875;-0.1923828125;0.005859375;0.990966796875;;;;;;;;;;;;;;;
38.160400390625;0.1962890625;0.264892578125;1.256591796875;;;;;;;;;;;;;;;
38.16375732421875;-0.105224609375;0.099609375;1.061279296875;;;;;;;;;;;;;;;
38.167083740234375;-0.104736328125;-0.049560546875;0.877197265625;;;;;;;;;;;;;;;
38.1705322265625;-0.1767578125;0.15625;0.9677734375;;;;;;;;;;;;;;;
38.17388916015625;-0.072509765625;-0.4052734375;0.99365234375;;;;;;;;;;;;;;;
38.177215576171875;-0.099365234375;0.23828125;1.16943359375;;;;;;;;;;;;;;;
38.18060302734375;-0.05078125;0.023193359375;0.93359375;;;;;;;;;;;;;;;
38.1839599609375;0.1875;0.35693359375;0.9892578125;;;;;;;;;;;;;;;
38.187286376953125;-0.372802734375;0.3037109375;0.947265625;;;;;;;;;;;;;;;
38.190673828125;0.0361328125;-0.147216796875;1.10546875;;;;;;;;;;;;;;;
38.194000244140625;-0.1611328125;0.021484375;1.208251953125;;;;;;;;;;;;;;;
38.197418212890625;0.06201171875;-0.26025390625;0.9287109375;;;;;;;;;;;;;;;
38.200836181640625;-0.116943359375;0.405517578125;0.955810546875;;;;;;;;;;;;;;;
38.204254150390625;-0.26708984375;-0.00048828125;0.8525390625;;;;;;;;;;;;;;;
38.20758056640625;0.156005859375;0.14697265625;1.220947265625;;;;;;;;;;;;;;;
38.21099853515625;-0.26904296875;0.088623046875;1.26416015625;;;;;;;;;;;;;;;
38.214324951171875;-0.17138671875;-0.0595703125;0.9501953125;;;;;;;;;;;;;;;
38.2177734375;-0.17236328125;0.20654296875;0.94873046875;;;;;;;;;;;;;;;
38.22113037109375;-0.01416015625;-0.177978515625;0.82373046875;;;;;;;;;;;;;;;
38.224517822265625;0.058837890625;0.297607421875;1.13916015625;;;;;;;;;;;;;;;
38.2279052734375;-0.033935546875;0.04833984375;1.036376953125;;;;;;;;;;;;;;;
38.2313232421875;-0.003662109375;0.22998046875;1.0673828125;;;;;;;;;;;;;;;
38.234710693359375;-0.4501953125;-0.0322265625;0.939208984375;;;;;;;;;;;;;;;
38.238128662109375;-0.14306640625;-0.048095703125;0.885986328125;;;;;;;;;;;;;;;
38.24151611328125;-0.025634765625;0.05859375;1.18701171875;;;;;;;;;;;;;;;
38.244873046875;0.101806640625;-0.16259765625;1.056396484375;;;;;;;;;;;;;;;
38.248260498046875;-0.105712890625;0.406494140625;1.095947265625;;;;;;;;;;;;;;;
38.2515869140625;-0.185791015625;-0.072265625;0.79052734375;;;;;;;;;;;;;;;
38.254913330078125;0.237060546875;0.291748046875;1.075927734375;;;;;;;;;;;;;;;
38.25823974609375;-0.532958984375;0.0751953125;1.017333984375;;;;;;;;;;;;;;;
38.261566162109375;0.204345703125;-0.10498046875;1.0537109375;;;;;;;;;;;;;;;
38.264923095703125;-0.2568359375;0.0498046875;1.094482421875;;;;;;;;;;;;;;;
38.268310546875;-0.08935546875;-0.246337890625;0.801025390625;;;;;;;;;;;;;;;
38.27166748046875;0.07177734375;0.408447265625;0.999755859375;;;;;;;;;;;;;;;
38.275054931640625;-0.20751953125;-0.183837890625;0.95654296875;;;;;;;;;;;;;;;
38.27838134765625;0.318359375;0.25830078125;1.26025390625;;;;;;;;;;;;;;;
38.281829833984375;0.042724609375;0.021484375;1.119873046875;;;;;;;;;;;;;;;
38.28521728515625;-0.1474609375;0.031982421875;0.845947265625;;;;;;;;;;;;;;;
38.28851318359375;-0.12841796875;0.155029296875;0.9306640625;;;;;;;;;;;;;;;
38.2918701171875;-0.078857421875;-0.317626953125;1.00927734375;;;;;;;;;;;;;;;
38.29522705078125;-0.050048828125;0.232666015625;1.17919921875;;;;;;;;;;;;;;;
38.298583984375;-0.0810546875;-0.1513671875;0.945556640625;;;;;;;;;;;;;;;
38.30206298828125;0.282958984375;0.44189453125;1.02294921875;;;;;;;;;;;;;;;
38.30535888671875;-0.42822265625;0.024169921875;0.93212890625;;;;;;;;;;;;;;;
38.3087158203125;0.03662109375;-0.012939453125;1.100830078125;;;;;;;;;;;;;;;
38.3121337890625;-0.154296875;-0.14892578125;1.196044921875;;;;;;;;;;;;;;;
38.31549072265625;0.0791015625;-0.42431640625;0.966064453125;;;;;;;;;;;;;;;
38.31884765625;-0.109619140625;0.276123046875;0.95751953125;;;;;;;;;;;;;;;
38.32232666015625;-0.25439453125;-0.033447265625;0.79052734375;;;;;;;;;;;;;;;
38.325714111328125;0.165283203125;0.286865234375;1.203857421875;;;;;;;;;;;;;;;
38.329071044921875;-0.115234375;0.161865234375;1.101318359375;;;;;;;;;;;;;;;
38.332427978515625;-0.033447265625;0.019775390625;1.013916015625;;;;;;;;;;;;;;;
38.3358154296875;-0.18603515625;0.09033203125;0.913330078125;;;;;;;;;;;;;;;
38.33917236328125;0.046875;-0.200927734375;0.83935546875;;;;;;;;;;;;;;;
38.342498779296875;0.047607421875;0.206787109375;1.14013671875;;;;;;;;;;;;;;;
38.345855712890625;0.0146484375;-0.14208984375;1.023193359375;;;;;;;;;;;;;;;
38.3492431640625;-0.033447265625;0.33984375;1.103759765625;;;;;;;;;;;;;;;
38.352630615234375;-0.26318359375;0.0478515625;0.894287109375;;;;;;;;;;;;;;;
38.35601806640625;0.0244140625;0.15576171875;0.970703125;;;;;;;;;;;;;;;
38.359405517578125;-0.057373046875;0.011962890625;1.17529296875;;;;;;;;;;;;;;;
38.36273193359375;0.080078125;-0.134521484375;1.08251953125;;;;;;;;;;;;;;;
38.366058349609375;-0.113525390625;0.2841796875;1.089111328125;;;;;;;;;;;;;;;
38.369415283203125;-0.08447265625;-0.12158203125;0.719482421875;;;;;;;;;;;;;;;
38.372894287109375;0.152099609375;0.352294921875;1.095703125;;;;;;;;;;;;;;;
38.376220703125;-0.310546875;0.0634765625;0.989013671875;;;;;;;;;;;;;;;
38.379547119140625;0.148193359375;0.00732421875;1.1279296875;;;;;;;;;;;;;;;
38.383026123046875;-0.229248046875;0.062255859375;1.039306640625;;;;;;;;;;;;;;;
38.386444091796875;0.03759765625;-0.216552734375;0.862060546875;;;;;;;;;;;;;;;
38.389862060546875;-0.01220703125;0.353759765625;0.99169921875;;;;;;;;;;;;;;;
38.393341064453125;-0.138916015625;-0.1591796875;0.892333984375;;;;;;;;;;;;;;;
38.396728515625;0.17431640625;0.281494140625;1.296875;;;;;;;;;;;;;;;
38.400115966796875;-0.24658203125;-0.0810546875;1.02734375;;;;;;;;;;;;;;;
38.403533935546875;0.0849609375;0.16015625;0.953125;;;;;;;;;;;;;;;
38.40692138671875;-0.283935546875;0.163818359375;0.850341796875;;;;;;;;;;;;;;;
38.410369873046875;0.09912109375;-0.1181640625;0.999755859375;;;;;;;;;;;;;;;
38.41375732421875;-0.142333984375;0.205322265625;1.16943359375;;;;;;;;;;;;;;;
38.417144775390625;-0.009033203125;-0.176025390625;0.985107421875;;;;;;;;;;;;;;;
38.42047119140625;-0.131103515625;0.29931640625;1.0615234375;;;;;;;;;;;;;;;
38.423797607421875;-0.52880859375;-0.07763671875;0.798583984375;;;;;;;;;;;;;;;
38.4271240234375;0.36181640625;0.064453125;1.16845703125;;;;;;;;;;;;;;;
38.4305419921875;-0.06982421875;0.1123046875;1.130126953125;;;;;;;;;;;;;;;
38.43389892578125;0.219970703125;0.064208984375;1.05224609375;;;;;;;;;;;;;;;
38.437286376953125;-0.3525390625;0.255126953125;0.9013671875;;;;;;;;;;;;;;;
38.44061279296875;-0.38525390625;-0.147216796875;0.766845703125;;;;;;;;;;;;;;;
38.444061279296875;0.06298828125;0.232177734375;1.19677734375;;;;;;;;;;;;;;;
38.447479248046875;-0.29296875;-0.052490234375;1.028076171875;;;;;;;;;;;;;;;
38.4508056640625;-0.06640625;0.1767578125;1.061279296875;;;;;;;;;;;;;;;
38.454132080078125;-0.237060546875;0.11376953125;0.875244140625;;;;;;;;;;;;;;;
38.45745849609375;0.119384765625;0.01025390625;0.88134765625;;;;;;;;;;;;;;;
38.460845947265625;-0.046875;0.158935546875;1.1044921875;;;;;;;;;;;;;;;
38.46429443359375;0.032470703125;-0.26123046875;1.084716796875;;;;;;;;;;;;;;;
38.4676513671875;-0.213134765625;0.269287109375;1.192626953125;;;;;;;;;;;;;;;
38.471038818359375;-0.496826171875;-0.105224609375;0.854736328125;;;;;;;;;;;;;;;
38.474456787109375;0.03369140625;0.19091796875;0.997802734375;;;;;;;;;;;;;;;
38.47784423828125;-0.0947265625;0.11767578125;1.081787109375;;;;;;;;;;;;;;;
38.481201171875;0.20263671875;0.06201171875;1.119384765625;;;;;;;;;;;;;;;
38.484527587890625;-0.223876953125;0.2548828125;1.08447265625;;;;;;;;;;;;;;;
38.487884521484375;0.0009765625;-0.281494140625;0.771728515625;;;;;;;;;;;;;;;
38.49127197265625;0.0107421875;0.2646484375;1.0859375;;;;;;;;;;;;;;;
38.49468994140625;-0.491943359375;-0.03076171875;0.900390625;;;;;;;;;;;;;;;
38.498077392578125;0.28076171875;0.112548828125;1.14990234375;;;;;;;;;;;;;;;
38.501495361328125;-0.18505859375;0.0498046875;1.018310546875;;;;;;;;;;;;;;;
38.504913330078125;0.17822265625;-0.08203125;0.9287109375;;;;;;;;;;;;;;;
38.50830078125;-0.18115234375;0.223388671875;0.972412109375;;;;;;;;;;;;;;;
38.51171875;-0.0849609375;-0.064208984375;0.9228515625;;;;;;;;;;;;;;;
38.515106201171875;0.09375;0.30859375;1.25048828125;;;;;;;;;;;;;;;
38.5185546875;-0.25048828125;-0.159423828125;1.054443359375;;;;;;;;;;;;;;;
38.5220947265625;0.037353515625;0.111328125;1.005615234375;;;;;;;;;;;;;;;
38.52545166015625;-0.2392578125;0.03662109375;0.837158203125;;;;;;;;;;;;;;;
38.52886962890625;0.080810546875;0.162353515625;0.989013671875;;;;;;;;;;;;;;;
38.5322265625;-0.009765625;0.110107421875;1.143798828125;;;;;;;;;;;;;;;
38.5355224609375;0.062255859375;-0.2294921875;1.036376953125;;;;;;;;;;;;;;;
38.538909912109375;-0.154296875;0.277587890625;1.077880859375;;;;;;;;;;;;;;;
38.542236328125;-0.450439453125;-0.1357421875;0.806640625;;;;;;;;;;;;;;;
38.545654296875;0.17626953125;0.13427734375;1.166259765625;;;;;;;;;;;;;;;
38.548980712890625;0.02880859375;-0.1025390625;1.095947265625;;;;;;;;;;;;;;;
38.552337646484375;0.181396484375;0.353271484375;1.077392578125;;;;;;;;;;;;;;;
38.5557861328125;-0.0966796875;0.15673828125;0.89697265625;;;;;;;;;;;;;;;
38.559173583984375;-0.081298828125;0.020263671875;0.81494140625;;;;;;;;;;;;;;;
38.562530517578125;-0.0283203125;0.18359375;1.15380859375;;;;;;;;;;;;;;;
38.565887451171875;-0.089599609375;-0.064208984375;1.0634765625;;;;;;;;;;;;;;;
38.5692138671875;0.103759765625;0.074951171875;1.163330078125;;;;;;;;;;;;;;;
38.57257080078125;-0.1640625;-0.01904296875;0.844482421875;;;;;;;;;;;;;;;
38.575927734375;0.099853515625;0.25634765625;0.941162109375;;;;;;;;;;;;;;;
38.579254150390625;0.11279296875;0.1728515625;1.0615234375;;;;;;;;;;;;;;;
38.5826416015625;0.01513671875;-0.02001953125;1.11669921875;;;;;;;;;;;;;;;
38.58599853515625;-0.201416015625;0.238037109375;1.1650390625;;;;;;;;;;;;;;;
38.58935546875;-0.315673828125;-0.175537109375;0.842529296875;;;;;;;;;;;;;;;
38.592742919921875;0.1357421875;0.213623046875;1.04443359375;;;;;;;;;;;;;;;
38.5960693359375;-0.070556640625;0.040283203125;0.93310546875;;;;;;;;;;;;;;;
38.5994873046875;0.15673828125;0.257568359375;1.115966796875;;;;;;;;;;;;;;;
38.602874755859375;-0.1025390625;0.234375;1.0546875;;;;;;;;;;;;;;;
38.606231689453125;0.01318359375;-0.1142578125;0.954345703125;;;;;;;;;;;;;;;
38.609588623046875;-0.08837890625;0.15966796875;1.042724609375;;;;;;;;;;;;;;;
38.61297607421875;-0.20703125;-0.064208984375;0.918701171875;;;;;;;;;;;;;;;
38.6163330078125;0.127685546875;0.1123046875;1.273681640625;;;;;;;;;;;;;;;
38.6197509765625;-0.209716796875;0.001708984375;0.996826171875;;;;;;;;;;;;;;;
38.623138427734375;0.197509765625;0.08203125;0.966552734375;;;;;;;;;;;;;;;
38.62652587890625;-0.166015625;0.285888671875;0.783447265625;;;;;;;;;;;;;;;
38.6300048828125;0.004638671875;0.019775390625;0.902099609375;;;;;;;;;;;;;;;
38.633331298828125;0.07470703125;0.227294921875;1.26611328125;;;;;;;;;;;;;;;
38.636627197265625;-0.17578125;-0.24609375;1.035400390625;;;;;;;;;;;;;;;
38.6400146484375;0.082763671875;0.17919921875;1.048583984375;;;;;;;;;;;;;;;
38.643402099609375;-0.191650390625;0.10205078125;0.8056640625;;;;;;;;;;;;;;;
38.646820068359375;0.102783203125;0.345703125;0.978759765625;;;;;;;;;;;;;;;
38.650115966796875;0.078857421875;0.096435546875;1.092041015625;;;;;;;;;;;;;;;
38.6534423828125;0.003173828125;-0.1533203125;1.10302734375;;;;;;;;;;;;;;;
38.656890869140625;-0.19677734375;0.160888671875;1.055419921875;;;;;;;;;;;;;;;
38.66021728515625;-0.277099609375;-0.12646484375;0.75830078125;;;;;;;;;;;;;;;
38.663604736328125;0.36279296875;0.179931640625;1.198486328125;;;;;;;;;;;;;;;
38.6671142578125;-0.077392578125;-0.02392578125;1.028564453125;;;;;;;;;;;;;;;
38.67047119140625;0.19091796875;0.393798828125;1.1494140625;;;;;;;;;;;;;;;
38.673828125;-0.263427734375;0.19287109375;0.829833984375;;;;;;;;;;;;;;;
38.677215576171875;0.161865234375;0.0673828125;0.752197265625;;;;;;;;;;;;;;;
38.680572509765625;0.05810546875;0.03271484375;1.117919921875;;;;;;;;;;;;;;;
38.6839599609375;0.01171875;-0.224365234375;0.977294921875;;;;;;;;;;;;;;;
38.687469482421875;0.267822265625;0.187255859375;1.26123046875;;;;;;;;;;;;;;;
38.690887451171875;-0.258056640625;-0.03076171875;0.827880859375;;;;;;;;;;;;;;;
38.69427490234375;0.191162109375;0.39697265625;0.966552734375;;;;;;;;;;;;;;;
38.697601318359375;-0.232421875;0.083740234375;1.013671875;;;;;;;;;;;;;;;
38.701080322265625;0.021728515625;0.03173828125;1.068115234375;;;;;;;;;;;;;;;
38.704437255859375;-0.031005859375;0.11181640625;1.183837890625;;;;;;;;;;;;;;;
38.707855224609375;0.0859375;-0.11669921875;0.750244140625;;;;;;;;;;;;;;;
38.71136474609375;0.447509765625;0.27587890625;1.103759765625;;;;;;;;;;;;;;;
38.71466064453125;-0.224853515625;0.20751953125;0.881591796875;;;;;;;;;;;;;;;
38.718017578125;0.19921875;0.257080078125;1.19775390625;;;;;;;;;;;;;;;
38.721405029296875;-0.339599609375;-0.15576171875;0.96142578125;;;;;;;;;;;;;;;
38.7247314453125;0.227294921875;-0.119140625;0.996826171875;;;;;;;;;;;;;;;
38.7281494140625;-0.03857421875;0.136474609375;1.0048828125;;;;;;;;;;;;;;;
38.731475830078125;-0.16455078125;0.1416015625;0.81640625;;;;;;;;;;;;;;;
38.734832763671875;0.469482421875;0.189453125;1.34912109375;;;;;;;;;;;;;;;
38.738189697265625;-0.137939453125;0.000732421875;0.980224609375;;;;;;;;;;;;;;;
38.7415771484375;0.21875;0.27685546875;1.051025390625;;;;;;;;;;;;;;;
38.744964599609375;-0.3681640625;0.101318359375;0.725830078125;;;;;;;;;;;;;;;
38.748382568359375;0.01123046875;0.174560546875;0.93505859375;;;;;;;;;;;;;;;
38.751708984375;-0.012939453125;0.08642578125;1.197021484375;;;;;;;;;;;;;;;
38.7550048828125;-0.09814453125;-0.192138671875;1.067138671875;;;;;;;;;;;;;;;
38.758453369140625;0.0048828125;0.175048828125;1.0751953125;;;;;;;;;;;;;;;
38.761810302734375;-0.154052734375;0.173828125;0.7900390625;;;;;;;;;;;;;;;
38.76513671875;0.0595703125;0.4443359375;1.04931640625;;;;;;;;;;;;;;;
38.76861572265625;-0.120361328125;-0.021484375;1.024169921875;;;;;;;;;;;;;;;
38.77197265625;0.11767578125;-0.072509765625;1.172119140625;;;;;;;;;;;;;;;
38.775360107421875;-0.33203125;0.0458984375;1.040283203125;;;;;;;;;;;;;;;
38.7786865234375;-0.287841796875;-0.068115234375;0.760498046875;;;;;;;;;;;;;;;
38.782073974609375;0.2392578125;0.1455078125;1.173095703125;;;;;;;;;;;;;;;
38.785491943359375;-0.077392578125;0.035400390625;1.0087890625;;;;;;;;;;;;;;;
38.788909912109375;0.138427734375;0.385009765625;1.204833984375;;;;;;;;;;;;;;;
38.7923583984375;-0.352783203125;0.090087890625;0.812744140625;;;;;;;;;;;;;;;
38.79571533203125;0.151123046875;0.18115234375;0.8232421875;;;;;;;;;;;;;;;
38.799041748046875;-0.060791015625;0.03271484375;1.03857421875;;;;;;;;;;;;;;;
38.802459716796875;-0.02001953125;-0.21875;1.078369140625;;;;;;;;;;;;;;;
38.80584716796875;-0.091552734375;0.125;1.259521484375;;;;;;;;;;;;;;;
38.80926513671875;-0.182373046875;-0.0390625;0.881591796875;;;;;;;;;;;;;;;
38.812652587890625;-0.064453125;0.469482421875;0.98193359375;;;;;;;;;;;;;;;
38.816009521484375;-0.280517578125;0.046875;0.940673828125;;;;;;;;;;;;;;;
38.819427490234375;0.012939453125;0.149169921875;1.131591796875;;;;;;;;;;;;;;;
38.82275390625;-0.131591796875;0.058837890625;1.0927734375;;;;;;;;;;;;;;;
38.82611083984375;0.136962890625;-0.098388671875;0.892578125;;;;;;;;;;;;;;;
38.829559326171875;-0.040771484375;0.214111328125;1.031005859375;;;;;;;;;;;;;;;
38.832916259765625;-0.1728515625;0.09326171875;0.909912109375;;;;;;;;;;;;;;;
38.8363037109375;-0.1552734375;0.31103515625;1.170654296875;;;;;;;;;;;;;;;
38.839691162109375;-0.177734375;-0.188232421875;1.014892578125;;;;;;;;;;;;;;;
38.843048095703125;0.013427734375;0.015380859375;1.0439453125;;;;;;;;;;;;;;;
38.846466064453125;-0.177001953125;0.034423828125;0.931884765625;;;;;;;;;;;;;;;
38.849822998046875;-0.00341796875;0.211669921875;0.917236328125;;;;;;;;;;;;;;;
38.853179931640625;0.046630859375;0.18798828125;1.20068359375;;;;;;;;;;;;;;;
38.856658935546875;-0.014404296875;-0.07275390625;1.02197265625;;;;;;;;;;;;;;;
38.8599853515625;0.010498046875;0.211669921875;1.10302734375;;;;;;;;;;;;;;;
38.8634033203125;-0.343994140625;0.073486328125;0.761962890625;;;;;;;;;;;;;;;
38.8668212890625;0.03173828125;0.219482421875;0.98779296875;;;;;;;;;;;;;;;
38.8702392578125;-0.031982421875;0.0107421875;1.121337890625;;;;;;;;;;;;;;;
38.873565673828125;0.01025390625;-0.10009765625;1.12841796875;;;;;;;;;;;;;;;
38.877044677734375;-0.03564453125;0.22265625;1.0908203125;;;;;;;;;;;;;;;
38.880462646484375;-0.149658203125;0.13232421875;0.830078125;;;;;;;;;;;;;;;
38.883880615234375;-0.10009765625;0.453369140625;1.05126953125;;;;;;;;;;;;;;;
38.88726806640625;-0.074951171875;-0.25927734375;0.998291015625;;;;;;;;;;;;;;;
38.890655517578125;0.029052734375;-0.062744140625;1.186767578125;;;;;;;;;;;;;;;
38.894012451171875;-0.175048828125;0.007568359375;0.921142578125;;;;;;;;;;;;;;;
38.89739990234375;-0.007568359375;0.16943359375;0.8310546875;;;;;;;;;;;;;;;
38.90081787109375;0.082275390625;0.308837890625;1.1142578125;;;;;;;;;;;;;;;
38.904266357421875;-0.158203125;-0.120849609375;1.0234375;;;;;;;;;;;;;;;
38.907562255859375;0.024169921875;0.22021484375;1.198486328125;;;;;;;;;;;;;;;
38.911041259765625;-0.22900390625;0.0224609375;0.83837890625;;;;;;;;;;;;;;;
38.9144287109375;0.09130859375;0.34814453125;0.875732421875;;;;;;;;;;;;;;;
38.9178466796875;-0.09619140625;0.03564453125;0.9609375;;;;;;;;;;;;;;;
38.921234130859375;0.099365234375;-0.112548828125;1.1123046875;;;;;;;;;;;;;;;
38.924560546875;0.08642578125;0.104736328125;1.277099609375;;;;;;;;;;;;;;;
38.92791748046875;-0.13330078125;-0.09033203125;0.900146484375;;;;;;;;;;;;;;;
38.9312744140625;-0.018310546875;0.343017578125;0.99560546875;;;;;;;;;;;;;;;
38.93463134765625;-0.161865234375;0.036376953125;0.834716796875;;;;;;;;;;;;;;;
38.9381103515625;0.159912109375;0.332275390625;1.130126953125;;;;;;;;;;;;;;;
38.9415283203125;-0.077392578125;0.1142578125;1.080322265625;;;;;;;;;;;;;;;
38.94500732421875;0.142822265625;0.022705078125;0.909423828125;;;;;;;;;;;;;;;
38.94842529296875;0.049560546875;0.066162109375;1.021484375;;;;;;;;;;;;;;;
38.951934814453125;-0.241943359375;0.046875;0.866455078125;;;;;;;;;;;;;;;
38.955352783203125;-0.04296875;0.099609375;1.224365234375;;;;;;;;;;;;;;;
38.958770751953125;-0.22900390625;-0.214599609375;0.96484375;;;;;;;;;;;;;;;
38.962158203125;0.125732421875;0.210205078125;1.09326171875;;;;;;;;;;;;;;;
38.965606689453125;-0.23046875;0.077880859375;0.8505859375;;;;;;;;;;;;;;;
38.968994140625;0.292724609375;0.289306640625;0.972412109375;;;;;;;;;;;;;;;
38.97235107421875;0.03466796875;0.102783203125;1.2314453125;;;;;;;;;;;;;;;
38.975799560546875;-0.272705078125;-0.04443359375;1.029296875;;;;;;;;;;;;;;;
38.979217529296875;-0.1083984375;0.00830078125;1.14208984375;;;;;;;;;;;;;;;
38.98260498046875;-0.2802734375;-0.001708984375;0.75537109375;;;;;;;;;;;;;;;
38.98602294921875;0.10986328125;0.370361328125;0.981689453125;;;;;;;;;;;;;;;
38.989349365234375;-0.147705078125;-0.107421875;1.022216796875;;;;;;;;;;;;;;;
38.992645263671875;0.30224609375;-0.01513671875;1.21337890625;;;;;;;;;;;;;;;
38.996063232421875;0.2060546875;0.14892578125;1.1142578125;;;;;;;;;;;;;;;
38.99945068359375;-0.132568359375;0.061279296875;0.822509765625;;;;;;;;;;;;;;;
39.002899169921875;-0.102294921875;0.307373046875;1.01513671875;;;;;;;;;;;;;;;
39.006195068359375;-0.175537109375;-0.259033203125;0.955322265625;;;;;;;;;;;;;;;
39.0096435546875;0.015380859375;0.258544921875;1.2109375;;;;;;;;;;;;;;;
39.013092041015625;-0.2841796875;-0.091064453125;0.876953125;;;;;;;;;;;;;;;
39.016448974609375;0.1142578125;0.272216796875;0.83935546875;;;;;;;;;;;;;;;
39.019805908203125;0.140869140625;0.217529296875;1.064208984375;;;;;;;;;;;;;;;
39.0233154296875;-0.154541015625;0.0498046875;1.04248046875;;;;;;;;;;;;;;;
39.026763916015625;-0.051513671875;-0.00830078125;1.2333984375;;;;;;;;;;;;;;;
39.03021240234375;-0.189697265625;-0.107421875;0.886962890625;;;;;;;;;;;;;;;
39.03350830078125;0.017333984375;0.338134765625;0.958984375;;;;;;;;;;;;;;;
39.036834716796875;-0.239501953125;0.0244140625;0.8603515625;;;;;;;;;;;;;;;
39.0401611328125;0.260009765625;-0.00146484375;1.14208984375;;;;;;;;;;;;;;;
39.0435791015625;0.081787109375;0.18115234375;1.265380859375;;;;;;;;;;;;;;;
39.047027587890625;-0.088623046875;0.015869140625;0.93896484375;;;;;;;;;;;;;;;
39.0504150390625;-0.100341796875;0.297119140625;0.98388671875;;;;;;;;;;;;;;;
39.053863525390625;-0.125244140625;-0.149169921875;0.79248046875;;;;;;;;;;;;;;;
39.057220458984375;0.110595703125;0.27099609375;1.15087890625;;;;;;;;;;;;;;;
39.060516357421875;-0.1513671875;-0.032470703125;1.0126953125;;;;;;;;;;;;;;;
39.063873291015625;0.1279296875;0.20263671875;0.982177734375;;;;;;;;;;;;;;;
39.06732177734375;-0.037353515625;0.10400390625;0.980712890625;;;;;;;;;;;;;;;
39.0706787109375;-0.140869140625;0.114990234375;0.88720703125;;;;;;;;;;;;;;;
39.074066162109375;0.01220703125;0.083984375;1.181640625;;;;;;;;;;;;;;;
39.07745361328125;-0.013671875;-0.320556640625;1.018310546875;;;;;;;;;;;;;;;
39.080810546875;-0.0341796875;0.320556640625;1.103271484375;;;;;;;;;;;;;;;
39.084228515625;-0.236083984375;-0.0537109375;0.787353515625;;;;;;;;;;;;;;;
39.087646484375;0.194580078125;0.3916015625;1.0107421875;;;;;;;;;;;;;;;
39.09100341796875;-0.091796875;0.103515625;1.116943359375;;;;;;;;;;;;;;;
39.0943603515625;0.009033203125;-0.025146484375;1.077880859375;;;;;;;;;;;;;;;
39.097747802734375;-0.202392578125;-0.020263671875;1.123291015625;;;;;;;;;;;;;;;
39.10113525390625;-0.1650390625;-0.202392578125;0.79248046875;;;;;;;;;;;;;;;
39.104522705078125;-0.03955078125;0.414306640625;1.000732421875;;;;;;;;;;;;;;;
39.10784912109375;-0.19482421875;-0.105712890625;0.929443359375;;;;;;;;;;;;;;;
39.111236572265625;0.20654296875;0.120361328125;1.27783203125;;;;;;;;;;;;;;;
39.114593505859375;-0.173095703125;0.026611328125;1.065185546875;;;;;;;;;;;;;;;
39.118072509765625;-0.06005859375;0.075927734375;0.878173828125;;;;;;;;;;;;;;;
39.1214599609375;-0.18310546875;0.1806640625;0.959228515625;;;;;;;;;;;;;;;
39.1248779296875;-0.177734375;-0.280517578125;0.98388671875;;;;;;;;;;;;;;;
39.12823486328125;-0.05712890625;0.24365234375;1.180419921875;;;;;;;;;;;;;;;
39.131622314453125;-0.0869140625;0.01806640625;0.91015625;;;;;;;;;;;;;;;
39.135040283203125;0.189208984375;0.29931640625;0.985595703125;;;;;;;;;;;;;;;
39.138458251953125;-0.317626953125;0.038330078125;0.905517578125;;;;;;;;;;;;;;;
39.14190673828125;0.08056640625;-0.097900390625;1.120849609375;;;;;;;;;;;;;;;
39.145294189453125;-0.20751953125;-0.04345703125;1.197509765625;;;;;;;;;;;;;;;
39.148681640625;0.00390625;-0.295654296875;0.978759765625;;;;;;;;;;;;;;;
39.152099609375;-0.171875;0.298828125;0.95361328125;;;;;;;;;;;;;;;
39.155426025390625;-0.328369140625;0.06396484375;0.775146484375;;;;;;;;;;;;;;;
39.158905029296875;0.24560546875;0.2041015625;1.232177734375;;;;;;;;;;;;;;;
39.162322998046875;-0.40185546875;0.1689453125;1.034423828125;;;;;;;;;;;;;;;
39.16571044921875;-0.093994140625;-0.10986328125;1.01611328125;;;;;;;;;;;;;;;
39.16912841796875;-0.267578125;0.096435546875;0.940185546875;;;;;;;;;;;;;;;
39.172515869140625;0.01220703125;-0.245361328125;0.826171875;;;;;;;;;;;;;;;
39.175933837890625;-0.017333984375;0.24169921875;1.13720703125;;;;;;;;;;;;;;;
39.179351806640625;-0.051025390625;-0.015380859375;1.042724609375;;;;;;;;;;;;;;;
39.18280029296875;-0.0703125;0.37548828125;1.10400390625;;;;;;;;;;;;;;;
39.18621826171875;-0.306884765625;-0.01513671875;0.90869140625;;;;;;;;;;;;;;;
39.189605712890625;-0.051025390625;0.04296875;0.946533203125;;;;;;;;;;;;;;;
39.1929931640625;-0.07763671875;-0.0302734375;1.134521484375;;;;;;;;;;;;;;;
39.196380615234375;0.1630859375;-0.2138671875;1.09375;;;;;;;;;;;;;;;
39.1998291015625;-0.154541015625;0.300537109375;1.114990234375;;;;;;;;;;;;;;;
39.20318603515625;-0.0888671875;-0.033935546875;0.76220703125;;;;;;;;;;;;;;;
39.206573486328125;0.14208984375;0.365966796875;1.095458984375;;;;;;;;;;;;;;;
39.2099609375;-0.435791015625;0.083251953125;0.9775390625;;;;;;;;;;;;;;;
39.213348388671875;0.133056640625;-0.022705078125;1.123779296875;;;;;;;;;;;;;;;
39.216766357421875;-0.20703125;0.0146484375;1.09423828125;;;;;;;;;;;;;;;
39.22015380859375;0.02880859375;-0.18212890625;0.873291015625;;;;;;;;;;;;;;;
39.223541259765625;-0.112060546875;0.313720703125;0.9931640625;;;;;;;;;;;;;;;
39.226959228515625;-0.139892578125;-0.18994140625;0.92431640625;;;;;;;;;;;;;;;
39.2303466796875;0.067626953125;0.179931640625;1.287841796875;;;;;;;;;;;;;;;
39.23370361328125;-0.20361328125;-0.028564453125;1.068115234375;;;;;;;;;;;;;;;
39.237091064453125;-0.06689453125;0.191650390625;0.89453125;;;;;;;;;;;;;;;
39.240478515625;-0.12646484375;0.179931640625;0.888427734375;;;;;;;;;;;;;;;
39.243804931640625;0.017822265625;-0.072265625;0.98095703125;;;;;;;;;;;;;;;
39.247161865234375;-0.036865234375;0.101318359375;1.197998046875;;;;;;;;;;;;;;;
39.250518798828125;-0.015625;-0.14697265625;0.994873046875;;;;;;;;;;;;;;;
39.25390625;0.2119140625;0.215576171875;1.0712890625;;;;;;;;;;;;;;;
39.257293701171875;-0.502685546875;0.04345703125;0.857421875;;;;;;;;;;;;;;;
39.2606201171875;0.088623046875;0.054443359375;1.100830078125;;;;;;;;;;;;;;;
39.263916015625;-0.057861328125;-0.00830078125;1.196533203125;;;;;;;;;;;;;;;
39.267303466796875;0.11865234375;0.116455078125;1.01220703125;;;;;;;;;;;;;;;
39.270751953125;-0.1357421875;0.3388671875;0.98291015625;;;;;;;;;;;;;;;
39.274078369140625;-0.259521484375;-0.099609375;0.7646484375;;;;;;;;;;;;;;;
39.277496337890625;0.16552734375;0.304443359375;1.241455078125;;;;;;;;;;;;;;;
39.28082275390625;-0.43701171875;-0.017578125;1.042724609375;;;;;;;;;;;;;;;
39.28424072265625;-0.2216796875;0.04296875;1.010986328125;;;;;;;;;;;;;;;
39.28759765625;-0.150634765625;-0.0126953125;0.928466796875;;;;;;;;;;;;;;;
39.290985107421875;0.052490234375;-0.016845703125;0.864501953125;;;;;;;;;;;;;;;
39.294342041015625;0.0146484375;0.22509765625;1.130126953125;;;;;;;;;;;;;;;
39.297637939453125;-0.037353515625;-0.131591796875;1.03515625;;;;;;;;;;;;;;;
39.300994873046875;-0.03125;0.3837890625;1.224609375;;;;;;;;;;;;;;;
39.304412841796875;-0.3427734375;-0.1044921875;0.890869140625;;;;;;;;;;;;;;;
39.307769775390625;-0.00537109375;0.144775390625;0.95263671875;;;;;;;;;;;;;;;
39.3111572265625;-0.099365234375;-0.06884765625;1.118896484375;;;;;;;;;;;;;;;
39.314544677734375;0.11865234375;0.035400390625;1.08544921875;;;;;;;;;;;;;;;
39.317901611328125;-0.149658203125;0.239013671875;1.1083984375;;;;;;;;;;;;;;;
39.32122802734375;-0.02734375;-0.166259765625;0.756103515625;;;;;;;;;;;;;;;
39.32464599609375;0.098388671875;0.394775390625;1.073486328125;;;;;;;;;;;;;;;
39.3280029296875;-0.41357421875;0.12890625;0.927734375;;;;;;;;;;;;;;;
39.33135986328125;0.235595703125;0.0517578125;1.134033203125;;;;;;;;;;;;;;;
39.334747314453125;-0.236572265625;-0.047119140625;1.0556640625;;;;;;;;;;;;;;;
39.338134765625;0.137451171875;-0.16064453125;0.881103515625;;;;;;;;;;;;;;;
39.341644287109375;-0.123046875;0.234619140625;0.998291015625;;;;;;;;;;;;;;;
39.344940185546875;-0.17431640625;-0.07373046875;0.87939453125;;;;;;;;;;;;;;;
39.34832763671875;0.109375;0.32373046875;1.252685546875;;;;;;;;;;;;;;;
39.35174560546875;-0.07568359375;-0.05078125;1.028564453125;;;;;;;;;;;;;;;
39.355133056640625;0.115966796875;0.190673828125;1.0009765625;;;;;;;;;;;;;;;
39.35858154296875;-0.25244140625;0.09326171875;0.80810546875;;;;;;;;;;;;;;;
39.3619384765625;0.105224609375;0.107666015625;0.963623046875;;;;;;;;;;;;;;;
39.365386962890625;0.04736328125;0.0830078125;1.170654296875;;;;;;;;;;;;;;;
39.368804931640625;0.068603515625;-0.180908203125;1.036376953125;;;;;;;;;;;;;;;
39.372161865234375;-0.18359375;0.21875;1.06494140625;;;;;;;;;;;;;;;
39.3756103515625;-0.244140625;-0.019775390625;0.851318359375;;;;;;;;;;;;;;;
39.378997802734375;0.07666015625;0.19189453125;1.15185546875;;;;;;;;;;;;;;;
39.382354736328125;-0.125;0.066650390625;1.12841796875;;;;;;;;;;;;;;;
39.385772705078125;0.05322265625;0.238037109375;1.070068359375;;;;;;;;;;;;;;;
39.38909912109375;-0.1982421875;0.171630859375;0.8955078125;;;;;;;;;;;;;;;
39.3924560546875;-0.1455078125;-0.077880859375;0.756103515625;;;;;;;;;;;;;;;
39.39581298828125;-0.00634765625;0.1689453125;1.187255859375;;;;;;;;;;;;;;;
39.399200439453125;-0.1025390625;-0.103271484375;1.074462890625;;;;;;;;;;;;;;;
39.402587890625;0.04833984375;0.189453125;1.166015625;;;;;;;;;;;;;;;
39.405975341796875;-0.249267578125;0.090576171875;0.84619140625;;;;;;;;;;;;;;;
39.40936279296875;0.04150390625;0.137451171875;0.890625;;;;;;;;;;;;;;;
39.412750244140625;-0.03125;0.21240234375;1.072021484375;;;;;;;;;;;;;;;
39.416107177734375;0.0224609375;-0.143798828125;1.05859375;;;;;;;;;;;;;;;
39.419464111328125;-0.159423828125;0.2734375;1.174560546875;;;;;;;;;;;;;;;
39.422882080078125;-0.303955078125;-0.2021484375;0.845703125;;;;;;;;;;;;;;;
39.42620849609375;0.115478515625;0.1953125;1.03515625;;;;;;;;;;;;;;;
39.4295654296875;-0.150390625;0.08740234375;0.89111328125;;;;;;;;;;;;;;;
39.432952880859375;0.138671875;0.12158203125;1.125244140625;;;;;;;;;;;;;;;
39.43634033203125;-0.231689453125;0.185302734375;1.07666015625;;;;;;;;;;;;;;;
39.439727783203125;0.018310546875;-0.167724609375;0.920166015625;;;;;;;;;;;;;;;
39.44317626953125;-0.166015625;0.24658203125;1.047119140625;;;;;;;;;;;;;;;
39.446533203125;-0.32861328125;-0.0224609375;0.8310546875;;;;;;;;;;;;;;;
39.44989013671875;0.4423828125;0.1171875;1.30029296875;;;;;;;;;;;;;;;
39.453216552734375;-0.12158203125;0.0693359375;1.005859375;;;;;;;;;;;;;;;
39.45654296875;0.220458984375;-0.031982421875;0.9716796875;;;;;;;;;;;;;;;
39.45989990234375;-0.36865234375;0.208984375;0.980224609375;;;;;;;;;;;;;;;
39.46331787109375;-0.198486328125;-0.063232421875;0.865966796875;;;;;;;;;;;;;;;
39.46673583984375;0.075927734375;0.20654296875;1.239013671875;;;;;;;;;;;;;;;
39.470123291015625;-0.182373046875;-0.165771484375;1.060791015625;;;;;;;;;;;;;;;
39.473480224609375;0.047607421875;0.22314453125;1.041259765625;;;;;;;;;;;;;;;
39.4769287109375;-0.241943359375;0.22607421875;0.82177734375;;;;;;;;;;;;;;;
39.48040771484375;0.118896484375;0.2294921875;0.969970703125;;;;;;;;;;;;;;;
39.4837646484375;-0.043701171875;-0.025390625;1.114501953125;;;;;;;;;;;;;;;
39.48712158203125;0.12255859375;-0.35595703125;1.10791015625;;;;;;;;;;;;;;;
39.490447998046875;-0.23681640625;0.200927734375;1.07470703125;;;;;;;;;;;;;;;
39.493804931640625;-0.5078125;-0.02880859375;0.774169921875;;;;;;;;;;;;;;;
39.49725341796875;0.14501953125;0.265625;1.138671875;;;;;;;;;;;;;;;
39.5006103515625;0.01806640625;0.084716796875;1.070068359375;;;;;;;;;;;;;;;
39.504058837890625;0.22021484375;0.268310546875;1.12353515625;;;;;;;;;;;;;;;
39.507415771484375;-0.311279296875;0.11279296875;0.87353515625;;;;;;;;;;;;;;;
39.51080322265625;0.119140625;-0.086669921875;0.806396484375;;;;;;;;;;;;;;;
39.51422119140625;-0.084228515625;0.13623046875;1.121826171875;;;;;;;;;;;;;;;
39.517608642578125;-0.2568359375;-0.212158203125;1.0234375;;;;;;;;;;;;;;;
39.520904541015625;0.052490234375;0.1513671875;1.194091796875;;;;;;;;;;;;;;;
39.524383544921875;-0.240478515625;0.059814453125;0.862060546875;;;;;;;;;;;;;;;
39.5277099609375;0.129150390625;0.35595703125;0.94921875;;;;;;;;;;;;;;;
39.53106689453125;-0.074462890625;0.18212890625;1.0224609375;;;;;;;;;;;;;;;
39.5345458984375;0.112548828125;-0.011474609375;1.08984375;;;;;;;;;;;;;;;
39.53790283203125;-0.09130859375;0.239501953125;1.162353515625;;;;;;;;;;;;;;;
39.541351318359375;-0.169921875;-0.26416015625;0.8857421875;;;;;;;;;;;;;;;
39.544677734375;0.038330078125;0.162841796875;1.05908203125;;;;;;;;;;;;;;;
39.548065185546875;-0.237548828125;0.080322265625;0.860107421875;;;;;;;;;;;;;;;
39.551483154296875;0.075927734375;0.2939453125;1.124755859375;;;;;;;;;;;;;;;
39.554901123046875;-0.1884765625;0.111572265625;1.044921875;;;;;;;;;;;;;;;
39.558319091796875;0.09912109375;-0.090576171875;0.990478515625;;;;;;;;;;;;;;;
39.561767578125;-0.071044921875;0.19873046875;0.993896484375;;;;;;;;;;;;;;;
39.56512451171875;-0.127197265625;-0.016357421875;0.943603515625;;;;;;;;;;;;;;;
39.56854248046875;0.007080078125;0.079345703125;1.23681640625;;;;;;;;;;;;;;;
39.571929931640625;-0.12646484375;-0.056884765625;1.0029296875;;;;;;;;;;;;;;;
39.57525634765625;0.13525390625;0.217041015625;1.035888671875;;;;;;;;;;;;;;;
39.57861328125;-0.26123046875;0.156005859375;0.790283203125;;;;;;;;;;;;;;;
39.581939697265625;-0.024658203125;0.13232421875;0.9716796875;;;;;;;;;;;;;;;
39.5853271484375;-0.08349609375;0.219482421875;1.17236328125;;;;;;;;;;;;;;;
39.588775634765625;0.001708984375;-0.18310546875;1.0517578125;;;;;;;;;;;;;;;
39.592132568359375;-0.010498046875;0.155517578125;1.09033203125;;;;;;;;;;;;;;;
39.595611572265625;-0.11083984375;0.12060546875;0.827880859375;;;;;;;;;;;;;;;
39.599029541015625;-0.053466796875;0.392333984375;0.97119140625;;;;;;;;;;;;;;;
39.602447509765625;0.06103515625;-0.052734375;1.072998046875;;;;;;;;;;;;;;;
39.60589599609375;-0.033935546875;-0.175048828125;1.162353515625;;;;;;;;;;;;;;;
39.609344482421875;-0.271728515625;0.139892578125;1.04931640625;;;;;;;;;;;;;;;
39.61273193359375;-0.191162109375;-0.028564453125;0.8173828125;;;;;;;;;;;;;;;
39.61614990234375;-0.02099609375;0.30615234375;1.1015625;;;;;;;;;;;;;;;
39.619476318359375;0.003662109375;-0.06005859375;1.0576171875;;;;;;;;;;;;;;;
39.622894287109375;0.0458984375;0.297607421875;1.16015625;;;;;;;;;;;;;;;
39.626251220703125;-0.19140625;0.111083984375;0.854248046875;;;;;;;;;;;;;;;
39.629608154296875;0.04638671875;0.059326171875;0.845947265625;;;;;;;;;;;;;;;
39.633056640625;-0.108154296875;0.090087890625;1.051513671875;;;;;;;;;;;;;;;
39.636444091796875;-0.031982421875;-0.186279296875;1.060302734375;;;;;;;;;;;;;;;
39.6397705078125;-0.03271484375;0.220947265625;1.258544921875;;;;;;;;;;;;;;;
39.643157958984375;-0.1533203125;-0.092529296875;0.882568359375;;;;;;;;;;;;;;;
39.64654541015625;0.048828125;0.427978515625;0.98291015625;;;;;;;;;;;;;;;
39.649871826171875;-0.19677734375;0.10888671875;0.90283203125;;;;;;;;;;;;;;;
39.653350830078125;0.116455078125;0.080322265625;1.100341796875;;;;;;;;;;;;;;;
39.65673828125;-0.088134765625;0.092041015625;1.12646484375;;;;;;;;;;;;;;;
39.660186767578125;0.052978515625;-0.14501953125;0.88916015625;;;;;;;;;;;;;;;
39.663543701171875;-0.010009765625;0.23681640625;1.033447265625;;;;;;;;;;;;;;;
39.666900634765625;-0.146728515625;0.134033203125;0.869140625;;;;;;;;;;;;;;;
39.6702880859375;0.1416015625;0.326416015625;1.17431640625;;;;;;;;;;;;;;;
39.6737060546875;-0.22607421875;-0.110595703125;0.966796875;;;;;;;;;;;;;;;
39.6771240234375;0.16845703125;-0.0390625;1.05810546875;;;;;;;;;;;;;;;
39.680511474609375;-0.168701171875;0.04296875;0.9345703125;;;;;;;;;;;;;;;
39.683868408203125;0.005126953125;0.171142578125;0.895263671875;;;;;;;;;;;;;;;
39.687225341796875;0.120361328125;0.1318359375;1.243896484375;;;;;;;;;;;;;;;
39.690582275390625;-0.05859375;-0.020751953125;1.029296875;;;;;;;;;;;;;;;
39.69390869140625;0.041748046875;0.16259765625;1.105224609375;;;;;;;;;;;;;;;
39.697357177734375;-0.322265625;0.098876953125;0.72802734375;;;;;;;;;;;;;;;
39.700714111328125;0.06396484375;0.23046875;0.920654296875;;;;;;;;;;;;;;;
39.704071044921875;0.005859375;0.0947265625;1.108642578125;;;;;;;;;;;;;;;
39.70745849609375;0.072509765625;-0.0908203125;1.12939453125;;;;;;;;;;;;;;;
39.710845947265625;0.034423828125;0.1376953125;1.1142578125;;;;;;;;;;;;;;;
39.71417236328125;-0.20703125;0.140380859375;0.7939453125;;;;;;;;;;;;;;;
39.71746826171875;-0.02734375;0.32177734375;1.054443359375;;;;;;;;;;;;;;;
39.720794677734375;-0.205810546875;-0.1298828125;0.97119140625;;;;;;;;;;;;;;;
39.724212646484375;0.19873046875;-0.11181640625;1.18505859375;;;;;;;;;;;;;;;
39.72760009765625;-0.232177734375;0.133544921875;1.00537109375;;;;;;;;;;;;;;;
39.730987548828125;-0.03759765625;0.132080078125;0.78466796875;;;;;;;;;;;;;;;
39.734405517578125;0.248291015625;0.29052734375;1.142333984375;;;;;;;;;;;;;;;
39.73779296875;-0.181396484375;-0.0732421875;0.9931640625;;;;;;;;;;;;;;;
39.7412109375;0.13818359375;0.131591796875;1.256103515625;;;;;;;;;;;;;;;
39.74462890625;-0.36572265625;-0.02685546875;0.82275390625;;;;;;;;;;;;;;;
39.74798583984375;0.1865234375;0.2578125;0.859375;;;;;;;;;;;;;;;
39.75140380859375;-0.14404296875;0.125;0.960205078125;;;;;;;;;;;;;;;
39.7547607421875;0.101318359375;-0.09521484375;1.056884765625;;;;;;;;;;;;;;;
39.7581787109375;0.23291015625;0.155517578125;1.26953125;;;;;;;;;;;;;;;
39.7615966796875;-0.111572265625;-0.07373046875;0.885498046875;;;;;;;;;;;;;;;
39.764923095703125;0.019775390625;0.383056640625;1.024658203125;;;;;;;;;;;;;;;
39.76837158203125;-0.20458984375;0.036376953125;0.834228515625;;;;;;;;;;;;;;;
39.771820068359375;0.2041015625;0.24560546875;1.13330078125;;;;;;;;;;;;;;;
39.775238037109375;-0.15771484375;0.01220703125;1.066162109375;;;;;;;;;;;;;;;
39.77862548828125;0.11474609375;0.002685546875;0.94677734375;;;;;;;;;;;;;;;
39.781982421875;-0.048583984375;0.186767578125;1.010498046875;;;;;;;;;;;;;;;
39.78533935546875;-0.1796875;0.19287109375;0.8447265625;;;;;;;;;;;;;;;
39.788726806640625;0.01904296875;0.177734375;1.195068359375;;;;;;;;;;;;;;;
39.792083740234375;-0.17578125;-0.22119140625;0.94677734375;;;;;;;;;;;;;;;
39.795379638671875;0.182373046875;0.10302734375;1.112548828125;;;;;;;;;;;;;;;
39.798919677734375;-0.322998046875;0.009521484375;0.86767578125;;;;;;;;;;;;;;;
39.8023681640625;0.038818359375;0.266845703125;0.92333984375;;;;;;;;;;;;;;;
39.8057861328125;0.13916015625;0.111572265625;1.189208984375;;;;;;;;;;;;;;;
39.80914306640625;0.02880859375;-0.035400390625;1.063232421875;;;;;;;;;;;;;;;
39.812469482421875;-0.062255859375;0.109130859375;1.12939453125;;;;;;;;;;;;;;;
39.81585693359375;-0.294677734375;0.0244140625;0.75634765625;;;;;;;;;;;;;;;
39.819183349609375;0.070556640625;0.33203125;0.97802734375;;;;;;;;;;;;;;;
39.82257080078125;-0.085693359375;-0.034423828125;1.031494140625;;;;;;;;;;;;;;;
39.826019287109375;0.080810546875;-0.091552734375;1.226318359375;;;;;;;;;;;;;;;
39.829315185546875;-0.179931640625;0.12451171875;1.08349609375;;;;;;;;;;;;;;;
39.832763671875;-0.166015625;0.01171875;0.82568359375;;;;;;;;;;;;;;;
39.836181640625;-0.1474609375;0.38916015625;1.015869140625;;;;;;;;;;;;;;;
39.839599609375;-0.1728515625;-0.22705078125;0.991455078125;;;;;;;;;;;;;;;
39.842926025390625;-0.009033203125;0.09619140625;1.18896484375;;;;;;;;;;;;;;;
39.846343994140625;-0.17529296875;0.00439453125;0.908935546875;;;;;;;;;;;;;;;
39.8497314453125;0.017333984375;0.1494140625;0.87060546875;;;;;;;;;;;;;;;
39.8531494140625;-0.072509765625;0.21826171875;0.995849609375;;;;;;;;;;;;;;;
39.856536865234375;-0.05712890625;-0.11474609375;1.060302734375;;;;;;;;;;;;;;;
39.859893798828125;-0.078857421875;0.13671875;1.215087890625;;;;;;;;;;;;;;;
39.86328125;-0.183837890625;-0.0068359375;0.92919921875;;;;;;;;;;;;;;;
39.866668701171875;-0.066650390625;0.259521484375;0.960205078125;;;;;;;;;;;;;;;
39.870086669921875;-0.18505859375;0.104248046875;0.88818359375;;;;;;;;;;;;;;;
39.873504638671875;0.147216796875;-0.048583984375;1.135986328125;;;;;;;;;;;;;;;
39.876953125;-0.0224609375;0.146240234375;1.246826171875;;;;;;;;;;;;;;;
39.88037109375;-0.02978515625;-0.1123046875;0.9638671875;;;;;;;;;;;;;;;
39.88372802734375;-0.1337890625;0.367919921875;1.009521484375;;;;;;;;;;;;;;;
39.887115478515625;-0.09765625;-0.109375;0.7978515625;;;;;;;;;;;;;;;
39.8905029296875;0.117919921875;0.31884765625;1.15234375;;;;;;;;;;;;;;;
39.893890380859375;-0.094970703125;0.019775390625;1.04345703125;;;;;;;;;;;;;;;
39.897308349609375;0.028076171875;0.15478515625;1.00439453125;;;;;;;;;;;;;;;
39.900665283203125;-0.073974609375;0.095458984375;1.009033203125;;;;;;;;;;;;;;;
39.904144287109375;-0.17578125;0.017578125;0.859130859375;;;;;;;;;;;;;;;
39.90753173828125;-0.043212890625;0.16748046875;1.176025390625;;;;;;;;;;;;;;;
39.910888671875;-0.0498046875;-0.332763671875;0.98828125;;;;;;;;;;;;;;;
39.914215087890625;0.047119140625;0.291259765625;1.159912109375;;;;;;;;;;;;;;;
39.91766357421875;-0.220458984375;-0.0439453125;0.821533203125;;;;;;;;;;;;;;;
39.92108154296875;0.230224609375;0.373291015625;0.99560546875;;;;;;;;;;;;;;;
39.924468994140625;-0.091552734375;0.0888671875;1.149169921875;;;;;;;;;;;;;;;
39.927825927734375;-0.14794921875;-0.063720703125;1.06689453125;;;;;;;;;;;;;;;
39.931182861328125;-0.153076171875;0.033203125;1.136474609375;;;;;;;;;;;;;;;
39.9345703125;-0.093994140625;-0.0615234375;0.77392578125;;;;;;;;;;;;;;;
39.937957763671875;-0.031494140625;0.432861328125;0.989501953125;;;;;;;;;;;;;;;
39.9412841796875;-0.0859375;-0.168701171875;0.99267578125;;;;;;;;;;;;;;;
39.944793701171875;0.074951171875;0.05029296875;1.25244140625;;;;;;;;;;;;;;;
39.94818115234375;-0.124267578125;0.01513671875;1.111328125;;;;;;;;;;;;;;;
39.951629638671875;-0.160400390625;0.079833984375;0.842529296875;;;;;;;;;;;;;;;
39.95501708984375;-0.0703125;0.208251953125;0.986328125;;;;;;;;;;;;;;;
39.9583740234375;0.044189453125;-0.162353515625;0.93017578125;;;;;;;;;;;;;;;
39.961700439453125;0.0625;0.247314453125;1.228515625;;;;;;;;;;;;;;;
39.965118408203125;-0.134033203125;-0.01806640625;0.915771484375;;;;;;;;;;;;;;;
39.968505859375;0.225341796875;0.21923828125;0.931640625;;;;;;;;;;;;;;;
39.971832275390625;0.00244140625;0.092529296875;0.993408203125;;;;;;;;;;;;;;;
39.975189208984375;-0.13720703125;-0.012939453125;1.041259765625;;;;;;;;;;;;;;;
39.978607177734375;-0.0478515625;-0.044677734375;1.2685546875;;;;;;;;;;;;;;;
39.98199462890625;-0.182373046875;-0.19091796875;0.918701171875;;;;;;;;;;;;;;;
39.985382080078125;0.005859375;0.33544921875;0.99072265625;;;;;;;;;;;;;;;
39.988800048828125;-0.24951171875;-0.03125;0.790283203125;;;;;;;;;;;;;;;
39.9921875;0.350830078125;0.398681640625;1.1943359375;;;;;;;;;;;;;;;
39.995574951171875;-0.10107421875;0.112060546875;1.1806640625;;;;;;;;;;;;;;;
39.999053955078125;-0.15234375;0.02587890625;0.9736328125;;;;;;;;;;;;;;;
40.00244140625;-0.189208984375;0.159423828125;1.01513671875;;;;;;;;;;;;;;;
40.00579833984375;-0.109130859375;-0.134033203125;0.80810546875;;;;;;;;;;;;;;;
40.00921630859375;0.089599609375;0.240234375;1.1416015625;;;;;;;;;;;;;;;
40.012603759765625;-0.118896484375;-0.056396484375;0.9990234375;;;;;;;;;;;;;;;
40.015960693359375;0.14208984375;0.3046875;1.2197265625;;;;;;;;;;;;;;;
40.01934814453125;-0.0068359375;0.093994140625;0.985595703125;;;;;;;;;;;;;;;
40.022674560546875;-0.105712890625;0.151123046875;0.885009765625;;;;;;;;;;;;;;;
40.0260009765625;-0.112060546875;-0.01806640625;1.184326171875;;;;;;;;;;;;;;;
40.029327392578125;0.025390625;-0.265869140625;1.028564453125;;;;;;;;;;;;;;;
40.03271484375;-0.1123046875;0.339111328125;1.147705078125;;;;;;;;;;;;;;;
40.036102294921875;-0.102783203125;-0.09521484375;0.763427734375;;;;;;;;;;;;;;;
40.039520263671875;0.265869140625;0.45703125;1.05224609375;;;;;;;;;;;;;;;
40.04296875;-0.29296875;0.158203125;1.052978515625;;;;;;;;;;;;;;;
40.04632568359375;-0.028076171875;0.0078125;1.067626953125;;;;;;;;;;;;;;;
40.049713134765625;-0.22509765625;-0.0107421875;1.13232421875;;;;;;;;;;;;;;;
40.05316162109375;-0.060302734375;-0.192626953125;0.810791015625;;;;;;;;;;;;;;;
40.056488037109375;-0.07421875;0.3740234375;0.989013671875;;;;;;;;;;;;;;;
40.05987548828125;-0.185791015625;-0.22119140625;0.93359375;;;;;;;;;;;;;;;
40.063232421875;0.232666015625;0.201171875;1.267333984375;;;;;;;;;;;;;;;
40.066558837890625;-0.116455078125;0.070068359375;1.116455078125;;;;;;;;;;;;;;;
40.07000732421875;-0.049072265625;0.191162109375;0.878662109375;;;;;;;;;;;;;;;
40.073455810546875;-0.153076171875;0.181884765625;0.935546875;;;;;;;;;;;;;;;
40.076812744140625;-0.00732421875;-0.204345703125;0.934814453125;;;;;;;;;;;;;;;
40.080230712890625;-0.012939453125;0.14404296875;1.19287109375;;;;;;;;;;;;;;;
40.083587646484375;-0.078369140625;-0.19482421875;0.970947265625;;;;;;;;;;;;;;;
40.087005615234375;0.00048828125;0.3671875;0.971923828125;;;;;;;;;;;;;;;
40.0904541015625;-0.163330078125;0.114501953125;0.915283203125;;;;;;;;;;;;;;;
40.093841552734375;0.046630859375;0.150634765625;1.072998046875;;;;;;;;;;;;;;;
40.09722900390625;-0.116943359375;-0.030517578125;1.211669921875;;;;;;;;;;;;;;;
40.100555419921875;0.00732421875;-0.095703125;0.99365234375;;;;;;;;;;;;;;;
40.103912353515625;-0.11572265625;0.240478515625;0.954833984375;;;;;;;;;;;;;;;
40.107269287109375;-0.233154296875;-0.1123046875;0.7333984375;;;;;;;;;;;;;;;
40.110687255859375;0.171630859375;0.388916015625;1.1953125;;;;;;;;;;;;;;;
40.11407470703125;-0.134765625;0.11328125;1.093994140625;;;;;;;;;;;;;;;
40.11749267578125;0.010009765625;0.135009765625;1.06591796875;;;;;;;;;;;;;;;
40.12078857421875;-0.278076171875;-0.045654296875;0.929931640625;;;;;;;;;;;;;;;
40.12420654296875;0.04931640625;-0.161865234375;0.8193359375;;;;;;;;;;;;;;;
40.127593994140625;0.503173828125;0.22998046875;1.111328125;;;;;;;;;;;;;;;
40.131011962890625;0.0029296875;-0.094482421875;0.997314453125;;;;;;;;;;;;;;;
40.1343994140625;-0.04833984375;0.36328125;1.244873046875;;;;;;;;;;;;;;;
40.137725830078125;-0.286865234375;0.00244140625;0.900390625;;;;;;;;;;;;;;;
40.141021728515625;-0.017333984375;0.102783203125;0.942138671875;;;;;;;;;;;;;;;
40.14447021484375;-0.11328125;-0.035888671875;0.93115234375;;;;;;;;;;;;;;;
40.147796630859375;0.114990234375;-0.109375;1.103759765625;;;;;;;;;;;;;;;
40.151123046875;-0.140625;0.292236328125;1.107421875;;;;;;;;;;;;;;;
40.154541015625;-0.0478515625;-0.042236328125;0.829833984375;;;;;;;;;;;;;;;
40.15789794921875;0.077392578125;0.3623046875;1.09423828125;;;;;;;;;;;;;;;
40.16131591796875;-0.384521484375;0.10693359375;0.9208984375;;;;;;;;;;;;;;;
40.1646728515625;0.27197265625;-0.08349609375;1.151611328125;;;;;;;;;;;;;;;
40.167999267578125;-0.33544921875;0.02685546875;1.060546875;;;;;;;;;;;;;;;
40.17138671875;0.1396484375;-0.27783203125;0.87109375;;;;;;;;;;;;;;;
40.174835205078125;0.0556640625;0.361083984375;0.957763671875;;;;;;;;;;;;;;;
40.17822265625;-0.145751953125;-0.04248046875;0.87744140625;;;;;;;;;;;;;;;
40.18170166015625;0.10791015625;0.334228515625;1.294677734375;;;;;;;;;;;;;;;
40.185211181640625;-0.3076171875;-0.08642578125;1.063232421875;;;;;;;;;;;;;;;
40.1885986328125;0.05126953125;0.049560546875;0.9580078125;;;;;;;;;;;;;;;
40.191986083984375;-0.27099609375;0.102294921875;0.840087890625;;;;;;;;;;;;;;;
40.1954345703125;0.109375;-0.05029296875;0.963134765625;;;;;;;;;;;;;;;
40.1988525390625;-0.0830078125;0.19091796875;1.15966796875;;;;;;;;;;;;;;;
40.202362060546875;0.007080078125;-0.0732421875;1.02197265625;;;;;;;;;;;;;;;
40.205718994140625;-0.161376953125;0.281982421875;1.10888671875;;;;;;;;;;;;;;;
40.20916748046875;-0.540771484375;-0.0712890625;0.763427734375;;;;;;;;;;;;;;;
40.212860107421875;0.4501953125;0.046142578125;1.142578125;;;;;;;;;;;;;;;
40.21630859375;-0.149658203125;0.0341796875;1.137939453125;;;;;;;;;;;;;;;
40.219635009765625;0.16015625;0.1376953125;1.0693359375;;;;;;;;;;;;;;;
40.22296142578125;0.253173828125;0.213623046875;0.931640625;;;;;;;;;;;;;;;
40.226318359375;0.011474609375;-0.076171875;0.748291015625;;;;;;;;;;;;;;;
40.229736328125;0.07861328125;0.1923828125;1.187255859375;;;;;;;;;;;;;;;
40.233062744140625;-0.362060546875;0.024169921875;0.998046875;;;;;;;;;;;;;;;
40.2364501953125;-0.046630859375;0.091552734375;1.0986328125;;;;;;;;;;;;;;;
40.2398681640625;-0.248046875;0.1220703125;0.894287109375;;;;;;;;;;;;;;;
40.24322509765625;0.15283203125;0.01171875;0.88134765625;;;;;;;;;;;;;;;
40.246612548828125;-0.052734375;0.140380859375;1.07080078125;;;;;;;;;;;;;;;
40.24993896484375;-0.000244140625;-0.26513671875;1.061767578125;;;;;;;;;;;;;;;
40.2532958984375;-0.150390625;0.222900390625;1.20849609375;;;;;;;;;;;;;;;
40.25665283203125;-0.45263671875;-0.021240234375;0.8828125;;;;;;;;;;;;;;;
40.259979248046875;0.069091796875;0.212158203125;0.967529296875;;;;;;;;;;;;;;;
40.263427734375;-0.11181640625;0.177978515625;0.91064453125;;;;;;;;;;;;;;;
40.266815185546875;0.11865234375;-0.003662109375;1.10791015625;;;;;;;;;;;;;;;
40.2701416015625;-0.1611328125;0.2734375;1.11279296875;;;;;;;;;;;;;;;
40.2735595703125;0.05126953125;-0.281982421875;0.9033203125;;;;;;;;;;;;;;;
40.27691650390625;0.065185546875;0.2734375;1.07763671875;;;;;;;;;;;;;;;
40.280303955078125;-0.55810546875;0.04931640625;0.861572265625;;;;;;;;;;;;;;;
40.283660888671875;0.457763671875;0.031982421875;1.2822265625;;;;;;;;;;;;;;;
40.287109375;-0.156005859375;0.06298828125;1.068603515625;;;;;;;;;;;;;;;
40.29052734375;0.183349609375;-0.10498046875;0.933349609375;;;;;;;;;;;;;;;
40.2939453125;-0.13525390625;0.2587890625;0.84521484375;;;;;;;;;;;;;;;
40.29742431640625;-0.212646484375;-0.046630859375;0.852294921875;;;;;;;;;;;;;;;
40.300750732421875;0.20947265625;0.333251953125;1.275146484375;;;;;;;;;;;;;;;
40.304229736328125;-0.228271484375;-0.140380859375;1.08935546875;;;;;;;;;;;;;;;
40.3076171875;0.113525390625;0.011962890625;1.001708984375;;;;;;;;;;;;;;;
40.310943603515625;-0.2158203125;0.01904296875;0.831298828125;;;;;;;;;;;;;;;
40.31427001953125;0.057861328125;0.182373046875;0.94287109375;;;;;;;;;;;;;;;
40.317626953125;0.009033203125;0.138916015625;1.14697265625;;;;;;;;;;;;;;;
40.321014404296875;0.042236328125;-0.16748046875;1.078369140625;;;;;;;;;;;;;;;
40.324371337890625;-0.190673828125;0.287841796875;1.0986328125;;;;;;;;;;;;;;;
40.327789306640625;-0.547607421875;-0.177001953125;0.781005859375;;;;;;;;;;;;;;;
40.331146240234375;0.300048828125;0.092529296875;1.13525390625;;;;;;;;;;;;;;;
40.334564208984375;0.00634765625;-0.059326171875;1.11279296875;;;;;;;;;;;;;;;
40.33795166015625;0.238525390625;0.32177734375;1.0849609375;;;;;;;;;;;;;;;
40.341278076171875;-0.16552734375;0.17822265625;0.9296875;;;;;;;;;;;;;;;
40.344635009765625;-0.028564453125;0.01123046875;0.7724609375;;;;;;;;;;;;;;;
40.34796142578125;-0.02783203125;0.14892578125;1.12939453125;;;;;;;;;;;;;;;
40.35125732421875;-0.22998046875;-0.04296875;1.023681640625;;;;;;;;;;;;;;;
40.354644775390625;0.180908203125;0.02099609375;1.186279296875;;;;;;;;;;;;;;;
40.35797119140625;-0.234130859375;0.03271484375;0.850341796875;;;;;;;;;;;;;;;
40.361419677734375;0.203857421875;0.206298828125;0.912353515625;;;;;;;;;;;;;;;
40.364898681640625;-0.145751953125;0.207763671875;1.04736328125;;;;;;;;;;;;;;;
40.368255615234375;0.027587890625;-0.078125;1.070068359375;;;;;;;;;;;;;;;
40.3717041015625;-0.105224609375;0.235107421875;1.1865234375;;;;;;;;;;;;;;;
40.3751220703125;-0.12109375;-0.138427734375;0.89208984375;;;;;;;;;;;;;;;
40.378509521484375;0.109130859375;0.16064453125;1.03466796875;;;;;;;;;;;;;;;
40.3819580078125;-0.18017578125;0.1611328125;0.85888671875;;;;;;;;;;;;;;;
40.385284423828125;0.142578125;0.162841796875;1.093505859375;;;;;;;;;;;;;;;
40.38873291015625;-0.054443359375;0.083251953125;1.06591796875;;;;;;;;;;;;;;;
40.392242431640625;0.078857421875;-0.189453125;0.985595703125;;;;;;;;;;;;;;;
40.39569091796875;-0.1591796875;0.14306640625;1.037841796875;;;;;;;;;;;;;;;
40.39910888671875;-0.2783203125;-0.010009765625;0.89892578125;;;;;;;;;;;;;;;
40.402435302734375;0.219970703125;0.1171875;1.27392578125;;;;;;;;;;;;;;;
40.40582275390625;-0.26708984375;0.091552734375;1.0107421875;;;;;;;;;;;;;;;
40.409210205078125;0.1708984375;0.271484375;1.002197265625;;;;;;;;;;;;;;;
40.4127197265625;-0.259521484375;0.26318359375;0.774658203125;;;;;;;;;;;;;;;
40.416046142578125;-0.029052734375;-0.027099609375;0.82958984375;;;;;;;;;;;;;;;
40.41949462890625;0.253662109375;-0.0244140625;1.26220703125;;;;;;;;;;;;;;;
40.4229736328125;-0.279052734375;-0.19482421875;1.052001953125;;;;;;;;;;;;;;;
40.426361083984375;0.058349609375;0.157470703125;1.056640625;;;;;;;;;;;;;;;
40.4298095703125;-0.34765625;0.06005859375;0.782470703125;;;;;;;;;;;;;;;
40.433197021484375;0.14453125;0.2998046875;1.003173828125;;;;;;;;;;;;;;;
40.436614990234375;-0.10302734375;0.085205078125;1.086669921875;;;;;;;;;;;;;;;
40.43994140625;0.083740234375;-0.212890625;1.123779296875;;;;;;;;;;;;;;;
40.443267822265625;-0.163818359375;0.17138671875;0.9931640625;;;;;;;;;;;;;;;
40.4466552734375;-0.307861328125;-0.1181640625;0.7802734375;;;;;;;;;;;;;;;
40.449951171875;0.304443359375;0.160888671875;1.131591796875;;;;;;;;;;;;;;;
40.453277587890625;-0.05078125;0.058837890625;1.002197265625;;;;;;;;;;;;;;;
40.456695556640625;0.209716796875;0.251708984375;1.18359375;;;;;;;;;;;;;;;
40.4600830078125;-0.428955078125;0.198974609375;0.871337890625;;;;;;;;;;;;;;;
40.46343994140625;0.175537109375;-0.042724609375;0.874755859375;;;;;;;;;;;;;;;
40.466827392578125;-0.005615234375;0.10791015625;1.093994140625;;;;;;;;;;;;;;;
40.47021484375;-0.0673828125;-0.171630859375;0.9501953125;;;;;;;;;;;;;;;
40.47369384765625;0.43212890625;0.14892578125;1.213623046875;;;;;;;;;;;;;;;
40.477020263671875;-0.1630859375;-0.007080078125;0.86181640625;;;;;;;;;;;;;;;
40.48040771484375;0.15625;0.279541015625;0.95361328125;;;;;;;;;;;;;;;
40.483795166015625;-0.27099609375;0.11767578125;0.97705078125;;;;;;;;;;;;;;;
40.487152099609375;0.031005859375;0.049560546875;1.05908203125;;;;;;;;;;;;;;;
40.49053955078125;0.00390625;0.1572265625;1.182861328125;;;;;;;;;;;;;;;
40.493927001953125;-0.01611328125;-0.134033203125;0.853271484375;;;;;;;;;;;;;;;
40.49725341796875;0.26904296875;0.189697265625;1.069091796875;;;;;;;;;;;;;;;
40.500640869140625;-0.177001953125;0.2431640625;0.843017578125;;;;;;;;;;;;;;;
40.5040283203125;0.076171875;0.2138671875;1.13671875;;;;;;;;;;;;;;;
40.5074462890625;-0.2021484375;-0.028076171875;1.033203125;;;;;;;;;;;;;;;
40.51080322265625;0.125244140625;-0.150390625;1.013916015625;;;;;;;;;;;;;;;
40.5142822265625;-0.25537109375;0.11767578125;0.9970703125;;;;;;;;;;;;;;;
40.517730712890625;-0.275390625;0.080078125;0.818359375;;;;;;;;;;;;;;;
40.5211181640625;0.46435546875;0.064697265625;1.31396484375;;;;;;;;;;;;;;;
40.52447509765625;-0.084716796875;0.101806640625;0.995361328125;;;;;;;;;;;;;;;
40.52783203125;0.288818359375;0.30517578125;1.0888671875;;;;;;;;;;;;;;;
40.531158447265625;0.0087890625;0.180419921875;0.740234375;;;;;;;;;;;;;;;
40.5345458984375;0.125244140625;0.106201171875;0.875732421875;;;;;;;;;;;;;;;
40.537933349609375;0.118896484375;-0.064453125;1.1826171875;;;;;;;;;;;;;;;
40.541290283203125;-0.1640625;-0.2666015625;1.09814453125;;;;;;;;;;;;;;;
40.544708251953125;-0.0791015625;0.1083984375;1.122314453125;;;;;;;;;;;;;;;
40.548095703125;-0.260498046875;0.092041015625;0.79931640625;;;;;;;;;;;;;;;
40.551483154296875;0.028076171875;0.4736328125;1.025390625;;;;;;;;;;;;;;;
40.554840087890625;-0.11279296875;0.0263671875;1.04638671875;;;;;;;;;;;;;;;
40.5582275390625;0.107666015625;0.140625;1.180908203125;;;;;;;;;;;;;;;
40.5616455078125;-0.25732421875;0.054443359375;0.987548828125;;;;;;;;;;;;;;;
40.565093994140625;0.032958984375;-0.15869140625;0.817626953125;;;;;;;;;;;;;;;
40.5684814453125;0.060791015625;0.2509765625;1.107177734375;;;;;;;;;;;;;;;
40.571868896484375;-0.07763671875;0.033203125;0.999267578125;;;;;;;;;;;;;;;
40.575286865234375;0.142333984375;0.3486328125;1.180908203125;;;;;;;;;;;;;;;
40.57861328125;-0.264892578125;-0.13232421875;0.90673828125;;;;;;;;;;;;;;;
40.58209228515625;0.011962890625;0.101806640625;0.9013671875;;;;;;;;;;;;;;;
40.58551025390625;-0.09228515625;0.062255859375;1.0126953125;;;;;;;;;;;;;;;
40.588836669921875;-0.005615234375;0.00537109375;1.0703125;;;;;;;;;;;;;;;
40.59228515625;-0.063232421875;0.053466796875;1.24755859375;;;;;;;;;;;;;;;
40.595733642578125;-0.17578125;-0.089111328125;0.87890625;;;;;;;;;;;;;;;
40.599090576171875;0.044189453125;0.2626953125;1.0224609375;;;;;;;;;;;;;;;
40.6025390625;-0.389892578125;0.13330078125;0.803466796875;;;;;;;;;;;;;;;
40.60595703125;-0.0419921875;0.169921875;1.092529296875;;;;;;;;;;;;;;;
40.609405517578125;-0.11083984375;0.147216796875;1.1201171875;;;;;;;;;;;;;;;
40.61279296875;0.07177734375;-0.1572265625;1.03173828125;;;;;;;;;;;;;;;
40.61614990234375;0.00830078125;0.126708984375;1.025146484375;;;;;;;;;;;;;;;
40.619537353515625;-0.109130859375;0.08837890625;0.879150390625;;;;;;;;;;;;;;;
40.6229248046875;-0.0712890625;0.322265625;1.1640625;;;;;;;;;;;;;;;
40.626251220703125;-0.06494140625;-0.1015625;1.02880859375;;;;;;;;;;;;;;;
40.629608154296875;-0.00244140625;-0.06787109375;1.08740234375;;;;;;;;;;;;;;;
40.633056640625;-0.27685546875;0.033203125;0.8056640625;;;;;;;;;;;;;;;
40.636505126953125;0.00048828125;0.15478515625;0.876708984375;;;;;;;;;;;;;;;
40.639984130859375;0.10205078125;0.183837890625;1.240966796875;;;;;;;;;;;;;;;
40.64337158203125;-0.05517578125;-0.0654296875;1.078125;;;;;;;;;;;;;;;
40.646820068359375;0.176513671875;0.245361328125;1.15234375;;;;;;;;;;;;;;;
40.65020751953125;-0.35107421875;0.12158203125;0.752197265625;;;;;;;;;;;;;;;
40.653594970703125;-0.041015625;0.193603515625;0.919189453125;;;;;;;;;;;;;;;
40.65704345703125;-0.036376953125;-0.0654296875;1.1728515625;;;;;;;;;;;;;;;
40.660430908203125;-0.092041015625;-0.1767578125;1.072265625;;;;;;;;;;;;;;;
40.663848876953125;0.031005859375;0.20849609375;1.13134765625;;;;;;;;;;;;;;;
40.667266845703125;-0.16943359375;-0.02783203125;0.821533203125;;;;;;;;;;;;;;;
40.67059326171875;0.012939453125;0.524169921875;1.03271484375;;;;;;;;;;;;;;;
40.673980712890625;-0.08984375;-0.129150390625;0.998779296875;;;;;;;;;;;;;;;
40.677337646484375;0.112548828125;0.162109375;1.188232421875;;;;;;;;;;;;;;;
40.680694580078125;-0.1689453125;-0.076171875;0.9755859375;;;;;;;;;;;;;;;
40.68408203125;0.1318359375;0.068115234375;0.780517578125;;;;;;;;;;;;;;;
40.687469482421875;0.17529296875;0.297119140625;1.12646484375;;;;;;;;;;;;;;;
40.69091796875;-0.24072265625;0.068603515625;1.015625;;;;;;;;;;;;;;;
40.69427490234375;-0.123779296875;0.2265625;1.2392578125;;;;;;;;;;;;;;;
40.697601318359375;-0.351318359375;-0.306640625;0.846923828125;;;;;;;;;;;;;;;
40.701019287109375;0.292236328125;0.18017578125;0.985595703125;;;;;;;;;;;;;;;
40.704376220703125;-0.31591796875;0.050537109375;1.001708984375;;;;;;;;;;;;;;;
40.707733154296875;-0.052978515625;0.262939453125;1.018798828125;;;;;;;;;;;;;;;
40.711151123046875;0.120849609375;0.08251953125;1.271240234375;;;;;;;;;;;;;;;
40.71453857421875;-0.172119140625;-0.10009765625;0.9052734375;;;;;;;;;;;;;;;
40.717926025390625;0.003662109375;0.134765625;1.00146484375;;;;;;;;;;;;;;;
40.721282958984375;-0.229248046875;0.0751953125;0.77978515625;;;;;;;;;;;;;;;
40.724609375;0.125244140625;0.31591796875;1.09619140625;;;;;;;;;;;;;;;
40.727996826171875;0.005126953125;0.029052734375;1.094970703125;;;;;;;;;;;;;;;
40.731414794921875;0.13525390625;0.017333984375;1.12744140625;;;;;;;;;;;;;;;
40.734771728515625;-0.19921875;0.08154296875;1.03515625;;;;;;;;;;;;;;;
40.73822021484375;-0.206787109375;0.033203125;0.829345703125;;;;;;;;;;;;;;;
40.741607666015625;-0.061767578125;0.15234375;1.1513671875;;;;;;;;;;;;;;;
40.7449951171875;-0.251953125;-0.16943359375;0.9638671875;;;;;;;;;;;;;;;
40.748382568359375;0.146484375;0.359619140625;1.11328125;;;;;;;;;;;;;;;
40.751708984375;-0.253662109375;0.09521484375;0.778076171875;;;;;;;;;;;;;;;
40.75518798828125;0.10546875;0.284423828125;0.8857421875;;;;;;;;;;;;;;;
40.758636474609375;0.23095703125;0.126708984375;1.2314453125;;;;;;;;;;;;;;;
40.761962890625;-0.166748046875;-0.039794921875;1.051025390625;;;;;;;;;;;;;;;
40.765380859375;-0.02490234375;0.091064453125;1.16650390625;;;;;;;;;;;;;;;
40.768798828125;-0.305419921875;-0.284912109375;0.746337890625;;;;;;;;;;;;;;;
40.7720947265625;0.06689453125;0.306884765625;0.9794921875;;;;;;;;;;;;;;;
40.7755126953125;-0.059814453125;-0.0029296875;1.0556640625;;;;;;;;;;;;;;;
40.77880859375;0.08349609375;-0.0576171875;1.18505859375;;;;;;;;;;;;;;;
40.782135009765625;-0.063720703125;0.22119140625;1.116943359375;;;;;;;;;;;;;;;
40.78558349609375;-0.175537109375;0.022705078125;0.79931640625;;;;;;;;;;;;;;;
40.78900146484375;-0.070556640625;0.418701171875;1.014892578125;;;;;;;;;;;;;;;
40.792388916015625;-0.059326171875;-0.18359375;0.931884765625;;;;;;;;;;;;;;;
40.795745849609375;0.10009765625;0.219482421875;1.19921875;;;;;;;;;;;;;;;
40.799163818359375;-0.260986328125;-0.0849609375;0.92529296875;;;;;;;;;;;;;;;
40.80255126953125;0.232177734375;0.174072265625;1.027587890625;;;;;;;;;;;;;;;
40.80596923828125;0.034423828125;0.3154296875;1.040771484375;;;;;;;;;;;;;;;
40.80938720703125;-0.122802734375;0.060791015625;0.995361328125;;;;;;;;;;;;;;;
40.812774658203125;-0.128173828125;0.154052734375;1.25390625;;;;;;;;;;;;;;;
40.816162109375;-0.2197265625;-0.325439453125;0.907470703125;;;;;;;;;;;;;;;
40.819580078125;0.044677734375;0.215576171875;0.9736328125;;;;;;;;;;;;;;;
40.822998046875;-0.22412109375;0.0146484375;0.881591796875;;;;;;;;;;;;;;;
40.826446533203125;0.10986328125;0.338623046875;1.087158203125;;;;;;;;;;;;;;;
40.829864501953125;-0.045166015625;0.197265625;1.192138671875;;;;;;;;;;;;;;;
40.83319091796875;-0.0322265625;-0.027587890625;0.95263671875;;;;;;;;;;;;;;;
40.836639404296875;-0.178955078125;0.0634765625;1.022705078125;;;;;;;;;;;;;;;
40.840057373046875;-0.17333984375;-0.036865234375;0.76513671875;;;;;;;;;;;;;;;
40.843414306640625;0.06396484375;0.2587890625;1.115234375;;;;;;;;;;;;;;;
40.8468017578125;-0.036865234375;-0.053466796875;1.037841796875;;;;;;;;;;;;;;;
40.850250244140625;0.041259765625;0.0634765625;1.1611328125;;;;;;;;;;;;;;;
40.85357666015625;-0.252685546875;0.177001953125;0.98876953125;;;;;;;;;;;;;;;
40.857025146484375;-0.170166015625;0.0654296875;0.844482421875;;;;;;;;;;;;;;;
40.860443115234375;-0.107177734375;0.207763671875;1.09423828125;;;;;;;;;;;;;;;
40.863800048828125;0.121337890625;-0.396728515625;1.0380859375;;;;;;;;;;;;;;;
40.8671875;-0.027099609375;0.346923828125;1.1455078125;;;;;;;;;;;;;;;
40.87060546875;-0.215087890625;0.04833984375;0.76416015625;;;;;;;;;;;;;;;
40.874053955078125;0.0341796875;0.384521484375;0.9423828125;;;;;;;;;;;;;;;
40.87744140625;-0.08056640625;0.10888671875;1.1201171875;;;;;;;;;;;;;;;
40.880828857421875;-0.02392578125;-0.149658203125;1.10400390625;;;;;;;;;;;;;;;
40.884307861328125;-0.21533203125;0.062255859375;1.15869140625;;;;;;;;;;;;;;;
40.8876953125;-0.16064453125;-0.32080078125;0.8291015625;;;;;;;;;;;;;;;
40.891021728515625;-0.1064453125;0.422119140625;0.956298828125;;;;;;;;;;;;;;;
40.8944091796875;-0.16162109375;0.026123046875;0.97216796875;;;;;;;;;;;;;;;
40.897735595703125;0.051025390625;0.31494140625;1.222412109375;;;;;;;;;;;;;;;
40.901092529296875;-0.114013671875;0.146484375;1.095947265625;;;;;;;;;;;;;;;
40.90447998046875;-0.08349609375;-0.07666015625;0.853759765625;;;;;;;;;;;;;;;
40.907867431640625;-0.1552734375;0.083984375;0.990966796875;;;;;;;;;;;;;;;
40.91131591796875;-0.02392578125;-0.34326171875;0.92724609375;;;;;;;;;;;;;;;
40.9146728515625;0.00927734375;0.31640625;1.2041015625;;;;;;;;;;;;;;;
40.91802978515625;-0.12353515625;-0.166015625;0.967041015625;;;;;;;;;;;;;;;
40.92144775390625;0.032470703125;0.310791015625;1.083740234375;;;;;;;;;;;;;;;
40.9249267578125;-0.150146484375;0.13525390625;0.996826171875;;;;;;;;;;;;;;;
40.92822265625;-0.14208984375;-0.059326171875;1.01220703125;;;;;;;;;;;;;;;
40.931549072265625;-0.087890625;0.08203125;1.128662109375;;;;;;;;;;;;;;;
40.93487548828125;-0.031982421875;-0.359619140625;0.937255859375;;;;;;;;;;;;;;;
40.938232421875;-0.03564453125;0.3388671875;1.03173828125;;;;;;;;;;;;;;;
40.941680908203125;-0.324462890625;-0.024169921875;0.7353515625;;;;;;;;;;;;;;;
40.945098876953125;0.138427734375;0.41650390625;1.13916015625;;;;;;;;;;;;;;;
40.94842529296875;-0.149169921875;0.13818359375;1.177734375;;;;;;;;;;;;;;;
40.95172119140625;-0.027099609375;-0.064697265625;0.97265625;;;;;;;;;;;;;;;
40.955047607421875;-0.151611328125;0.03076171875;1.003662109375;;;;;;;;;;;;;;;
40.958465576171875;0.015869140625;-0.134765625;0.8203125;;;;;;;;;;;;;;;
40.961822509765625;-0.095458984375;0.365966796875;1.130126953125;;;;;;;;;;;;;;;
40.96533203125;-0.026611328125;-0.28466796875;1.04638671875;;;;;;;;;;;;;;;
40.96875;-0.044921875;0.22900390625;1.221435546875;;;;;;;;;;;;;;;
40.972137451171875;-0.32177734375;0.046875;0.993896484375;;;;;;;;;;;;;;;
40.975616455078125;-0.20849609375;0.1953125;0.8720703125;;;;;;;;;;;;;;;
40.979034423828125;-0.071533203125;0.123291015625;1.02783203125;;;;;;;;;;;;;;;
40.98236083984375;0.192138671875;-0.30322265625;1.02197265625;;;;;;;;;;;;;;;
40.98583984375;-0.011962890625;0.263671875;1.156982421875;;;;;;;;;;;;;;;
40.9892578125;-0.0859375;-0.110107421875;0.82080078125;;;;;;;;;;;;;;;
40.992645263671875;-0.097412109375;0.431884765625;1.04248046875;;;;;;;;;;;;;;;
40.996002197265625;-0.389892578125;-0.01953125;1.0439453125;;;;;;;;;;;;;;;
40.999420166015625;-0.114013671875;-0.082763671875;1.145751953125;;;;;;;;;;;;;;;
41.00286865234375;-0.162841796875;0.00439453125;1.16357421875;;;;;;;;;;;;;;;
41.0062255859375;-0.040771484375;-0.05029296875;0.84423828125;;;;;;;;;;;;;;;
41.009552001953125;-0.051513671875;0.417724609375;0.968505859375;;;;;;;;;;;;;;;
41.012908935546875;-0.137939453125;-0.103271484375;0.917724609375;;;;;;;;;;;;;;;
41.01629638671875;0.169189453125;0.252685546875;1.28466796875;;;;;;;;;;;;;;;
41.019622802734375;-0.406005859375;0.04052734375;1.093994140625;;;;;;;;;;;;;;;
41.0230712890625;-0.263671875;-0.0693359375;0.854736328125;;;;;;;;;;;;;;;
41.02642822265625;-0.15087890625;0.120849609375;0.93603515625;;;;;;;;;;;;;;;
41.02984619140625;0.035888671875;-0.22900390625;0.92919921875;;;;;;;;;;;;;;;
41.033233642578125;0.034912109375;0.302978515625;1.230224609375;;;;;;;;;;;;;;;
41.03656005859375;-0.15234375;-0.25732421875;0.98876953125;;;;;;;;;;;;;;;
41.03997802734375;0.0732421875;0.418701171875;1.0947265625;;;;;;;;;;;;;;;
41.0433349609375;-0.365478515625;-0.059814453125;0.956787109375;;;;;;;;;;;;;;;
41.046783447265625;-0.063232421875;0.11572265625;1.005615234375;;;;;;;;;;;;;;;
41.050140380859375;-0.10302734375;-0.099365234375;1.06982421875;;;;;;;;;;;;;;;
41.05352783203125;0.05126953125;-0.07666015625;0.99609375;;;;;;;;;;;;;;;
41.05694580078125;-0.15869140625;0.415771484375;1.0126953125;;;;;;;;;;;;;;;
41.060333251953125;-0.208984375;-0.059326171875;0.763427734375;;;;;;;;;;;;;;;
41.063690185546875;0.24169921875;0.347900390625;1.185791015625;;;;;;;;;;;;;;;
41.067138671875;-0.46142578125;0.109375;1.071044921875;;;;;;;;;;;;;;;
41.0704345703125;0.244140625;-0.053955078125;1.209228515625;;;;;;;;;;;;;;;
41.07379150390625;-0.260986328125;0.0302734375;0.9873046875;;;;;;;;;;;;;;;
41.07720947265625;-0.01123046875;-0.234375;0.76953125;;;;;;;;;;;;;;;
41.080535888671875;0.08544921875;0.3125;1.041259765625;;;;;;;;;;;;;;;
41.08404541015625;-0.05712890625;-0.213134765625;1.020263671875;;;;;;;;;;;;;;;
41.087432861328125;0.0927734375;0.40673828125;1.26318359375;;;;;;;;;;;;;;;
41.09075927734375;-0.466552734375;0.01513671875;0.9765625;;;;;;;;;;;;;;;
41.09423828125;-0.083740234375;0.11962890625;0.90869140625;;;;;;;;;;;;;;;
41.09759521484375;-0.189697265625;0.067138671875;0.92333984375;;;;;;;;;;;;;;;
41.100921630859375;0.229248046875;-0.228759765625;1.047119140625;;;;;;;;;;;;;;;
41.10430908203125;-0.116455078125;0.269775390625;1.1259765625;;;;;;;;;;;;;;;
41.107635498046875;-0.0048828125;-0.177001953125;0.874267578125;;;;;;;;;;;;;;;
41.11102294921875;-0.09375;0.414794921875;1.059814453125;;;;;;;;;;;;;;;
41.114410400390625;-0.42236328125;-0.020263671875;0.9638671875;;;;;;;;;;;;;;;
41.117767333984375;0.19970703125;-0.0283203125;1.221435546875;;;;;;;;;;;;;;;
41.121185302734375;-0.144775390625;0.02001953125;1.082763671875;;;;;;;;;;;;;;;
41.124603271484375;0.14013671875;0.09423828125;0.858642578125;;;;;;;;;;;;;;;
41.12811279296875;0.0673828125;0.362548828125;0.9169921875;;;;;;;;;;;;;;;
41.131500244140625;-0.052734375;-0.09033203125;0.83740234375;;;;;;;;;;;;;;;
41.134796142578125;0.1494140625;0.1826171875;1.275146484375;;;;;;;;;;;;;;;
41.13818359375;-0.193603515625;0.0107421875;1.073486328125;;;;;;;;;;;;;;;
41.141632080078125;0.12548828125;0.072998046875;0.937744140625;;;;;;;;;;;;;;;
41.144989013671875;-0.14892578125;0.0888671875;0.847412109375;;;;;;;;;;;;;;;
41.148468017578125;0.197021484375;-0.07568359375;0.935791015625;;;;;;;;;;;;;;;
41.151824951171875;0.09375;0.289306640625;1.166015625;;;;;;;;;;;;;;;
41.155242919921875;0.00830078125;-0.189208984375;1.037841796875;;;;;;;;;;;;;;;
41.15875244140625;-0.158203125;0.302978515625;1.0859375;;;;;;;;;;;;;;;
41.16217041015625;-0.26025390625;-0.134033203125;0.86083984375;;;;;;;;;;;;;;;
41.165557861328125;0.14453125;0.24853515625;1.044189453125;;;;;;;;;;;;;;;
41.169036865234375;0.06787109375;-0.0078125;1.0517578125;;;;;;;;;;;;;;;
41.172515869140625;0.162841796875;0.1728515625;1.09228515625;;;;;;;;;;;;;;;
41.1759033203125;-0.1728515625;0.220703125;0.958984375;;;;;;;;;;;;;;;
41.1793212890625;-0.05908203125;-0.0146484375;0.8056640625;;;;;;;;;;;;;;;
41.182708740234375;0.061279296875;0.157470703125;1.16357421875;;;;;;;;;;;;;;;
41.186187744140625;-0.237060546875;-0.26025390625;1.04931640625;;;;;;;;;;;;;;;
41.189544677734375;0.2197265625;-0.03076171875;1.258056640625;;;;;;;;;;;;;;;
41.192962646484375;-0.25830078125;0.14599609375;0.89892578125;;;;;;;;;;;;;;;
41.1962890625;0.1591796875;0.418701171875;0.872314453125;;;;;;;;;;;;;;;
41.19976806640625;-0.011962890625;0.371337890625;0.930908203125;;;;;;;;;;;;;;;
41.203125;-0.0458984375;-0.2373046875;1.00048828125;;;;;;;;;;;;;;;
41.20648193359375;-0.08642578125;0.29833984375;1.25146484375;;;;;;;;;;;;;;;
41.2098388671875;-0.164306640625;-0.213134765625;0.869384765625;;;;;;;;;;;;;;;
41.21319580078125;0.26220703125;0.184326171875;0.976318359375;;;;;;;;;;;;;;;
41.216583251953125;-0.171630859375;0.10107421875;0.859619140625;;;;;;;;;;;;;;;
41.220001220703125;0.194580078125;0.04052734375;1.13623046875;;;;;;;;;;;;;;;
41.223419189453125;-0.111083984375;0.2060546875;1.121337890625;;;;;;;;;;;;;;;
41.22686767578125;-0.01220703125;-0.16943359375;0.919677734375;;;;;;;;;;;;;;;
41.230255126953125;-0.0986328125;0.197265625;1.054443359375;;;;;;;;;;;;;;;
41.233551025390625;-0.33203125;-0.058837890625;0.830810546875;;;;;;;;;;;;;;;
41.2369384765625;0.550537109375;0.035400390625;1.324951171875;;;;;;;;;;;;;;;
41.240386962890625;-0.26416015625;0.083984375;1.025634765625;;;;;;;;;;;;;;;
41.243865966796875;0.30224609375;0.217529296875;0.933349609375;;;;;;;;;;;;;;;
41.247222900390625;0.061279296875;0.292724609375;0.898193359375;;;;;;;;;;;;;;;
41.250579833984375;-0.108642578125;-0.0771484375;0.838623046875;;;;;;;;;;;;;;;
41.25396728515625;0.09228515625;0.054931640625;1.302490234375;;;;;;;;;;;;;;;
41.257293701171875;-0.42431640625;-0.09423828125;0.984619140625;;;;;;;;;;;;;;;
41.260711669921875;0.388671875;0.144287109375;0.97314453125;;;;;;;;;;;;;;;
41.264129638671875;-0.176513671875;0.101806640625;0.810791015625;;;;;;;;;;;;;;;
41.267578125;0.155029296875;0.15185546875;0.9599609375;;;;;;;;;;;;;;;
41.27099609375;-0.118408203125;0.110107421875;1.1396484375;;;;;;;;;;;;;;;
41.274383544921875;0.05224609375;-0.13134765625;1.1025390625;;;;;;;;;;;;;;;
41.27783203125;-0.226318359375;0.190673828125;1.05517578125;;;;;;;;;;;;;;;
41.281280517578125;-0.064208984375;-0.11572265625;0.75048828125;;;;;;;;;;;;;;;
41.284698486328125;0.374267578125;0.272216796875;1.11572265625;;;;;;;;;;;;;;;
41.28814697265625;-0.101318359375;0.055419921875;0.9912109375;;;;;;;;;;;;;;;
41.29150390625;0.11865234375;0.26123046875;1.14208984375;;;;;;;;;;;;;;;
41.294921875;-0.274658203125;0.029296875;0.927490234375;;;;;;;;;;;;;;;
41.2982177734375;0.076904296875;-0.1318359375;0.836669921875;;;;;;;;;;;;;;;
41.301544189453125;-0.094482421875;0.115966796875;1.139892578125;;;;;;;;;;;;;;;
41.304931640625;-0.377197265625;-0.125732421875;0.97119140625;;;;;;;;;;;;;;;
41.30841064453125;0.364501953125;0.07470703125;1.31298828125;;;;;;;;;;;;;;;
41.311798095703125;-0.14697265625;0.063232421875;0.8837890625;;;;;;;;;;;;;;;
41.315155029296875;0.216796875;0.43896484375;0.917236328125;;;;;;;;;;;;;;;
41.318511962890625;-0.167236328125;0.24365234375;0.846435546875;;;;;;;;;;;;;;;
41.32196044921875;0.010986328125;-0.06396484375;1.011962890625;;;;;;;;;;;;;;;
41.3253173828125;-0.02978515625;-0.000244140625;1.230224609375;;;;;;;;;;;;;;;
41.328704833984375;-0.218017578125;-0.269287109375;0.925048828125;;;;;;;;;;;;;;;
41.332061767578125;0.18798828125;0.096923828125;1.009033203125;;;;;;;;;;;;;;;
41.33544921875;-0.200927734375;0.1923828125;0.84423828125;;;;;;;;;;;;;;;
41.338836669921875;0.10791015625;0.2431640625;1.169189453125;;;;;;;;;;;;;;;
41.342254638671875;-0.136474609375;0.124755859375;1.099365234375;;;;;;;;;;;;;;;
41.345703125;0.034423828125;0.065185546875;0.97412109375;;;;;;;;;;;;;;;
41.349090576171875;-0.134521484375;0.16455078125;0.93212890625;;;;;;;;;;;;;;;
41.35260009765625;-0.370361328125;-0.14697265625;0.84619140625;;;;;;;;;;;;;;;
41.356048583984375;0.38232421875;-0.0185546875;1.275634765625;;;;;;;;;;;;;;;
41.35943603515625;-0.05859375;0.054443359375;1.03466796875;;;;;;;;;;;;;;;
41.362823486328125;0.249755859375;0.401611328125;1.03369140625;;;;;;;;;;;;;;;
41.36614990234375;-0.214111328125;0.3056640625;0.81298828125;;;;;;;;;;;;;;;
41.36956787109375;0.041259765625;-0.013916015625;0.947509765625;;;;;;;;;;;;;;;
41.37298583984375;0.102294921875;-0.024169921875;1.21875;;;;;;;;;;;;;;;
41.376373291015625;-0.126708984375;-0.19970703125;1.09521484375;;;;;;;;;;;;;;;
41.379730224609375;-0.1044921875;0.160888671875;1.14404296875;;;;;;;;;;;;;;;
41.383148193359375;-0.197265625;0.014892578125;0.800537109375;;;;;;;;;;;;;;;
41.38653564453125;0.096435546875;0.3720703125;1.028564453125;;;;;;;;;;;;;;;
41.389892578125;-0.17919921875;0.078125;1.106689453125;;;;;;;;;;;;;;;
41.393280029296875;0.02490234375;-0.02734375;1.155029296875;;;;;;;;;;;;;;;
41.396728515625;-0.279296875;0.104248046875;1.043212890625;;;;;;;;;;;;;;;
41.400115966796875;0.002685546875;-0.14404296875;0.779052734375;;;;;;;;;;;;;;;
41.403533935546875;0.224609375;0.2802734375;1.11328125;;;;;;;;;;;;;;;
41.406951904296875;0.0009765625;0.08251953125;1.01708984375;;;;;;;;;;;;;;;
41.410308837890625;-0.04248046875;0.344970703125;1.156005859375;;;;;;;;;;;;;;;
41.4136962890625;-0.21923828125;-0.086669921875;0.904052734375;;;;;;;;;;;;;;;
41.417083740234375;0.166748046875;-0.09619140625;0.9228515625;;;;;;;;;;;;;;;
41.42047119140625;-0.150634765625;0.0439453125;1.087890625;;;;;;;;;;;;;;;
41.4239501953125;-0.170166015625;0.008544921875;0.97021484375;;;;;;;;;;;;;;;
41.427337646484375;0.263916015625;0.145263671875;1.34814453125;;;;;;;;;;;;;;;
41.430694580078125;-0.20751953125;0.01953125;0.85791015625;;;;;;;;;;;;;;;
41.43408203125;0.2548828125;0.367431640625;0.946044921875;;;;;;;;;;;;;;;
41.437408447265625;-0.21044921875;0.206298828125;0.790771484375;;;;;;;;;;;;;;;
41.440826416015625;0.2216796875;-0.031494140625;0.9951171875;;;;;;;;;;;;;;;
41.4442138671875;0.158935546875;-0.02392578125;1.22509765625;;;;;;;;;;;;;;;
41.447601318359375;-0.1123046875;-0.1943359375;0.949951171875;;;;;;;;;;;;;;;
41.45098876953125;0.01611328125;0.1826171875;1.055908203125;;;;;;;;;;;;;;;
41.45440673828125;-0.28369140625;0.052978515625;0.83154296875;;;;;;;;;;;;;;;
41.457763671875;0.0673828125;0.26806640625;1.15478515625;;;;;;;;;;;;;;;
41.46112060546875;-0.034423828125;-0.01416015625;1.02880859375;;;;;;;;;;;;;;;
41.464508056640625;0.1826171875;0.209228515625;1.041259765625;;;;;;;;;;;;;;;
41.46795654296875;-0.098388671875;0.12353515625;0.873291015625;;;;;;;;;;;;;;;
41.471435546875;0.14599609375;0.12353515625;0.813720703125;;;;;;;;;;;;;;;
41.474822998046875;0.399658203125;0.1240234375;1.312255859375;;;;;;;;;;;;;;;
41.47821044921875;-0.198486328125;0.015625;1.029052734375;;;;;;;;;;;;;;;
41.481536865234375;0.16455078125;0.23876953125;1.0986328125;;;;;;;;;;;;;;;
41.48492431640625;-0.400146484375;-0.151611328125;0.741943359375;;;;;;;;;;;;;;;
41.488250732421875;0.263916015625;0.058349609375;0.96923828125;;;;;;;;;;;;;;;
41.491668701171875;0.178466796875;0.039306640625;1.18359375;;;;;;;;;;;;;;;
41.495025634765625;-0.059326171875;0.156982421875;1.0283203125;;;;;;;;;;;;;;;
41.4984130859375;0.20654296875;0.2138671875;1.25390625;;;;;;;;;;;;;;;
41.5018310546875;-0.228759765625;-0.05322265625;0.7841796875;;;;;;;;;;;;;;;
41.50531005859375;0.055419921875;0.292236328125;1.01220703125;;;;;;;;;;;;;;;
41.50872802734375;-0.1806640625;-0.04736328125;0.915771484375;;;;;;;;;;;;;;;
41.51214599609375;0.123291015625;0.208251953125;1.178466796875;;;;;;;;;;;;;;;
41.515594482421875;-0.2470703125;0.079833984375;1.005126953125;;;;;;;;;;;;;;;
41.519073486328125;0.2109375;-0.0322265625;0.896728515625;;;;;;;;;;;;;;;
41.522430419921875;0.415771484375;0.2900390625;1.146728515625;;;;;;;;;;;;;;;
41.525848388671875;-0.14599609375;0.08642578125;0.95166015625;;;;;;;;;;;;;;;
41.5291748046875;-0.1279296875;0.367919921875;1.2666015625;;;;;;;;;;;;;;;
41.53253173828125;-0.335205078125;-0.210693359375;0.867919921875;;;;;;;;;;;;;;;
41.53582763671875;0.198974609375;0.077880859375;0.9501953125;;;;;;;;;;;;;;;
41.539215087890625;-0.24853515625;0.022216796875;0.87451171875;;;;;;;;;;;;;;;
41.542633056640625;-0.213623046875;0.140869140625;0.963623046875;;;;;;;;;;;;;;;
41.546051025390625;0.224609375;0.130859375;1.3203125;;;;;;;;;;;;;;;
41.5494384765625;-0.124755859375;0.002685546875;0.8837890625;;;;;;;;;;;;;;;
41.5528564453125;0.15185546875;0.298095703125;1.013427734375;;;;;;;;;;;;;;;
41.55621337890625;-0.26513671875;0.12451171875;0.757080078125;;;;;;;;;;;;;;;
41.559600830078125;0.016357421875;0.194580078125;1.09033203125;;;;;;;;;;;;;;;
41.56292724609375;-0.07763671875;-0.125;1.135009765625;;;;;;;;;;;;;;;
41.566375732421875;-0.00244140625;-0.24365234375;1.043701171875;;;;;;;;;;;;;;;
41.569732666015625;-0.1728515625;0.218994140625;1.053466796875;;;;;;;;;;;;;;;
41.5731201171875;-0.173828125;0.151611328125;0.830078125;;;;;;;;;;;;;;;
41.576446533203125;-0.1103515625;0.424072265625;1.164794921875;;;;;;;;;;;;;;;
41.579803466796875;-0.046142578125;-0.183837890625;1.03369140625;;;;;;;;;;;;;;;
41.583221435546875;-0.006591796875;0.2646484375;1.0791015625;;;;;;;;;;;;;;;
41.586639404296875;-0.1865234375;-0.050048828125;0.819580078125;;;;;;;;;;;;;;;
41.59002685546875;0.1240234375;0.114501953125;0.88037109375;;;;;;;;;;;;;;;
41.5933837890625;0.056640625;0.279541015625;1.2021484375;;;;;;;;;;;;;;;
41.59686279296875;-0.033203125;-0.015625;1.072998046875;;;;;;;;;;;;;;;
41.600250244140625;-0.23583984375;0.3134765625;1.15576171875;;;;;;;;;;;;;;;
41.603668212890625;-0.357666015625;-0.33447265625;0.762451171875;;;;;;;;;;;;;;;
41.6070556640625;0.02294921875;0.23095703125;0.95361328125;;;;;;;;;;;;;;;
41.610382080078125;-0.133544921875;-0.060791015625;1.072021484375;;;;;;;;;;;;;;;
41.61376953125;0.085205078125;0.185302734375;1.129150390625;;;;;;;;;;;;;;;
41.617156982421875;-0.179931640625;0.184326171875;1.154052734375;;;;;;;;;;;;;;;
41.6204833984375;-0.11279296875;-0.0322265625;0.806884765625;;;;;;;;;;;;;;;
41.623870849609375;-0.110107421875;0.20947265625;1.029052734375;;;;;;;;;;;;;;;
41.6273193359375;-0.172607421875;-0.167236328125;0.900390625;;;;;;;;;;;;;;;
41.630645751953125;0.06494140625;0.205322265625;1.18798828125;;;;;;;;;;;;;;;
41.634033203125;-0.18359375;0.01025390625;0.991943359375;;;;;;;;;;;;;;;
41.637359619140625;0.171142578125;0.089599609375;0.968505859375;;;;;;;;;;;;;;;
41.640716552734375;0.028564453125;0.28662109375;1.074462890625;;;;;;;;;;;;;;;
41.6441650390625;-0.17041015625;-0.051025390625;0.97509765625;;;;;;;;;;;;;;;
41.647613525390625;-0.13232421875;0.259521484375;1.21044921875;;;;;;;;;;;;;;;
41.6510009765625;-0.217041015625;-0.33154296875;0.9228515625;;;;;;;;;;;;;;;
41.654388427734375;-0.019775390625;0.37939453125;0.98974609375;;;;;;;;;;;;;;;
41.65777587890625;-0.25927734375;0.064697265625;0.734619140625;;;;;;;;;;;;;;;
41.661163330078125;0.126953125;0.278076171875;1.017333984375;;;;;;;;;;;;;;;
41.664520263671875;0.01220703125;0.098388671875;1.261962890625;;;;;;;;;;;;;;;
41.66790771484375;-0.113037109375;-0.119384765625;1.032470703125;;;;;;;;;;;;;;;
41.671295166015625;-0.031494140625;0.166259765625;1.061279296875;;;;;;;;;;;;;;;
41.6746826171875;-0.371826171875;-0.038818359375;0.739990234375;;;;;;;;;;;;;;;
41.678070068359375;-0.036865234375;0.269775390625;1.105224609375;;;;;;;;;;;;;;;
41.681427001953125;-0.0673828125;-0.04541015625;1.13720703125;;;;;;;;;;;;;;;
41.68475341796875;0.0341796875;0.021484375;1.1240234375;;;;;;;;;;;;;;;
41.688140869140625;-0.286865234375;0.19287109375;1.008056640625;;;;;;;;;;;;;;;
41.6915283203125;-0.296142578125;0.0126953125;0.82568359375;;;;;;;;;;;;;;;
41.694915771484375;-0.005615234375;0.33056640625;1.13818359375;;;;;;;;;;;;;;;
41.69830322265625;0.10498046875;-0.393798828125;1.07177734375;;;;;;;;;;;;;;;
41.70166015625;0.137939453125;0.44091796875;1.1416015625;;;;;;;;;;;;;;;
41.705108642578125;-0.262939453125;-0.020751953125;0.806396484375;;;;;;;;;;;;;;;
41.708526611328125;0.042724609375;0.34619140625;0.903076171875;;;;;;;;;;;;;;;
41.7119140625;-0.108154296875;0.06298828125;1.20556640625;;;;;;;;;;;;;;;
41.71533203125;-0.21826171875;-0.159423828125;1.07275390625;;;;;;;;;;;;;;;
41.71868896484375;-0.124755859375;0.102783203125;1.17626953125;;;;;;;;;;;;;;;
41.722076416015625;-0.199951171875;-0.269775390625;0.76025390625;;;;;;;;;;;;;;;
41.725494384765625;0.0615234375;0.441162109375;0.997802734375;;;;;;;;;;;;;;;
41.72894287109375;-0.536865234375;0.035888671875;1.069580078125;;;;;;;;;;;;;;;
41.7322998046875;-0.009521484375;0.247802734375;1.152099609375;;;;;;;;;;;;;;;
41.735687255859375;-0.010009765625;0.087890625;1.20166015625;;;;;;;;;;;;;;;
41.739105224609375;-0.1083984375;-0.140869140625;0.828125;;;;;;;;;;;;;;;
41.74261474609375;-0.03271484375;0.091552734375;1.0087890625;;;;;;;;;;;;;;;
41.746002197265625;-0.046142578125;-0.19775390625;0.934814453125;;;;;;;;;;;;;;;
41.74945068359375;-0.01904296875;0.415283203125;1.20751953125;;;;;;;;;;;;;;;
41.7528076171875;-0.125244140625;-0.126708984375;0.96533203125;;;;;;;;;;;;;;;
41.756195068359375;0.1708984375;0.231201171875;1.087890625;;;;;;;;;;;;;;;
41.759674072265625;-0.55322265625;0.114990234375;1.066650390625;;;;;;;;;;;;;;;
41.763092041015625;-0.3203125;0.061279296875;0.954833984375;;;;;;;;;;;;;;;
41.766448974609375;-0.10546875;0.05615234375;1.200439453125;;;;;;;;;;;;;;;
41.7698974609375;0.218017578125;-0.308349609375;0.899658203125;;;;;;;;;;;;;;;
41.773345947265625;0.192626953125;0.29150390625;1.020751953125;;;;;;;;;;;;;;;
41.776763916015625;-0.399658203125;0.035400390625;0.758056640625;;;;;;;;;;;;;;;
41.78021240234375;0.133544921875;0.368896484375;1.044189453125;;;;;;;;;;;;;;;
41.783599853515625;-0.012939453125;0.044677734375;1.2294921875;;;;;;;;;;;;;;;
41.786956787109375;-0.155517578125;-0.06591796875;1.076904296875;;;;;;;;;;;;;;;
41.790374755859375;-0.1064453125;0.033935546875;1.03955078125;;;;;;;;;;;;;;;
41.793731689453125;-0.2021484375;-0.135009765625;0.7958984375;;;;;;;;;;;;;;;
41.797149658203125;-0.018798828125;0.349853515625;1.063720703125;;;;;;;;;;;;;;;
41.80047607421875;-0.127197265625;-0.151123046875;1.043212890625;;;;;;;;;;;;;;;
41.80389404296875;0.114990234375;0.33642578125;1.172607421875;;;;;;;;;;;;;;;
41.8072509765625;-0.19091796875;0.149169921875;0.95068359375;;;;;;;;;;;;;;;
41.810638427734375;-0.123779296875;0.135009765625;0.84033203125;;;;;;;;;;;;;;;
41.81396484375;-0.09912109375;0.056396484375;1.069091796875;;;;;;;;;;;;;;;
41.8173828125;0.047607421875;-0.346435546875;1.072265625;;;;;;;;;;;;;;;
41.82073974609375;-0.076171875;0.297607421875;1.1376953125;;;;;;;;;;;;;;;
41.8240966796875;-0.17822265625;-0.039794921875;0.8017578125;;;;;;;;;;;;;;;
41.827484130859375;0.142822265625;0.3466796875;1.060546875;;;;;;;;;;;;;;;
41.830841064453125;-0.06982421875;0.155517578125;1.092041015625;;;;;;;;;;;;;;;
41.8343505859375;-0.0830078125;-0.13330078125;1.108154296875;;;;;;;;;;;;;;;
41.83770751953125;-0.141357421875;0.045166015625;1.103759765625;;;;;;;;;;;;;;;
41.84112548828125;-0.16162109375;-0.22607421875;0.81298828125;;;;;;;;;;;;;;;
41.844512939453125;0.020263671875;0.444091796875;0.931884765625;;;;;;;;;;;;;;;
41.847900390625;-0.187255859375;0.055419921875;0.84912109375;;;;;;;;;;;;;;;
41.851226806640625;0.11474609375;0.266845703125;1.226806640625;;;;;;;;;;;;;;;
41.854644775390625;-0.202392578125;0.12451171875;1.09716796875;;;;;;;;;;;;;;;
41.858062744140625;0.142822265625;-0.099365234375;0.867919921875;;;;;;;;;;;;;;;
41.86138916015625;-0.156005859375;0.04638671875;0.95361328125;;;;;;;;;;;;;;;
41.864837646484375;0.012939453125;-0.301025390625;0.8916015625;;;;;;;;;;;;;;;
41.8681640625;0.138427734375;0.34033203125;1.177001953125;;;;;;;;;;;;;;;
41.87152099609375;-0.094970703125;-0.067626953125;0.978515625;;;;;;;;;;;;;;;
41.874908447265625;0.095458984375;0.3154296875;1.086669921875;;;;;;;;;;;;;;;
41.8782958984375;-0.342529296875;0.10791015625;0.994140625;;;;;;;;;;;;;;;
41.88165283203125;-0.09912109375;0.037841796875;0.95751953125;;;;;;;;;;;;;;;
41.88507080078125;-0.0166015625;0.04345703125;1.142822265625;;;;;;;;;;;;;;;
41.88848876953125;0.1123046875;-0.32763671875;1.012451171875;;;;;;;;;;;;;;;
41.891876220703125;-0.0966796875;0.33154296875;0.98681640625;;;;;;;;;;;;;;;
41.895294189453125;-0.184814453125;0.044677734375;0.728271484375;;;;;;;;;;;;;;;
41.898773193359375;0.018310546875;0.3798828125;1.10107421875;;;;;;;;;;;;;;;
41.902130126953125;-0.07568359375;-0.034912109375;1.145751953125;;;;;;;;;;;;;;;
41.90557861328125;0.007080078125;-0.083251953125;1.16259765625;;;;;;;;;;;;;;;
41.908966064453125;-0.248779296875;0.032470703125;1.02734375;;;;;;;;;;;;;;;
41.912353515625;-0.109619140625;-0.057861328125;0.802734375;;;;;;;;;;;;;;;
41.915863037109375;-0.040283203125;0.4052734375;1.0361328125;;;;;;;;;;;;;;;
41.9193115234375;-0.044189453125;-0.26904296875;1.00537109375;;;;;;;;;;;;;;;
41.92266845703125;0.06494140625;0.337890625;1.223388671875;;;;;;;;;;;;;;;
41.926055908203125;-0.236083984375;0.080810546875;0.932373046875;;;;;;;;;;;;;;;
41.9295654296875;-0.114990234375;0.16015625;0.86962890625;;;;;;;;;;;;;;;
41.93292236328125;-0.127197265625;0.11474609375;1.010986328125;;;;;;;;;;;;;;;
41.936279296875;0.13134765625;-0.361328125;1.07763671875;;;;;;;;;;;;;;;
41.939697265625;-0.090576171875;0.275390625;1.17578125;;;;;;;;;;;;;;;
41.943084716796875;-0.17333984375;-0.3017578125;0.81396484375;;;;;;;;;;;;;;;
41.94647216796875;-0.060546875;0.35595703125;1.05322265625;;;;;;;;;;;;;;;
41.949798583984375;-0.525146484375;0.069091796875;0.9619140625;;;;;;;;;;;;;;;
41.95318603515625;0.16943359375;0.1552734375;1.158447265625;;;;;;;;;;;;;;;
41.95654296875;-0.172119140625;0.0390625;1.040771484375;;;;;;;;;;;;;;;
41.9599609375;0.000244140625;-0.09521484375;0.866943359375;;;;;;;;;;;;;;;
41.96337890625;-0.177490234375;0.4150390625;0.950927734375;;;;;;;;;;;;;;;
41.96673583984375;-0.189697265625;-0.10888671875;0.77001953125;;;;;;;;;;;;;;;
41.970184326171875;0.241455078125;0.27099609375;1.26904296875;;;;;;;;;;;;;;;
41.9736328125;-0.289794921875;0.0556640625;1.109130859375;;;;;;;;;;;;;;;
41.97698974609375;0.081298828125;-0.021728515625;1.065673828125;;;;;;;;;;;;;;;
41.9803466796875;-0.19482421875;0.04833984375;0.923583984375;;;;;;;;;;;;;;;
41.983642578125;0.052978515625;-0.21142578125;0.915283203125;;;;;;;;;;;;;;;
41.98699951171875;-0.08837890625;0.287109375;1.195556640625;;;;;;;;;;;;;;;
41.9903564453125;-0.05029296875;-0.21728515625;1.0224609375;;;;;;;;;;;;;;;
41.993743896484375;-0.071044921875;0.398193359375;1.128662109375;;;;;;;;;;;;;;;
41.99713134765625;-0.577392578125;-0.012451171875;0.957763671875;;;;;;;;;;;;;;;
42.000518798828125;-0.19677734375;0.134765625;0.993408203125;;;;;;;;;;;;;;;
42.00390625;-0.042724609375;-0.18798828125;1.029541015625;;;;;;;;;;;;;;;
42.007354736328125;0.3544921875;-0.107177734375;1.037353515625;;;;;;;;;;;;;;;
42.010711669921875;-0.037841796875;0.240966796875;1.04541015625;;;;;;;;;;;;;;;
42.014129638671875;-0.168212890625;-0.051513671875;0.78369140625;;;;;;;;;;;;;;;
42.01763916015625;-0.1494140625;0.417724609375;1.1689453125;;;;;;;;;;;;;;;
42.02099609375;-0.53662109375;-0.183349609375;1.0703125;;;;;;;;;;;;;;;
42.024322509765625;0.074951171875;-0.04296875;1.206787109375;;;;;;;;;;;;;;;
42.027740478515625;-0.16015625;-0.12158203125;0.9853515625;;;;;;;;;;;;;;;
42.031097412109375;0.088134765625;0.238525390625;0.839599609375;;;;;;;;;;;;;;;
42.034423828125;-0.148193359375;0.278564453125;0.96044921875;;;;;;;;;;;;;;;
42.037811279296875;0.015869140625;-0.153564453125;1.01806640625;;;;;;;;;;;;;;;
42.041259765625;0.028076171875;0.236328125;1.23779296875;;;;;;;;;;;;;;;
42.0447998046875;-0.323486328125;0.021484375;0.947509765625;;;;;;;;;;;;;;;
42.048187255859375;0.03564453125;0.073486328125;0.921630859375;;;;;;;;;;;;;;;
42.051544189453125;-0.21923828125;0.144287109375;0.9150390625;;;;;;;;;;;;;;;
42.054931640625;0.142578125;-0.17626953125;1.10205078125;;;;;;;;;;;;;;;
42.05828857421875;-0.116943359375;0.2216796875;1.166259765625;;;;;;;;;;;;;;;
42.061614990234375;-0.000732421875;-0.18017578125;0.921875;;;;;;;;;;;;;;;
42.06500244140625;-0.12646484375;0.343017578125;1.0;;;;;;;;;;;;;;;
42.068389892578125;-0.298583984375;0.013671875;0.94775390625;;;;;;;;;;;;;;;
42.071868896484375;0.07470703125;0.092041015625;1.201416015625;;;;;;;;;;;;;;;
42.0751953125;-0.10498046875;-0.0078125;1.0205078125;;;;;;;;;;;;;;;
42.07855224609375;0.039794921875;0.111572265625;0.91455078125;;;;;;;;;;;;;;;
42.082061767578125;-0.010986328125;0.148193359375;0.93017578125;;;;;;;;;;;;;;;
42.085479736328125;-0.077392578125;-0.1005859375;0.879150390625;;;;;;;;;;;;;;;
42.088836669921875;0.14208984375;0.161376953125;1.257568359375;;;;;;;;;;;;;;;
42.09222412109375;-0.150146484375;-0.00537109375;1.11083984375;;;;;;;;;;;;;;;
42.095550537109375;0.092529296875;0.0712890625;1.14111328125;;;;;;;;;;;;;;;
42.098876953125;-0.150146484375;0.076171875;0.871337890625;;;;;;;;;;;;;;;
42.10223388671875;0.06103515625;-0.064697265625;0.90234375;;;;;;;;;;;;;;;
42.10565185546875;0.03271484375;0.20849609375;1.0703125;;;;;;;;;;;;;;;
42.10906982421875;-0.0498046875;-0.177001953125;1.03955078125;;;;;;;;;;;;;;;
42.11248779296875;-0.041259765625;0.328369140625;1.136474609375;;;;;;;;;;;;;;;
42.115875244140625;-0.353759765625;-0.09814453125;0.85546875;;;;;;;;;;;;;;;
42.1192626953125;0.103271484375;0.21728515625;1.02587890625;;;;;;;;;;;;;;;
42.12255859375;-0.052978515625;-0.05126953125;1.001708984375;;;;;;;;;;;;;;;
42.1259765625;0.193359375;0.085693359375;1.08447265625;;;;;;;;;;;;;;;
42.1292724609375;-0.12548828125;0.1630859375;0.9892578125;;;;;;;;;;;;;;;
42.132568359375;0.023681640625;-0.02783203125;0.83251953125;;;;;;;;;;;;;;;
42.135955810546875;-0.12109375;0.2666015625;1.183837890625;;;;;;;;;;;;;;;
42.139312744140625;-0.4296875;-0.191162109375;0.96240234375;;;;;;;;;;;;;;;
42.1427001953125;0.43359375;-0.0341796875;1.33447265625;;;;;;;;;;;;;;;
42.146087646484375;-0.238525390625;0.02685546875;0.918701171875;;;;;;;;;;;;;;;
42.1495361328125;0.27880859375;0.4462890625;0.833984375;;;;;;;;;;;;;;;
42.15301513671875;0.079833984375;0.354736328125;0.94775390625;;;;;;;;;;;;;;;
42.156402587890625;-0.015380859375;-0.078857421875;0.95166015625;;;;;;;;;;;;;;;
42.159759521484375;0.07666015625;0.018310546875;1.284423828125;;;;;;;;;;;;;;;
42.16314697265625;-0.310546875;-0.169677734375;0.926025390625;;;;;;;;;;;;;;;
42.166473388671875;0.18212890625;0.127197265625;0.96484375;;;;;;;;;;;;;;;
42.169891357421875;-0.26416015625;0.206787109375;0.835205078125;;;;;;;;;;;;;;;
42.17327880859375;0.247802734375;0.04296875;1.104736328125;;;;;;;;;;;;;;;
42.1766357421875;0.081298828125;0.1904296875;1.123291015625;;;;;;;;;;;;;;;
42.180023193359375;0.07275390625;-0.04638671875;0.971923828125;;;;;;;;;;;;;;;
42.183380126953125;-0.201171875;0.254638671875;0.949462890625;;;;;;;;;;;;;;;
42.186767578125;-0.010986328125;-0.11181640625;0.81005859375;;;;;;;;;;;;;;;
42.19012451171875;0.466064453125;0.12353515625;1.28857421875;;;;;;;;;;;;;;;
42.1934814453125;-0.17626953125;0.02587890625;0.97705078125;;;;;;;;;;;;;;;
42.196868896484375;0.168701171875;0.3095703125;0.967041015625;;;;;;;;;;;;;;;
42.2003173828125;-0.017333984375;0.0869140625;0.894287109375;;;;;;;;;;;;;;;
42.203704833984375;-0.01611328125;0.000732421875;0.864990234375;;;;;;;;;;;;;;;
42.2071533203125;0.073486328125;0.005126953125;1.274658203125;;;;;;;;;;;;;;;
42.21051025390625;-0.304931640625;-0.149169921875;1.011962890625;;;;;;;;;;;;;;;
42.21405029296875;0.18212890625;0.10888671875;1.2119140625;;;;;;;;;;;;;;;
42.2174072265625;-0.2529296875;0.1435546875;0.811767578125;;;;;;;;;;;;;;;
42.220794677734375;0.1015625;0.49755859375;0.923828125;;;;;;;;;;;;;;;
42.22418212890625;-0.06298828125;0.12841796875;0.96923828125;;;;;;;;;;;;;;;
42.227569580078125;0.011962890625;-0.12109375;1.112548828125;;;;;;;;;;;;;;;
42.23089599609375;-0.19775390625;-0.01953125;1.093017578125;;;;;;;;;;;;;;;
42.2342529296875;0.031005859375;-0.1279296875;0.7939453125;;;;;;;;;;;;;;;
42.237640380859375;0.5078125;0.283935546875;1.11181640625;;;;;;;;;;;;;;;
42.241058349609375;-0.096435546875;0.05419921875;0.9365234375;;;;;;;;;;;;;;;
42.2445068359375;0.073486328125;0.3037109375;1.230224609375;;;;;;;;;;;;;;;
42.247833251953125;-0.16064453125;0.0166015625;0.966796875;;;;;;;;;;;;;;;
42.251220703125;0.001953125;-0.021240234375;0.849365234375;;;;;;;;;;;;;;;
42.25457763671875;-0.058837890625;0.05419921875;0.984130859375;;;;;;;;;;;;;;;
42.257965087890625;-0.240478515625;-0.07470703125;0.938232421875;;;;;;;;;;;;;;;
42.261383056640625;0.47412109375;0.061767578125;1.364990234375;;;;;;;;;;;;;;;
42.2647705078125;-0.200927734375;0.072509765625;0.912841796875;;;;;;;;;;;;;;;
42.268096923828125;0.36767578125;0.47021484375;0.94482421875;;;;;;;;;;;;;;;
42.271453857421875;-0.18798828125;0.189697265625;0.90576171875;;;;;;;;;;;;;;;
42.274993896484375;-0.219970703125;-0.0380859375;1.01416015625;;;;;;;;;;;;;;;
42.278350830078125;-0.143310546875;-0.0546875;1.271240234375;;;;;;;;;;;;;;;
42.281707763671875;-0.338623046875;-0.180419921875;0.90283203125;;;;;;;;;;;;;;;
42.2850341796875;0.226806640625;0.16455078125;0.97802734375;;;;;;;;;;;;;;;
42.288482666015625;-0.082763671875;0.17138671875;0.860595703125;;;;;;;;;;;;;;;
42.291900634765625;0.09375;0.267822265625;1.095703125;;;;;;;;;;;;;;;
42.29522705078125;-0.112060546875;0.0732421875;1.11083984375;;;;;;;;;;;;;;;
42.29852294921875;0.026611328125;0.06396484375;1.015869140625;;;;;;;;;;;;;;;
42.3018798828125;-0.2021484375;0.1162109375;0.93408203125;;;;;;;;;;;;;;;
42.30517578125;-0.053955078125;-0.1064453125;0.82080078125;;;;;;;;;;;;;;;
42.30859375;0.312744140625;0.16943359375;1.251708984375;;;;;;;;;;;;;;;
42.31201171875;-0.0380859375;-0.012451171875;1.021484375;;;;;;;;;;;;;;;
42.315399169921875;0.01953125;0.43212890625;1.04931640625;;;;;;;;;;;;;;;
42.31878662109375;-0.187255859375;0.041748046875;0.826416015625;;;;;;;;;;;;;;;
42.3221435546875;0.037109375;0.1142578125;0.892822265625;;;;;;;;;;;;;;;
42.325439453125;-0.101318359375;0.002197265625;1.1943359375;;;;;;;;;;;;;;;
42.328826904296875;-0.11083984375;-0.182861328125;1.1015625;;;;;;;;;;;;;;;
42.332244873046875;-0.090087890625;0.010009765625;1.20703125;;;;;;;;;;;;;;;
42.335693359375;-0.179931640625;0.03369140625;0.814453125;;;;;;;;;;;;;;;
42.339111328125;0.005859375;0.5390625;0.975830078125;;;;;;;;;;;;;;;
42.34246826171875;-0.161865234375;0.1201171875;0.9130859375;;;;;;;;;;;;;;;
42.345916748046875;0.10888671875;0.070068359375;1.125732421875;;;;;;;;;;;;;;;
42.349365234375;-0.158447265625;-0.05615234375;1.11376953125;;;;;;;;;;;;;;;
42.35284423828125;-0.084228515625;-0.184814453125;0.8544921875;;;;;;;;;;;;;;;
42.35626220703125;-0.067626953125;0.21630859375;1.109375;;;;;;;;;;;;;;;
42.359649658203125;-0.069580078125;0.0283203125;0.970703125;;;;;;;;;;;;;;;
42.363006591796875;-0.065673828125;0.40576171875;1.21484375;;;;;;;;;;;;;;;
42.3663330078125;-0.1669921875;-0.04443359375;0.97021484375;;;;;;;;;;;;;;;
42.369659423828125;-0.033203125;0.213134765625;0.89892578125;;;;;;;;;;;;;;;
42.373016357421875;-0.1650390625;0.052734375;0.877685546875;;;;;;;;;;;;;;;
42.37646484375;-0.08349609375;-0.020751953125;1.009521484375;;;;;;;;;;;;;;;
42.3798828125;0.029541015625;0.16064453125;1.28857421875;;;;;;;;;;;;;;;
42.383331298828125;-0.07470703125;0.03125;0.990966796875;;;;;;;;;;;;;;;
42.38671875;0.066162109375;0.3740234375;0.956298828125;;;;;;;;;;;;;;;
42.39013671875;-0.2646484375;-0.05322265625;0.81787109375;;;;;;;;;;;;;;;
42.39349365234375;0.027099609375;-0.015869140625;1.054931640625;;;;;;;;;;;;;;;
42.396881103515625;-0.016845703125;-0.06689453125;1.22216796875;;;;;;;;;;;;;;;
42.400299072265625;-0.071044921875;0.058837890625;1.02734375;;;;;;;;;;;;;;;
42.403656005859375;-0.1767578125;0.1904296875;1.031005859375;;;;;;;;;;;;;;;
42.4071044921875;-0.18310546875;0.079833984375;0.833740234375;;;;;;;;;;;;;;;
42.410675048828125;0.020751953125;0.339111328125;1.120849609375;;;;;;;;;;;;;;;
42.414031982421875;-0.03466796875;0.012451171875;1.01513671875;;;;;;;;;;;;;;;
42.417449951171875;0.03125;0.16259765625;1.06298828125;;;;;;;;;;;;;;;
42.420928955078125;-0.1923828125;0.04443359375;0.898681640625;;;;;;;;;;;;;;;
42.42425537109375;0.14111328125;-0.017333984375;0.90087890625;;;;;;;;;;;;;;;
42.427581787109375;0.32080078125;0.2314453125;1.27197265625;;;;;;;;;;;;;;;
42.430908203125;-0.116455078125;0.052978515625;1.043212890625;;;;;;;;;;;;;;;
42.43426513671875;-0.1318359375;0.2666015625;1.2138671875;;;;;;;;;;;;;;;
42.4376220703125;-0.330810546875;-0.09619140625;0.75341796875;;;;;;;;;;;;;;;
42.44097900390625;0.2314453125;0.11279296875;0.962646484375;;;;;;;;;;;;;;;
42.44427490234375;-0.21044921875;0.031982421875;1.1806640625;;;;;;;;;;;;;;;
42.44769287109375;-0.18017578125;0.072265625;1.027099609375;;;;;;;;;;;;;;;
42.451080322265625;0.114013671875;0.14306640625;1.259765625;;;;;;;;;;;;;;;
42.454498291015625;-0.199462890625;-0.061767578125;0.80517578125;;;;;;;;;;;;;;;
42.457855224609375;0.100830078125;0.262451171875;0.974853515625;;;;;;;;;;;;;;;
42.461181640625;-0.16943359375;0.0;0.8779296875;;;;;;;;;;;;;;;
42.464569091796875;0.154541015625;0.156494140625;1.15283203125;;;;;;;;;;;;;;;
42.467864990234375;-0.09619140625;0.048828125;1.054931640625;;;;;;;;;;;;;;;
42.4713134765625;0.109375;-0.010009765625;0.901123046875;;;;;;;;;;;;;;;
42.4747314453125;-0.01318359375;0.2216796875;1.104248046875;;;;;;;;;;;;;;;
42.478118896484375;-0.15234375;-0.079833984375;0.954345703125;;;;;;;;;;;;;;;
42.48150634765625;-0.03515625;0.155029296875;1.214599609375;;;;;;;;;;;;;;;
42.48492431640625;-0.10205078125;-0.046142578125;0.91796875;;;;;;;;;;;;;;;
42.48828125;0.194580078125;0.3505859375;0.938232421875;;;;;;;;;;;;;;;
42.49163818359375;-0.1279296875;0.1474609375;0.832275390625;;;;;;;;;;;;;;;
42.4949951171875;0.16015625;0.115966796875;0.940185546875;;;;;;;;;;;;;;;
42.4984130859375;0.355224609375;0.118896484375;1.3212890625;;;;;;;;;;;;;;;
42.501800537109375;-0.188232421875;-0.000732421875;1.015869140625;;;;;;;;;;;;;;;
42.505157470703125;-0.182373046875;0.211181640625;1.023681640625;;;;;;;;;;;;;;;
42.508544921875;-0.331298828125;-0.119384765625;0.73779296875;;;;;;;;;;;;;;;
42.511993408203125;0.208740234375;0.143798828125;1.074462890625;;;;;;;;;;;;;;;
42.515380859375;-0.17431640625;0.00244140625;1.196533203125;;;;;;;;;;;;;;;
42.518798828125;-0.1259765625;0.18017578125;1.03173828125;;;;;;;;;;;;;;;
42.52215576171875;0.060302734375;0.18896484375;1.060791015625;;;;;;;;;;;;;;;
42.52557373046875;-0.21337890625;0.11865234375;0.806884765625;;;;;;;;;;;;;;;
42.52899169921875;0.037353515625;0.13525390625;1.1220703125;;;;;;;;;;;;;;;
42.532379150390625;-0.11865234375;-0.08447265625;1.02197265625;;;;;;;;;;;;;;;
42.535736083984375;0.064208984375;0.25341796875;1.1015625;;;;;;;;;;;;;;;
42.539215087890625;-0.250732421875;-0.03857421875;0.8515625;;;;;;;;;;;;;;;
42.542510986328125;0.205322265625;0.033203125;0.923828125;;;;;;;;;;;;;;;
42.54583740234375;0.219482421875;0.208740234375;1.192138671875;;;;;;;;;;;;;;;
42.549163818359375;0.009521484375;-0.0078125;1.052001953125;;;;;;;;;;;;;;;
42.552581787109375;-0.208740234375;0.357666015625;1.217041015625;;;;;;;;;;;;;;;
42.555999755859375;-0.359130859375;-0.191162109375;0.7890625;;;;;;;;;;;;;;;
42.559356689453125;0.010498046875;0.357666015625;0.930419921875;;;;;;;;;;;;;;;
42.56268310546875;-0.219970703125;0.011474609375;0.869873046875;;;;;;;;;;;;;;;
42.56610107421875;0.025146484375;0.054443359375;1.136474609375;;;;;;;;;;;;;;;
42.569427490234375;-0.128173828125;0.0908203125;1.162353515625;;;;;;;;;;;;;;;
42.572845458984375;-0.039794921875;-0.030517578125;0.9150390625;;;;;;;;;;;;;;;
42.576202392578125;-0.0869140625;0.22412109375;1.0048828125;;;;;;;;;;;;;;;
42.579559326171875;-0.179443359375;0.01220703125;0.865478515625;;;;;;;;;;;;;;;
42.582977294921875;0.053955078125;0.23828125;1.16015625;;;;;;;;;;;;;;;
42.5863037109375;-0.244873046875;-0.000244140625;1.028564453125;;;;;;;;;;;;;;;
42.589691162109375;0.121337890625;-0.047607421875;0.986572265625;;;;;;;;;;;;;;;
42.5931396484375;-0.241943359375;0.21484375;1.05859375;;;;;;;;;;;;;;;
42.59649658203125;-0.09814453125;0.000732421875;0.949951171875;;;;;;;;;;;;;;;
42.599853515625;-0.11669921875;0.2470703125;1.176025390625;;;;;;;;;;;;;;;
42.60333251953125;0.04736328125;-0.254638671875;0.960205078125;;;;;;;;;;;;;;;
42.606689453125;-0.025146484375;0.337158203125;0.9658203125;;;;;;;;;;;;;;;
42.61004638671875;-0.210693359375;0.10546875;0.75732421875;;;;;;;;;;;;;;;
42.61334228515625;0.138671875;0.2275390625;1.024169921875;;;;;;;;;;;;;;;
42.61669921875;-0.108642578125;0.1318359375;1.205322265625;;;;;;;;;;;;;;;
42.6201171875;-0.013916015625;-0.12939453125;1.066650390625;;;;;;;;;;;;;;;
42.623504638671875;-0.133544921875;0.09228515625;1.0341796875;;;;;;;;;;;;;;;
42.626922607421875;-0.22021484375;-0.2001953125;0.7607421875;;;;;;;;;;;;;;;
42.630340576171875;0.00048828125;0.256591796875;1.05078125;;;;;;;;;;;;;;;
42.633697509765625;-0.0908203125;0.042724609375;1.103271484375;;;;;;;;;;;;;;;
42.637115478515625;0.071044921875;0.302734375;1.132568359375;;;;;;;;;;;;;;;
42.64044189453125;-0.243896484375;0.219482421875;0.963134765625;;;;;;;;;;;;;;;
42.643890380859375;0.005859375;-0.02099609375;0.83984375;;;;;;;;;;;;;;;
42.647369384765625;-0.113525390625;0.09814453125;1.085205078125;;;;;;;;;;;;;;;
42.650787353515625;0.02880859375;-0.261962890625;1.030517578125;;;;;;;;;;;;;;;
42.6541748046875;-0.07373046875;0.329833984375;1.147705078125;;;;;;;;;;;;;;;
42.657623291015625;-0.20361328125;-0.035888671875;0.819580078125;;;;;;;;;;;;;;;
42.66094970703125;0.177734375;0.20947265625;1.018798828125;;;;;;;;;;;;;;;
42.664337158203125;-0.38330078125;0.266357421875;1.131103515625;;;;;;;;;;;;;;;
42.667694091796875;-0.08984375;-0.099853515625;1.1025390625;;;;;;;;;;;;;;;
42.671051025390625;-0.23583984375;0.16064453125;1.151123046875;;;;;;;;;;;;;;;
42.674530029296875;0.04931640625;-0.33837890625;0.805908203125;;;;;;;;;;;;;;;
42.677978515625;0.0068359375;0.388427734375;0.977783203125;;;;;;;;;;;;;;;
42.6812744140625;-0.268798828125;0.034423828125;0.836181640625;;;;;;;;;;;;;;;
42.684661865234375;0.087158203125;0.279541015625;1.153564453125;;;;;;;;;;;;;;;
42.688018798828125;-0.082763671875;0.018310546875;1.192626953125;;;;;;;;;;;;;;;
42.69140625;-0.065185546875;-0.087646484375;0.955322265625;;;;;;;;;;;;;;;
42.694732666015625;-0.0810546875;0.148681640625;1.0087890625;;;;;;;;;;;;;;;
42.69818115234375;-0.119873046875;-0.113525390625;0.872802734375;;;;;;;;;;;;;;;
42.701568603515625;-0.03662109375;0.306640625;1.156982421875;;;;;;;;;;;;;;;
42.70501708984375;-0.156005859375;-0.110595703125;1.01904296875;;;;;;;;;;;;;;;
42.7083740234375;0.17236328125;0.1396484375;1.105712890625;;;;;;;;;;;;;;;
42.7117919921875;-0.585205078125;0.088134765625;0.849609375;;;;;;;;;;;;;;;
42.715240478515625;-0.3076171875;0.0693359375;0.92578125;;;;;;;;;;;;;;;
42.718597412109375;-0.107421875;0.047607421875;1.17529296875;;;;;;;;;;;;;;;
42.722076416015625;0.24169921875;-0.257080078125;1.106201171875;;;;;;;;;;;;;;;
42.72540283203125;0.15380859375;0.365234375;1.085693359375;;;;;;;;;;;;;;;
42.7288818359375;-0.5810546875;0.07470703125;0.708984375;;;;;;;;;;;;;;;
42.732208251953125;0.1962890625;0.35107421875;1.153564453125;;;;;;;;;;;;;;;
42.735626220703125;-0.139892578125;-0.071044921875;1.259765625;;;;;;;;;;;;;;;
42.738983154296875;-0.15966796875;-0.177734375;1.060791015625;;;;;;;;;;;;;;;
42.742340087890625;-0.19140625;-0.0546875;1.0859375;;;;;;;;;;;;;;;
42.74566650390625;-0.184814453125;-0.099609375;0.783935546875;;;;;;;;;;;;;;;
42.749114990234375;-0.076416015625;0.460205078125;1.060791015625;;;;;;;;;;;;;;;
42.752532958984375;-0.3701171875;-0.02587890625;1.0751953125;;;;;;;;;;;;;;;
42.755950927734375;-0.034912109375;0.323974609375;1.165771484375;;;;;;;;;;;;;;;
42.759368896484375;-0.116943359375;0.0947265625;1.034912109375;;;;;;;;;;;;;;;
42.7628173828125;-0.0244140625;-0.0302734375;0.8310546875;;;;;;;;;;;;;;;
42.76617431640625;-0.059814453125;-0.033935546875;1.03515625;;;;;;;;;;;;;;;
42.769561767578125;0.11474609375;-0.433349609375;1.0654296875;;;;;;;;;;;;;;;
42.77294921875;-0.1220703125;0.395263671875;1.184326171875;;;;;;;;;;;;;;;
42.776336669921875;-0.220458984375;-0.137939453125;0.822021484375;;;;;;;;;;;;;;;
42.779693603515625;0.0732421875;0.44091796875;1.066162109375;;;;;;;;;;;;;;;
42.78314208984375;-0.51904296875;0.094970703125;1.108642578125;;;;;;;;;;;;;;;
42.786529541015625;-0.2568359375;-0.007080078125;1.0966796875;;;;;;;;;;;;;;;
42.789947509765625;-0.1484375;-0.102294921875;1.112060546875;;;;;;;;;;;;;;;
42.7933349609375;0.247314453125;-0.2587890625;0.84619140625;;;;;;;;;;;;;;;
42.796661376953125;0.062744140625;0.211669921875;0.974853515625;;;;;;;;;;;;;;;
42.799957275390625;-0.234619140625;-0.009521484375;0.8203125;;;;;;;;;;;;;;;
42.8033447265625;0.01123046875;0.310546875;1.216796875;;;;;;;;;;;;;;;
42.806671142578125;-0.0947265625;0.0029296875;1.117431640625;;;;;;;;;;;;;;;
42.81011962890625;0.03125;0.074462890625;1.076904296875;;;;;;;;;;;;;;;
42.813629150390625;-0.11474609375;-0.0634765625;0.95556640625;;;;;;;;;;;;;;;
42.816986083984375;-0.053955078125;0.109619140625;0.888916015625;;;;;;;;;;;;;;;
42.8204345703125;-0.00439453125;0.158935546875;1.14208984375;;;;;;;;;;;;;;;
42.8238525390625;-0.164306640625;-0.154052734375;0.987548828125;;;;;;;;;;;;;;;
42.827239990234375;0.155517578125;0.2333984375;1.12451171875;;;;;;;;;;;;;;;
42.830718994140625;-0.243408203125;0.128662109375;0.83447265625;;;;;;;;;;;;;;;
42.834014892578125;-0.063232421875;0.206298828125;0.954833984375;;;;;;;;;;;;;;;
42.83740234375;0.039306640625;-0.031494140625;1.123046875;;;;;;;;;;;;;;;
42.840728759765625;0.07958984375;-0.208984375;1.108642578125;;;;;;;;;;;;;;;
42.84405517578125;0.010986328125;0.156005859375;1.022705078125;;;;;;;;;;;;;;;
42.847442626953125;-0.14599609375;0.08642578125;0.751220703125;;;;;;;;;;;;;;;
42.850738525390625;-0.005126953125;0.29248046875;1.10791015625;;;;;;;;;;;;;;;
42.8541259765625;-0.096435546875;-0.011962890625;1.1025390625;;;;;;;;;;;;;;;
42.857513427734375;0.064697265625;-0.12451171875;1.198974609375;;;;;;;;;;;;;;;
42.860809326171875;-0.148681640625;0.0009765625;0.923583984375;;;;;;;;;;;;;;;
42.864105224609375;-0.046875;0.054443359375;0.814208984375;;;;;;;;;;;;;;;
42.86749267578125;0.012939453125;0.341552734375;0.98095703125;;;;;;;;;;;;;;;
42.870880126953125;-0.013427734375;-0.06396484375;0.99853515625;;;;;;;;;;;;;;;
42.874359130859375;0.143310546875;0.19873046875;1.27587890625;;;;;;;;;;;;;;;
42.877777099609375;-0.20068359375;0.065185546875;0.9580078125;;;;;;;;;;;;;;;
42.8812255859375;0.12841796875;-0.0009765625;0.854736328125;;;;;;;;;;;;;;;
42.8846435546875;-0.0205078125;0.154052734375;0.98095703125;;;;;;;;;;;;;;;
42.887969970703125;0.0908203125;-0.33056640625;1.052490234375;;;;;;;;;;;;;;;
42.891387939453125;-0.07958984375;0.371337890625;1.169921875;;;;;;;;;;;;;;;
42.894866943359375;-0.1435546875;-0.199951171875;0.857421875;;;;;;;;;;;;;;;
42.8983154296875;-0.0146484375;0.370361328125;1.052001953125;;;;;;;;;;;;;;;
42.901702880859375;-0.30126953125;-0.000732421875;0.994384765625;;;;;;;;;;;;;;;
42.905120849609375;0.038330078125;0.070068359375;1.120849609375;;;;;;;;;;;;;;;
42.908538818359375;-0.08203125;-0.045654296875;1.08642578125;;;;;;;;;;;;;;;
42.911956787109375;0.17529296875;-0.04931640625;0.89453125;;;;;;;;;;;;;;;
42.91534423828125;-0.093994140625;0.267333984375;0.9580078125;;;;;;;;;;;;;;;
42.918670654296875;-0.156982421875;0.01416015625;0.78662109375;;;;;;;;;;;;;;;
42.922119140625;0.084716796875;0.23193359375;1.228515625;;;;;;;;;;;;;;;
42.925506591796875;-0.048583984375;-0.18115234375;1.110595703125;;;;;;;;;;;;;;;
42.928955078125;0.13330078125;0.01025390625;1.12890625;;;;;;;;;;;;;;;
42.932403564453125;-0.29931640625;0.056396484375;0.925048828125;;;;;;;;;;;;;;;
42.93585205078125;-0.028564453125;0.27685546875;0.872314453125;;;;;;;;;;;;;;;
42.939208984375;-0.056640625;0.210693359375;1.081787109375;;;;;;;;;;;;;;;
42.942596435546875;0.103515625;-0.2568359375;1.009521484375;;;;;;;;;;;;;;;
42.945953369140625;-0.05908203125;0.23681640625;1.1455078125;;;;;;;;;;;;;;;
42.949462890625;-0.323974609375;0.016357421875;0.811279296875;;;;;;;;;;;;;;;
42.952850341796875;0.137451171875;0.289794921875;0.985595703125;;;;;;;;;;;;;;;
42.95623779296875;-0.074951171875;0.093505859375;1.033203125;;;;;;;;;;;;;;;
42.959625244140625;0.20458984375;-0.08935546875;1.150634765625;;;;;;;;;;;;;;;
42.962982177734375;-0.103515625;0.16552734375;1.07861328125;;;;;;;;;;;;;;;
42.96636962890625;-0.203369140625;-0.1875;0.769287109375;;;;;;;;;;;;;;;
42.96978759765625;-0.124755859375;0.3486328125;1.04052734375;;;;;;;;;;;;;;;
42.973114013671875;-0.3427734375;-0.0810546875;1.047607421875;;;;;;;;;;;;;;;
42.976470947265625;0.14208984375;0.19970703125;1.224609375;;;;;;;;;;;;;;;
42.9798583984375;-0.1865234375;0.0400390625;0.96142578125;;;;;;;;;;;;;;;
42.98321533203125;0.0712890625;0.240234375;0.837646484375;;;;;;;;;;;;;;;
42.986663818359375;-0.225830078125;0.17578125;0.966796875;;;;;;;;;;;;;;;
42.9901123046875;-0.017578125;-0.26611328125;0.96142578125;;;;;;;;;;;;;;;
42.99359130859375;-0.0048828125;0.185791015625;1.28076171875;;;;;;;;;;;;;;;
42.99700927734375;-0.317138671875;-0.112548828125;0.93212890625;;;;;;;;;;;;;;;
43.0003662109375;0.18701171875;0.140869140625;1.07080078125;;;;;;;;;;;;;;;
43.003692626953125;-0.161865234375;0.257080078125;0.892333984375;;;;;;;;;;;;;;;
43.007080078125;0.182373046875;-0.044677734375;1.064208984375;;;;;;;;;;;;;;;
43.010498046875;-0.192138671875;0.247314453125;1.068603515625;;;;;;;;;;;;;;;
43.013916015625;-0.02001953125;-0.22705078125;0.944091796875;;;;;;;;;;;;;;;
43.017242431640625;-0.20068359375;0.33642578125;0.997314453125;;;;;;;;;;;;;;;
43.020751953125;-0.283935546875;-0.113037109375;0.736083984375;;;;;;;;;;;;;;;
43.02410888671875;0.18603515625;0.1533203125;1.1748046875;;;;;;;;;;;;;;;
43.027435302734375;-0.0419921875;-0.0869140625;1.018798828125;;;;;;;;;;;;;;;
43.0308837890625;0.255615234375;0.247802734375;0.970947265625;;;;;;;;;;;;;;;
43.0343017578125;-0.260009765625;0.166015625;0.93115234375;;;;;;;;;;;;;;;
43.037689208984375;-0.108154296875;-0.031494140625;0.802978515625;;;;;;;;;;;;;;;
43.041046142578125;0.053955078125;0.173828125;1.232421875;;;;;;;;;;;;;;;
43.044342041015625;-0.28662109375;-0.28857421875;1.10595703125;;;;;;;;;;;;;;;
43.047760009765625;0.01904296875;0.031982421875;1.16943359375;;;;;;;;;;;;;;;
43.051177978515625;-0.189453125;0.058349609375;0.8603515625;;;;;;;;;;;;;;;
43.054473876953125;0.06884765625;0.49365234375;0.8994140625;;;;;;;;;;;;;;;
43.057952880859375;-0.105712890625;0.201416015625;0.998046875;;;;;;;;;;;;;;;
43.0614013671875;0.206298828125;-0.16064453125;1.0615234375;;;;;;;;;;;;;;;
43.06488037109375;-0.11181640625;0.103759765625;1.163330078125;;;;;;;;;;;;;;;
43.068359375;-0.433349609375;-0.120849609375;0.779052734375;;;;;;;;;;;;;;;
43.071685791015625;0.098388671875;0.199951171875;1.03125;;;;;;;;;;;;;;;
43.07501220703125;-0.087890625;0.105712890625;0.9521484375;;;;;;;;;;;;;;;
43.07843017578125;0.224853515625;0.130126953125;1.1748046875;;;;;;;;;;;;;;;
43.081787109375;-0.26904296875;0.11083984375;1.052001953125;;;;;;;;;;;;;;;
43.08514404296875;-0.023193359375;0.065673828125;0.845703125;;;;;;;;;;;;;;;
43.088592529296875;-0.185302734375;0.303955078125;0.97607421875;;;;;;;;;;;;;;;
43.09197998046875;-0.203125;-0.14111328125;1.022216796875;;;;;;;;;;;;;;;
43.0953369140625;0.018798828125;0.09521484375;1.260986328125;;;;;;;;;;;;;;;
43.09869384765625;-0.152587890625;-0.0166015625;0.941162109375;;;;;;;;;;;;;;;
43.10205078125;0.157470703125;0.334228515625;0.869873046875;;;;;;;;;;;;;;;
43.10540771484375;-0.1552734375;0.114501953125;0.882080078125;;;;;;;;;;;;;;;
43.108795166015625;0.128173828125;-0.18115234375;1.020263671875;;;;;;;;;;;;;;;
43.11224365234375;0.009521484375;0.131591796875;1.25439453125;;;;;;;;;;;;;;;
43.1156005859375;-0.108154296875;-0.1259765625;0.991943359375;;;;;;;;;;;;;;;
43.118988037109375;-0.107177734375;0.207763671875;1.070556640625;;;;;;;;;;;;;;;
43.1224365234375;-0.162353515625;0.158935546875;0.85986328125;;;;;;;;;;;;;;;
43.12579345703125;0.046142578125;0.376953125;1.080078125;;;;;;;;;;;;;;;
43.129180908203125;-0.061279296875;0.087646484375;1.052490234375;;;;;;;;;;;;;;;
43.132537841796875;0.0;-0.08740234375;0.997802734375;;;;;;;;;;;;;;;
43.13592529296875;-0.13720703125;0.07470703125;0.97509765625;;;;;;;;;;;;;;;
43.1392822265625;-0.17333984375;-0.0712890625;0.82177734375;;;;;;;;;;;;;;;
43.142608642578125;0.14453125;0.220703125;1.193115234375;;;;;;;;;;;;;;;
43.146026611328125;0.025146484375;0.043212890625;1.046630859375;;;;;;;;;;;;;;;
43.149444580078125;0.007568359375;0.362548828125;1.15869140625;;;;;;;;;;;;;;;
43.15283203125;-0.08935546875;0.05712890625;0.8759765625;;;;;;;;;;;;;;;
43.15618896484375;-0.017822265625;-0.044189453125;0.898193359375;;;;;;;;;;;;;;;
43.1595458984375;-0.115478515625;0.006103515625;1.03564453125;;;;;;;;;;;;;;;
43.16290283203125;-0.143310546875;-0.168212890625;1.058349609375;;;;;;;;;;;;;;;
43.166259765625;0.04296875;0.102294921875;1.222412109375;;;;;;;;;;;;;;;
43.169647216796875;-0.125732421875;0.13232421875;0.866943359375;;;;;;;;;;;;;;;
43.173065185546875;0.145263671875;0.49267578125;0.929443359375;;;;;;;;;;;;;;;
43.176483154296875;-0.090087890625;0.168212890625;0.942138671875;;;;;;;;;;;;;;;
43.179901123046875;0.036865234375;-0.1259765625;1.10791015625;;;;;;;;;;;;;;;
43.183319091796875;-0.15869140625;-0.026123046875;1.125732421875;;;;;;;;;;;;;;;
43.186676025390625;-0.103515625;-0.22412109375;0.843017578125;;;;;;;;;;;;;;;
43.190093994140625;0.002685546875;0.29052734375;1.0634765625;;;;;;;;;;;;;;;
43.193450927734375;-0.052001953125;0.08642578125;0.955078125;;;;;;;;;;;;;;;
43.1968994140625;0.075439453125;0.2998046875;1.201416015625;;;;;;;;;;;;;;;
43.20025634765625;-0.1962890625;0.05908203125;0.9755859375;;;;;;;;;;;;;;;
43.20367431640625;0.06640625;0.072021484375;0.89990234375;;;;;;;;;;;;;;;
43.20703125;-0.05908203125;0.101806640625;0.9052734375;;;;;;;;;;;;;;;
43.210357666015625;0.087158203125;-0.112548828125;0.951416015625;;;;;;;;;;;;;;;
43.213775634765625;0.348388671875;0.19580078125;1.34716796875;;;;;;;;;;;;;;;
43.21728515625;-0.202880859375;0.1103515625;0.98095703125;;;;;;;;;;;;;;;
43.220611572265625;0.024658203125;0.34716796875;0.91015625;;;;;;;;;;;;;;;
43.2239990234375;-0.1728515625;0.040771484375;0.8056640625;;;;;;;;;;;;;;;
43.227325439453125;0.21044921875;-0.061279296875;1.0390625;;;;;;;;;;;;;;;
43.23077392578125;0.004150390625;0.01904296875;1.2421875;;;;;;;;;;;;;;;
43.234161376953125;-0.178466796875;-0.0078125;1.01953125;;;;;;;;;;;;;;;
43.23748779296875;-0.06201171875;0.170654296875;1.051025390625;;;;;;;;;;;;;;;
43.240997314453125;-0.160888671875;0.093994140625;0.81591796875;;;;;;;;;;;;;;;
43.244415283203125;0.119140625;0.25439453125;1.095458984375;;;;;;;;;;;;;;;
43.24774169921875;-0.03662109375;0.0146484375;1.001220703125;;;;;;;;;;;;;;;
43.25115966796875;0.035888671875;0.050537109375;1.057861328125;;;;;;;;;;;;;;;
43.2545166015625;-0.126708984375;0.1083984375;0.931640625;;;;;;;;;;;;;;;
43.258026123046875;0.105712890625;0.063720703125;0.880615234375;;;;;;;;;;;;;;;
43.261444091796875;-0.124755859375;0.220703125;1.26806640625;;;;;;;;;;;;;;;
43.264892578125;-0.134765625;-0.208251953125;1.03125;;;;;;;;;;;;;;;
43.268310546875;-0.143310546875;0.24169921875;1.19970703125;;;;;;;;;;;;;;;
43.271697998046875;-0.369384765625;-0.098876953125;0.793212890625;;;;;;;;;;;;;;;
43.2750244140625;0.229736328125;0.389404296875;0.898193359375;;;;;;;;;;;;;;;
43.2784423828125;-0.006591796875;0.09326171875;1.004150390625;;;;;;;;;;;;;;;
43.281890869140625;-0.11962890625;0.039306640625;1.015869140625;;;;;;;;;;;;;;;
43.285247802734375;0.22705078125;0.09912109375;1.3056640625;;;;;;;;;;;;;;;
43.288665771484375;-0.306640625;0.025390625;0.830810546875;;;;;;;;;;;;;;;
43.29205322265625;0.105712890625;0.301025390625;0.962890625;;;;;;;;;;;;;;;
43.29559326171875;-0.1962890625;0.073974609375;0.890380859375;;;;;;;;;;;;;;;
43.298980712890625;0.085205078125;0.03759765625;1.171875;;;;;;;;;;;;;;;
43.3023681640625;-0.205078125;0.020751953125;1.1142578125;;;;;;;;;;;;;;;
43.305816650390625;0.116943359375;-0.1591796875;0.856201171875;;;;;;;;;;;;;;;
43.30914306640625;0.145751953125;0.22900390625;1.083251953125;;;;;;;;;;;;;;;
43.312530517578125;-0.0732421875;0.0693359375;0.93212890625;;;;;;;;;;;;;;;
43.315887451171875;-0.017822265625;0.353271484375;1.243896484375;;;;;;;;;;;;;;;
43.31927490234375;-0.240234375;-0.039794921875;0.966552734375;;;;;;;;;;;;;;;
43.322662353515625;0.150390625;0.273681640625;0.929443359375;;;;;;;;;;;;;;;
43.326019287109375;-0.1455078125;0.089111328125;0.89111328125;;;;;;;;;;;;;;;
43.329437255859375;0.15185546875;-0.019775390625;0.89892578125;;;;;;;;;;;;;;;
43.332855224609375;0.37548828125;0.16015625;1.321044921875;;;;;;;;;;;;;;;
43.336212158203125;-0.0927734375;0.061767578125;1.03076171875;;;;;;;;;;;;;;;
43.33953857421875;-0.12939453125;0.365966796875;1.00439453125;;;;;;;;;;;;;;;
43.34295654296875;-0.302734375;-0.0859375;0.7548828125;;;;;;;;;;;;;;;
43.34637451171875;0.102783203125;0.179931640625;1.052734375;;;;;;;;;;;;;;;
43.349853515625;-0.10107421875;-0.082763671875;1.177734375;;;;;;;;;;;;;;;
43.353179931640625;-0.053955078125;0.057373046875;1.089599609375;;;;;;;;;;;;;;;
43.3565673828125;-0.151611328125;0.1044921875;1.023681640625;;;;;;;;;;;;;;;
43.3599853515625;-0.10009765625;0.123046875;0.80029296875;;;;;;;;;;;;;;;
43.363372802734375;0.008544921875;0.225830078125;1.107421875;;;;;;;;;;;;;;;
43.36669921875;-0.060302734375;0.004150390625;1.009521484375;;;;;;;;;;;;;;;
43.37005615234375;-0.05859375;0.22998046875;1.129150390625;;;;;;;;;;;;;;;
43.3734130859375;-0.294677734375;-0.032958984375;0.8740234375;;;;;;;;;;;;;;;
43.37689208984375;0.139892578125;0.019287109375;0.918701171875;;;;;;;;;;;;;;;
43.380279541015625;-0.046142578125;0.207763671875;1.16162109375;;;;;;;;;;;;;;;
43.383636474609375;0.0361328125;-0.100830078125;1.048828125;;;;;;;;;;;;;;;
43.386962890625;-0.095458984375;0.281982421875;1.2060546875;;;;;;;;;;;;;;;
43.390350341796875;-0.1044921875;-0.142822265625;0.794189453125;;;;;;;;;;;;;;;
43.393707275390625;0.038818359375;0.397705078125;0.950927734375;;;;;;;;;;;;;;;
43.3970947265625;-0.21484375;0.07763671875;0.86376953125;;;;;;;;;;;;;;;
43.400421142578125;0.05419921875;0.072509765625;1.123779296875;;;;;;;;;;;;;;;
43.40380859375;-0.2158203125;0.080322265625;1.174560546875;;;;;;;;;;;;;;;
43.4072265625;-0.047607421875;-0.124755859375;0.8955078125;;;;;;;;;;;;;;;
43.410552978515625;-0.06201171875;0.199951171875;0.985595703125;;;;;;;;;;;;;;;
43.413909912109375;-0.133544921875;-0.18505859375;0.856689453125;;;;;;;;;;;;;;;
43.417266845703125;0.06396484375;0.1494140625;1.17578125;;;;;;;;;;;;;;;
43.420623779296875;-0.1767578125;0.08447265625;1.0693359375;;;;;;;;;;;;;;;
43.423980712890625;0.092529296875;0.263916015625;0.9609375;;;;;;;;;;;;;;;
43.4273681640625;-0.171142578125;0.212158203125;0.93603515625;;;;;;;;;;;;;;;
43.430816650390625;-0.12890625;-0.04345703125;0.923583984375;;;;;;;;;;;;;;;
43.434326171875;-0.038330078125;0.21044921875;1.179931640625;;;;;;;;;;;;;;;
43.437713623046875;0.01904296875;-0.11083984375;1.019287109375;;;;;;;;;;;;;;;
43.441192626953125;0.08984375;0.316650390625;1.008544921875;;;;;;;;;;;;;;;
43.444580078125;-0.221435546875;0.080322265625;0.78271484375;;;;;;;;;;;;;;;
43.447906494140625;0.199462890625;0.168701171875;1.09228515625;;;;;;;;;;;;;;;
43.451324462890625;0.14208984375;0.1298828125;1.2607421875;;;;;;;;;;;;;;;
43.4547119140625;-0.126953125;-0.114501953125;1.06640625;;;;;;;;;;;;;;;
43.45806884765625;-0.172607421875;0.21240234375;1.05029296875;;;;;;;;;;;;;;;
43.461456298828125;-0.21923828125;-0.1533203125;0.735595703125;;;;;;;;;;;;;;;
43.464874267578125;0.07421875;0.292236328125;1.074462890625;;;;;;;;;;;;;;;
43.468292236328125;-0.21533203125;-0.0810546875;1.15283203125;;;;;;;;;;;;;;;
43.471710205078125;-0.025390625;0.240478515625;1.1103515625;;;;;;;;;;;;;;;
43.47503662109375;-0.041015625;0.093994140625;1.058349609375;;;;;;;;;;;;;;;
43.478424072265625;-0.13525390625;-0.000732421875;0.821044921875;;;;;;;;;;;;;;;
43.481842041015625;-0.01953125;0.1806640625;1.093505859375;;;;;;;;;;;;;;;
43.4852294921875;0.02001953125;-0.1396484375;0.98876953125;;;;;;;;;;;;;;;
43.488739013671875;-0.070068359375;0.42578125;1.165283203125;;;;;;;;;;;;;;;
43.49212646484375;-0.19189453125;-0.109619140625;0.863037109375;;;;;;;;;;;;;;;
43.495452880859375;0.149169921875;0.18701171875;1.023193359375;;;;;;;;;;;;;;;
43.49884033203125;-0.387451171875;0.03662109375;1.1845703125;;;;;;;;;;;;;;;
43.502166748046875;-0.184326171875;-0.05419921875;1.049560546875;;;;;;;;;;;;;;;
43.50555419921875;-0.17578125;0.072998046875;1.193359375;;;;;;;;;;;;;;;
43.508941650390625;0.100341796875;-0.168212890625;0.76220703125;;;;;;;;;;;;;;;
43.51226806640625;0.189453125;0.4580078125;1.014404296875;;;;;;;;;;;;;;;
43.515655517578125;-0.40283203125;0.125244140625;0.849853515625;;;;;;;;;;;;;;;
43.519012451171875;0.10009765625;0.17919921875;1.09814453125;;;;;;;;;;;;;;;
43.5224609375;0.0791015625;-0.078857421875;1.2431640625;;;;;;;;;;;;;;;
43.525848388671875;-0.1123046875;-0.162109375;0.9375;;;;;;;;;;;;;;;
43.529296875;-0.12255859375;0.069580078125;0.9794921875;;;;;;;;;;;;;;;
43.53265380859375;-0.119384765625;-0.0576171875;0.8603515625;;;;;;;;;;;;;;;
43.535980224609375;-0.013427734375;0.30224609375;1.187255859375;;;;;;;;;;;;;;;
43.539306640625;-0.07177734375;-0.0615234375;1.035400390625;;;;;;;;;;;;;;;
43.542724609375;0.1982421875;0.311279296875;1.062744140625;;;;;;;;;;;;;;;
43.54608154296875;-0.238037109375;0.173828125;0.916259765625;;;;;;;;;;;;;;;
43.5494384765625;-0.144287109375;0.074462890625;0.9208984375;;;;;;;;;;;;;;;
43.552947998046875;-0.086181640625;-0.12939453125;1.1953125;;;;;;;;;;;;;;;
43.55633544921875;0.083740234375;-0.285888671875;1.051025390625;;;;;;;;;;;;;;;
43.559722900390625;0.198486328125;0.29736328125;1.032470703125;;;;;;;;;;;;;;;
43.563079833984375;-0.286865234375;-0.0712890625;0.792236328125;;;;;;;;;;;;;;;
43.56640625;0.100341796875;0.309814453125;1.0908203125;;;;;;;;;;;;;;;
43.569915771484375;0.087158203125;0.128662109375;1.2119140625;;;;;;;;;;;;;;;
43.57342529296875;-0.136474609375;0.013671875;1.091064453125;;;;;;;;;;;;;;;
43.576812744140625;-0.158203125;-0.010986328125;1.029296875;;;;;;;;;;;;;;;
43.58013916015625;-0.194580078125;-0.20068359375;0.753662109375;;;;;;;;;;;;;;;
43.58349609375;-0.0087890625;0.332763671875;1.031982421875;;;;;;;;;;;;;;;
43.5869140625;-0.1328125;-0.0576171875;0.965576171875;;;;;;;;;;;;;;;
43.590301513671875;0.069580078125;0.2607421875;1.1962890625;;;;;;;;;;;;;;;
43.59368896484375;-0.164306640625;0.13330078125;0.969970703125;;;;;;;;;;;;;;;
43.59710693359375;0.068359375;0.08740234375;0.947998046875;;;;;;;;;;;;;;;
43.600494384765625;-0.116943359375;0.075927734375;1.04931640625;;;;;;;;;;;;;;;
43.6038818359375;-0.000244140625;-0.211181640625;1.0263671875;;;;;;;;;;;;;;;
43.607208251953125;-0.03955078125;0.262939453125;1.185546875;;;;;;;;;;;;;;;
43.610595703125;-0.222412109375;-0.19482421875;0.83203125;;;;;;;;;;;;;;;
43.613922119140625;0.253173828125;0.16552734375;1.0400390625;;;;;;;;;;;;;;;
43.617340087890625;-0.25390625;0.167724609375;1.070068359375;;;;;;;;;;;;;;;
43.6207275390625;-0.040771484375;0.067626953125;1.083251953125;;;;;;;;;;;;;;;
43.624114990234375;-0.0927734375;0.141845703125;1.16455078125;;;;;;;;;;;;;;;
43.62750244140625;-0.00927734375;-0.221435546875;0.852783203125;;;;;;;;;;;;;;;
43.63079833984375;-0.02880859375;0.248779296875;0.940185546875;;;;;;;;;;;;;;;
43.6341552734375;-0.14501953125;0.052001953125;0.807373046875;;;;;;;;;;;;;;;
43.637542724609375;0.11474609375;0.18603515625;1.193359375;;;;;;;;;;;;;;;
43.640899658203125;-0.085205078125;-0.017822265625;1.129150390625;;;;;;;;;;;;;;;
43.644256591796875;0.114501953125;-0.051025390625;1.02734375;;;;;;;;;;;;;;;
43.64764404296875;-0.078857421875;0.0673828125;0.96875;;;;;;;;;;;;;;;
43.651031494140625;-0.0625;0.052490234375;0.840087890625;;;;;;;;;;;;;;;
43.654449462890625;0.029296875;0.272216796875;1.141845703125;;;;;;;;;;;;;;;
43.657867431640625;-0.045654296875;-0.1064453125;1.009765625;;;;;;;;;;;;;;;
43.661285400390625;0.16259765625;0.24609375;1.11083984375;;;;;;;;;;;;;;;
43.66461181640625;-0.216064453125;0.07373046875;0.86376953125;;;;;;;;;;;;;;;
43.66802978515625;0.103271484375;0.14404296875;0.900390625;;;;;;;;;;;;;;;
43.671417236328125;-0.004150390625;-0.022216796875;1.14501953125;;;;;;;;;;;;;;;
43.6748046875;0.10791015625;-0.326904296875;1.091552734375;;;;;;;;;;;;;;;
43.678192138671875;-0.148681640625;0.312744140625;1.0595703125;;;;;;;;;;;;;;;
43.6815185546875;-0.211181640625;-0.0830078125;0.731201171875;;;;;;;;;;;;;;;
43.6849365234375;0.054443359375;0.3779296875;1.106201171875;;;;;;;;;;;;;;;
43.68829345703125;-0.19189453125;0.007568359375;1.1357421875;;;;;;;;;;;;;;;
43.691650390625;0.0380859375;0.009033203125;1.161376953125;;;;;;;;;;;;;;;
43.695068359375;-0.225341796875;-0.000244140625;0.99951171875;;;;;;;;;;;;;;;
43.698516845703125;0.084228515625;-0.126708984375;0.781005859375;;;;;;;;;;;;;;;
43.70184326171875;-0.1201171875;0.37158203125;0.998779296875;;;;;;;;;;;;;;;
43.70526123046875;-0.097412109375;-0.036376953125;0.914306640625;;;;;;;;;;;;;;;
43.708648681640625;0.104248046875;0.3447265625;1.23486328125;;;;;;;;;;;;;;;
43.7120361328125;-0.14990234375;-0.14892578125;0.9931640625;;;;;;;;;;;;;;;
43.715484619140625;0.092041015625;-0.001953125;0.967529296875;;;;;;;;;;;;;;;
43.71881103515625;-0.11474609375;0.137451171875;0.979248046875;;;;;;;;;;;;;;;
43.72222900390625;0.094482421875;0.080322265625;1.0322265625;;;;;;;;;;;;;;;
43.7257080078125;-0.08837890625;0.406494140625;1.14111328125;;;;;;;;;;;;;;;
43.7291259765625;-0.171142578125;-0.204345703125;0.86474609375;;;;;;;;;;;;;;;
43.732513427734375;-0.043212890625;0.330078125;1.0654296875;;;;;;;;;;;;;;;
43.735931396484375;-0.392822265625;0.06201171875;0.77685546875;;;;;;;;;;;;;;;
43.739349365234375;0.059814453125;0.130859375;1.090087890625;;;;;;;;;;;;;;;
43.742706298828125;-0.09521484375;0.095458984375;1.10205078125;;;;;;;;;;;;;;;
43.746063232421875;0.20556640625;-0.11083984375;1.035888671875;;;;;;;;;;;;;;;
43.749420166015625;-0.150634765625;0.23095703125;0.9853515625;;;;;;;;;;;;;;;
43.7528076171875;-0.3828125;-0.015625;0.705810546875;;;;;;;;;;;;;;;
43.756134033203125;0.318359375;0.21337890625;1.23974609375;;;;;;;;;;;;;;;
43.759552001953125;-0.28466796875;-0.11328125;1.127685546875;;;;;;;;;;;;;;;
43.762908935546875;0.1103515625;-0.0654296875;1.08740234375;;;;;;;;;;;;;;;
43.766326904296875;-0.339111328125;0.153076171875;0.974609375;;;;;;;;;;;;;;;
43.769775390625;-0.049560546875;0.251708984375;0.844970703125;;;;;;;;;;;;;;;
43.77313232421875;-0.116455078125;0.38037109375;1.106689453125;;;;;;;;;;;;;;;
43.776458740234375;-0.091796875;-0.24072265625;1.024658203125;;;;;;;;;;;;;;;
43.7799072265625;-0.0224609375;0.130859375;1.17822265625;;;;;;;;;;;;;;;
43.78326416015625;-0.45166015625;-0.0654296875;0.793701171875;;;;;;;;;;;;;;;
43.786712646484375;0.310791015625;0.192138671875;0.923583984375;;;;;;;;;;;;;;;
43.7901611328125;-0.021240234375;0.255859375;1.046875;;;;;;;;;;;;;;;
43.79351806640625;0.264404296875;-0.0634765625;1.1552734375;;;;;;;;;;;;;;;
43.79693603515625;-0.3984375;0.306884765625;1.120361328125;;;;;;;;;;;;;;;
43.800384521484375;-0.3662109375;-0.22607421875;0.742919921875;;;;;;;;;;;;;;;
43.80377197265625;-0.029296875;0.348876953125;1.050048828125;;;;;;;;;;;;;;;
43.807159423828125;-0.331298828125;-0.123291015625;1.081298828125;;;;;;;;;;;;;;;
43.810455322265625;0.0693359375;0.095703125;1.193359375;;;;;;;;;;;;;;;
43.81378173828125;-0.21142578125;-0.0771484375;0.951416015625;;;;;;;;;;;;;;;
43.817169189453125;0.225341796875;0.138427734375;0.825927734375;;;;;;;;;;;;;;;
43.820526123046875;-0.185546875;0.320068359375;0.982421875;;;;;;;;;;;;;;;
43.82391357421875;-0.167236328125;-0.088623046875;0.922119140625;;;;;;;;;;;;;;;
43.8272705078125;0.09423828125;0.249267578125;1.2529296875;;;;;;;;;;;;;;;
43.83056640625;-0.106689453125;-0.233154296875;1.031005859375;;;;;;;;;;;;;;;
43.833892822265625;0.072265625;0.088134765625;1.011474609375;;;;;;;;;;;;;;;
43.837249755859375;-0.127197265625;0.094970703125;0.947021484375;;;;;;;;;;;;;;;
43.840576171875;0.0810546875;0.257568359375;1.02197265625;;;;;;;;;;;;;;;
43.844024658203125;-0.1083984375;0.2109375;1.103515625;;;;;;;;;;;;;;;
43.8475341796875;-0.05419921875;-0.14794921875;0.914306640625;;;;;;;;;;;;;;;
43.85089111328125;-0.10888671875;0.20947265625;1.0439453125;;;;;;;;;;;;;;;
43.85430908203125;-0.32666015625;0.111572265625;0.839599609375;;;;;;;;;;;;;;;
43.85772705078125;-0.040283203125;0.1435546875;1.15185546875;;;;;;;;;;;;;;;
43.861175537109375;-0.02099609375;-0.044921875;1.08056640625;;;;;;;;;;;;;;;
43.864501953125;0.145263671875;-0.03369140625;1.072265625;;;;;;;;;;;;;;;
43.867889404296875;-0.027099609375;0.18994140625;0.9453125;;;;;;;;;;;;;;;
43.871307373046875;-0.11376953125;0.010986328125;0.8154296875;;;;;;;;;;;;;;;
43.87469482421875;-0.079833984375;0.268310546875;1.127197265625;;;;;;;;;;;;;;;
43.878082275390625;-0.058349609375;-0.134033203125;1.1279296875;;;;;;;;;;;;;;;
43.881561279296875;0.02978515625;0.097412109375;1.182861328125;;;;;;;;;;;;;;;
43.884979248046875;-0.148193359375;-0.00048828125;0.849853515625;;;;;;;;;;;;;;;
43.888397216796875;0.00390625;0.358154296875;0.852783203125;;;;;;;;;;;;;;;
43.891815185546875;-0.005859375;0.240966796875;1.048828125;;;;;;;;;;;;;;;
43.89520263671875;0.076171875;-0.217529296875;1.114501953125;;;;;;;;;;;;;;;
43.898590087890625;-0.057861328125;0.15869140625;1.1904296875;;;;;;;;;;;;;;;
43.901947021484375;-0.22509765625;-0.02294921875;0.85009765625;;;;;;;;;;;;;;;
43.905242919921875;0.005615234375;0.2509765625;0.9716796875;;;;;;;;;;;;;;;
43.908660888671875;0.003173828125;0.108642578125;1.038330078125;;;;;;;;;;;;;;;
43.911956787109375;0.06640625;-0.068603515625;1.144287109375;;;;;;;;;;;;;;;
43.915374755859375;-0.2021484375;0.242431640625;1.06201171875;;;;;;;;;;;;;;;
43.918670654296875;-0.029296875;-0.167236328125;0.813720703125;;;;;;;;;;;;;;;
43.92205810546875;-0.1611328125;0.2939453125;1.025634765625;;;;;;;;;;;;;;;
43.925445556640625;-0.15869140625;-0.132080078125;1.025146484375;;;;;;;;;;;;;;;
43.928802490234375;0.1240234375;0.129150390625;1.23681640625;;;;;;;;;;;;;;;
43.93212890625;-0.164306640625;0.043701171875;0.978759765625;;;;;;;;;;;;;;;
43.93548583984375;0.103271484375;0.239990234375;0.859375;;;;;;;;;;;;;;;
43.9388427734375;-0.12939453125;0.292724609375;0.904052734375;;;;;;;;;;;;;;;
43.942230224609375;0.05322265625;-0.151611328125;0.985107421875;;;;;;;;;;;;;;;
43.9456787109375;-0.017333984375;0.11474609375;1.277099609375;;;;;;;;;;;;;;;
43.9490966796875;-0.0947265625;-0.302490234375;1.0322265625;;;;;;;;;;;;;;;
43.952484130859375;0.04833984375;0.09228515625;1.056884765625;;;;;;;;;;;;;;;
43.95587158203125;-0.19482421875;0.188232421875;0.857177734375;;;;;;;;;;;;;;;
43.959197998046875;0.10888671875;0.42236328125;1.02490234375;;;;;;;;;;;;;;;
43.962615966796875;-0.0859375;0.32177734375;1.05712890625;;;;;;;;;;;;;;;
43.9659423828125;0.044677734375;-0.16796875;0.983642578125;;;;;;;;;;;;;;;
43.96929931640625;-0.189697265625;0.028076171875;1.02197265625;;;;;;;;;;;;;;;
43.972686767578125;-0.190673828125;-0.13134765625;0.808837890625;;;;;;;;;;;;;;;
43.97613525390625;0.1259765625;0.150390625;1.16162109375;;;;;;;;;;;;;;;
43.979583740234375;-0.06689453125;0.057373046875;1.035400390625;;;;;;;;;;;;;;;
43.982940673828125;0.10791015625;0.119140625;1.1640625;;;;;;;;;;;;;;;
43.986236572265625;-0.359130859375;0.185302734375;0.91845703125;;;;;;;;;;;;;;;
43.989593505859375;-0.03857421875;0.06787109375;0.82861328125;;;;;;;;;;;;;;;
43.992889404296875;-0.076416015625;0.23046875;1.084716796875;;;;;;;;;;;;;;;
43.99627685546875;-0.189453125;-0.228515625;1.0810546875;;;;;;;;;;;;;;;
43.99969482421875;0.058349609375;0.10302734375;1.2177734375;;;;;;;;;;;;;;;
44.0030517578125;-0.212158203125;0.12548828125;0.822998046875;;;;;;;;;;;;;;;
44.0064697265625;0.075927734375;0.302490234375;0.899658203125;;;;;;;;;;;;;;;
44.009857177734375;-0.1884765625;0.10009765625;0.962158203125;;;;;;;;;;;;;;;
44.013214111328125;0.1357421875;-0.300048828125;1.136962890625;;;;;;;;;;;;;;;
44.01666259765625;-0.209716796875;0.161376953125;1.173583984375;;;;;;;;;;;;;;;
44.019989013671875;-0.220947265625;-0.140625;0.79541015625;;;;;;;;;;;;;;;
44.023345947265625;0.298828125;0.3125;1.102294921875;;;;;;;;;;;;;;;
44.0267333984375;-0.133056640625;0.170654296875;0.934814453125;;;;;;;;;;;;;;;
44.030120849609375;0.2216796875;0.11962890625;1.205078125;;;;;;;;;;;;;;;
44.03350830078125;-0.24072265625;0.1357421875;0.924072265625;;;;;;;;;;;;;;;
44.036895751953125;-0.053955078125;-0.101318359375;0.822509765625;;;;;;;;;;;;;;;
44.04022216796875;-0.099853515625;0.209716796875;0.95947265625;;;;;;;;;;;;;;;
44.0435791015625;0.047607421875;-0.163818359375;0.884765625;;;;;;;;;;;;;;;
44.046966552734375;0.51123046875;0.232666015625;1.30078125;;;;;;;;;;;;;;;
44.05035400390625;-0.195556640625;0.23291015625;0.998779296875;;;;;;;;;;;;;;;
44.0537109375;0.06494140625;0.2890625;0.914306640625;;;;;;;;;;;;;;;
44.05706787109375;-0.318115234375;0.041748046875;0.82177734375;;;;;;;;;;;;;;;
44.060394287109375;0.243408203125;-0.20703125;0.96240234375;;;;;;;;;;;;;;;
44.063751220703125;0.1142578125;0.04931640625;1.2646484375;;;;;;;;;;;;;;;
44.067108154296875;-0.356201171875;-0.12890625;0.957763671875;;;;;;;;;;;;;;;
44.070526123046875;0.29931640625;0.160888671875;1.10205078125;;;;;;;;;;;;;;;
44.073883056640625;-0.249755859375;0.292236328125;0.814208984375;;;;;;;;;;;;;;;
44.077301025390625;0.210205078125;0.370849609375;1.0458984375;;;;;;;;;;;;;;;
44.08062744140625;-0.19677734375;0.15625;0.99755859375;;;;;;;;;;;;;;;
44.083953857421875;0.171875;-0.11474609375;1.02392578125;;;;;;;;;;;;;;;
44.087249755859375;-0.158447265625;0.004150390625;0.996826171875;;;;;;;;;;;;;;;
44.090667724609375;-0.145263671875;-0.15771484375;0.738525390625;;;;;;;;;;;;;;;
44.09405517578125;0.4365234375;0.19287109375;1.16552734375;;;;;;;;;;;;;;;
44.097442626953125;0.017822265625;0.053466796875;1.02490234375;;;;;;;;;;;;;;;
44.100799560546875;0.15625;0.373291015625;1.217529296875;;;;;;;;;;;;;;;
44.104156494140625;-0.4521484375;0.08837890625;0.8720703125;;;;;;;;;;;;;;;
44.107574462890625;0.04736328125;0.211181640625;0.8427734375;;;;;;;;;;;;;;;
44.110931396484375;-0.10205078125;0.123779296875;1.0078125;;;;;;;;;;;;;;;
44.114410400390625;0.03515625;-0.2255859375;1.05224609375;;;;;;;;;;;;;;;
44.11785888671875;0.03125;0.113037109375;1.2421875;;;;;;;;;;;;;;;
44.12127685546875;-0.1123046875;0.052734375;0.840087890625;;;;;;;;;;;;;;;
44.124664306640625;0.07177734375;0.469482421875;0.9208984375;;;;;;;;;;;;;;;
44.128082275390625;-0.177978515625;0.08935546875;0.883544921875;;;;;;;;;;;;;;;
44.131500244140625;0.1796875;-0.059326171875;1.174560546875;;;;;;;;;;;;;;;
44.134918212890625;-0.29296875;0.03076171875;1.166259765625;;;;;;;;;;;;;;;
44.1383056640625;-0.219970703125;-0.11083984375;0.8623046875;;;;;;;;;;;;;;;
44.141815185546875;-0.039794921875;0.137939453125;1.01904296875;;;;;;;;;;;;;;;
44.145172119140625;-0.1162109375;0.130126953125;0.9091796875;;;;;;;;;;;;;;;
44.148529052734375;0.0888671875;0.208984375;1.201904296875;;;;;;;;;;;;;;;
44.151947021484375;-0.18701171875;0.0703125;0.977783203125;;;;;;;;;;;;;;;
44.155303955078125;0.060546875;0.087158203125;0.9228515625;;;;;;;;;;;;;;;
44.15875244140625;-0.22705078125;0.10595703125;0.8828125;;;;;;;;;;;;;;;
44.162109375;0.011962890625;-0.120849609375;0.97314453125;;;;;;;;;;;;;;;
44.165435791015625;0.041015625;0.112060546875;1.267333984375;;;;;;;;;;;;;;;
44.168731689453125;0.03271484375;-0.06494140625;1.059326171875;;;;;;;;;;;;;;;
44.172119140625;-0.15185546875;0.349365234375;1.0859375;;;;;;;;;;;;;;;
44.17547607421875;-0.197998046875;0.030517578125;0.817626953125;;;;;;;;;;;;;;;
44.17877197265625;-0.05322265625;-0.06591796875;0.99560546875;;;;;;;;;;;;;;;
44.18218994140625;-0.06689453125;0.01806640625;1.05126953125;;;;;;;;;;;;;;;
44.18560791015625;-0.034423828125;-0.07861328125;1.067138671875;;;;;;;;;;;;;;;
44.188995361328125;-0.12451171875;0.167236328125;1.075439453125;;;;;;;;;;;;;;;
44.19232177734375;-0.230224609375;0.088134765625;0.84375;;;;;;;;;;;;;;;
44.195648193359375;-0.102294921875;0.338623046875;1.0458984375;;;;;;;;;;;;;;;
44.19903564453125;-0.145263671875;0.09130859375;1.00830078125;;;;;;;;;;;;;;;
44.202423095703125;-0.013427734375;-0.056884765625;1.1533203125;;;;;;;;;;;;;;;
44.205963134765625;-0.21337890625;0.031005859375;0.95361328125;;;;;;;;;;;;;;;
44.209442138671875;0.02294921875;-0.11962890625;0.834716796875;;;;;;;;;;;;;;;
44.21282958984375;-0.060546875;0.306396484375;1.1484375;;;;;;;;;;;;;;;
44.21624755859375;0.068115234375;-0.140380859375;1.067138671875;;;;;;;;;;;;;;;
44.21966552734375;-0.10205078125;0.36181640625;1.227294921875;;;;;;;;;;;;;;;
44.223114013671875;-0.163330078125;-0.061767578125;0.814208984375;;;;;;;;;;;;;;;
44.22650146484375;0.1025390625;0.257568359375;0.938232421875;;;;;;;;;;;;;;;
44.2298583984375;-0.211181640625;0.085693359375;0.946044921875;;;;;;;;;;;;;;;
44.2332763671875;0.19921875;-0.081787109375;1.032470703125;;;;;;;;;;;;;;;
44.2366943359375;0.10986328125;0.2080078125;1.2587890625;;;;;;;;;;;;;;;
44.24005126953125;-0.070068359375;0.005126953125;0.91650390625;;;;;;;;;;;;;;;
44.243438720703125;-0.13037109375;0.378173828125;0.961181640625;;;;;;;;;;;;;;;
44.246795654296875;-0.179443359375;-0.151611328125;0.83447265625;;;;;;;;;;;;;;;
44.250152587890625;0.103515625;-0.071044921875;1.185546875;;;;;;;;;;;;;;;
44.253570556640625;-0.122314453125;0.033935546875;1.13427734375;;;;;;;;;;;;;;;
44.25689697265625;0.056396484375;0.126708984375;0.94677734375;;;;;;;;;;;;;;;
44.26025390625;-0.101806640625;0.23583984375;1.019775390625;;;;;;;;;;;;;;;
44.263641357421875;-0.1806640625;-0.005859375;0.888916015625;;;;;;;;;;;;;;;
44.266998291015625;0.076416015625;0.175048828125;1.2041015625;;;;;;;;;;;;;;;
44.2703857421875;-0.062744140625;0.03125;0.975830078125;;;;;;;;;;;;;;;
44.2738037109375;0.0546875;0.30712890625;0.9658203125;;;;;;;;;;;;;;;
44.277191162109375;-0.1181640625;-0.020263671875;0.89013671875;;;;;;;;;;;;;;;
44.280670166015625;0.03662109375;-0.02099609375;0.976806640625;;;;;;;;;;;;;;;
44.2840576171875;-0.046142578125;0.056640625;1.308349609375;;;;;;;;;;;;;;;
44.287445068359375;-0.167236328125;-0.035888671875;1.035888671875;;;;;;;;;;;;;;;
44.290863037109375;-0.098388671875;0.252197265625;1.080810546875;;;;;;;;;;;;;;;
44.294219970703125;-0.324462890625;-0.04296875;0.7373046875;;;;;;;;;;;;;;;
44.297515869140625;0.281005859375;0.483154296875;1.023681640625;;;;;;;;;;;;;;;
44.300933837890625;-0.109130859375;0.063720703125;1.05322265625;;;;;;;;;;;;;;;
44.30438232421875;-0.06396484375;0.070556640625;1.079833984375;;;;;;;;;;;;;;;
44.307830810546875;-0.066650390625;0.068359375;1.121826171875;;;;;;;;;;;;;;;
44.311187744140625;-0.26025390625;-0.005126953125;0.796142578125;;;;;;;;;;;;;;;
44.3145751953125;0.06298828125;0.201416015625;1.07080078125;;;;;;;;;;;;;;;
44.317962646484375;-0.129638671875;-0.07763671875;0.941162109375;;;;;;;;;;;;;;;
44.3212890625;0.123779296875;0.2138671875;1.2158203125;;;;;;;;;;;;;;;
44.324615478515625;-0.224609375;0.03271484375;0.915771484375;;;;;;;;;;;;;;;
44.328033447265625;0.230224609375;0.052490234375;0.930908203125;;;;;;;;;;;;;;;
44.331390380859375;-0.110595703125;0.222900390625;1.03369140625;;;;;;;;;;;;;;;
44.334716796875;-0.111572265625;-0.093505859375;1.00634765625;;;;;;;;;;;;;;;
44.338165283203125;-0.1181640625;0.23583984375;1.262451171875;;;;;;;;;;;;;;;
44.341461181640625;-0.141357421875;-0.142578125;0.866943359375;;;;;;;;;;;;;;;
44.344879150390625;0.15771484375;0.3818359375;0.940185546875;;;;;;;;;;;;;;;
44.348297119140625;-0.20166015625;0.076171875;0.848876953125;;;;;;;;;;;;;;;
44.35174560546875;0.3359375;0.0517578125;1.03515625;;;;;;;;;;;;;;;
44.355133056640625;0.26123046875;0.13916015625;1.283935546875;;;;;;;;;;;;;;;
44.35845947265625;-0.118896484375;-0.000732421875;0.927490234375;;;;;;;;;;;;;;;
44.361907958984375;-0.17333984375;0.224853515625;1.01025390625;;;;;;;;;;;;;;;
44.3653564453125;-0.297119140625;-0.124755859375;0.794677734375;;;;;;;;;;;;;;;
44.368743896484375;0.09326171875;0.1728515625;1.159912109375;;;;;;;;;;;;;;;
44.372161865234375;-0.14697265625;-0.016845703125;1.0830078125;;;;;;;;;;;;;;;
44.3756103515625;0.109130859375;0.239013671875;0.976806640625;;;;;;;;;;;;;;;
44.37896728515625;0.049560546875;0.17041015625;0.990234375;;;;;;;;;;;;;;;
44.38232421875;-0.11474609375;0.122802734375;0.8759765625;;;;;;;;;;;;;;;
44.3857421875;0.018310546875;0.044921875;1.195068359375;;;;;;;;;;;;;;;
44.38916015625;-0.06298828125;-0.071533203125;1.0244140625;;;;;;;;;;;;;;;
44.3924560546875;-0.077392578125;0.3125;1.0322265625;;;;;;;;;;;;;;;
44.395904541015625;-0.2890625;-0.024169921875;0.77392578125;;;;;;;;;;;;;;;
44.399261474609375;0.1943359375;0.09130859375;1.01318359375;;;;;;;;;;;;;;;
44.402679443359375;0.0380859375;0.140625;1.236328125;;;;;;;;;;;;;;;
44.406097412109375;0.041259765625;0.017333984375;1.06494140625;;;;;;;;;;;;;;;
44.409515380859375;-0.129150390625;0.25830078125;1.111572265625;;;;;;;;;;;;;;;
44.412811279296875;-0.11083984375;-0.18310546875;0.739501953125;;;;;;;;;;;;;;;
44.41619873046875;0.0341796875;0.385009765625;1.0146484375;;;;;;;;;;;;;;;
44.41961669921875;-0.151123046875;-0.00830078125;0.947021484375;;;;;;;;;;;;;;;
44.422943115234375;0.111328125;0.16064453125;1.1552734375;;;;;;;;;;;;;;;
44.42633056640625;-0.18017578125;0.07666015625;1.06396484375;;;;;;;;;;;;;;;
44.429718017578125;-0.05908203125;-0.008056640625;0.848876953125;;;;;;;;;;;;;;;
44.433074951171875;-0.05517578125;0.2451171875;1.05908203125;;;;;;;;;;;;;;;
44.436492919921875;-0.029541015625;-0.327880859375;0.962646484375;;;;;;;;;;;;;;;
44.4398193359375;-0.0068359375;0.298583984375;1.205322265625;;;;;;;;;;;;;;;
44.44317626953125;-0.20361328125;-0.063232421875;0.884521484375;;;;;;;;;;;;;;;
44.446624755859375;0.132080078125;0.331298828125;0.9541015625;;;;;;;;;;;;;;;
44.45001220703125;-0.19580078125;0.194580078125;0.951416015625;;;;;;;;;;;;;;;
44.453338623046875;-0.063720703125;-0.000244140625;1.03125;;;;;;;;;;;;;;;
44.456695556640625;-0.0771484375;0.01220703125;1.22998046875;;;;;;;;;;;;;;;
44.46002197265625;-0.049560546875;-0.3046875;0.952880859375;;;;;;;;;;;;;;;
44.46337890625;0.048828125;0.36865234375;0.9697265625;;;;;;;;;;;;;;;
44.466766357421875;-0.2431640625;-0.06005859375;0.8017578125;;;;;;;;;;;;;;;
44.470123291015625;0.18896484375;0.2060546875;1.2099609375;;;;;;;;;;;;;;;
44.47357177734375;0.044921875;0.0869140625;1.21533203125;;;;;;;;;;;;;;;
44.4769287109375;-0.07421875;-0.085205078125;0.987548828125;;;;;;;;;;;;;;;
44.4803466796875;-0.22509765625;0.19677734375;0.98193359375;;;;;;;;;;;;;;;
44.483734130859375;-0.2333984375;-0.20849609375;0.79541015625;;;;;;;;;;;;;;;
44.487060546875;-0.02783203125;0.278564453125;1.152099609375;;;;;;;;;;;;;;;
44.490447998046875;-0.068603515625;-0.076171875;1.002197265625;;;;;;;;;;;;;;;
44.493865966796875;0.09423828125;0.30126953125;1.09521484375;;;;;;;;;;;;;;;
44.497222900390625;-0.327392578125;0.121826171875;0.892822265625;;;;;;;;;;;;;;;
44.50054931640625;-0.00146484375;0.087890625;0.8671875;;;;;;;;;;;;;;;
44.503875732421875;-0.068359375;0.109130859375;1.16748046875;;;;;;;;;;;;;;;
44.50726318359375;0.138916015625;-0.21630859375;1.068115234375;;;;;;;;;;;;;;;
44.510711669921875;-0.266357421875;0.388916015625;1.125;;;;;;;;;;;;;;;
44.51409912109375;-0.373291015625;-0.1767578125;0.772705078125;;;;;;;;;;;;;;;
44.51751708984375;0.0634765625;0.2646484375;1.064697265625;;;;;;;;;;;;;;;
44.52093505859375;-0.41455078125;0.052001953125;1.25146484375;;;;;;;;;;;;;;;
44.524322509765625;-0.200927734375;-0.03955078125;1.072998046875;;;;;;;;;;;;;;;
44.527740478515625;-0.172119140625;0.068359375;1.10791015625;;;;;;;;;;;;;;;
44.5311279296875;0.07763671875;-0.190185546875;0.717529296875;;;;;;;;;;;;;;;
44.5345458984375;0.020263671875;0.445068359375;1.059814453125;;;;;;;;;;;;;;;
44.53790283203125;-0.34375;-0.0537109375;0.926025390625;;;;;;;;;;;;;;;
44.54132080078125;0.03759765625;0.260498046875;1.169677734375;;;;;;;;;;;;;;;
44.544677734375;-0.134033203125;-0.09716796875;1.09619140625;;;;;;;;;;;;;;;
44.548126220703125;-0.048095703125;-0.060302734375;0.89599609375;;;;;;;;;;;;;;;
44.551483154296875;-0.189208984375;0.117431640625;1.042236328125;;;;;;;;;;;;;;;
44.554901123046875;0.033447265625;-0.10400390625;0.9873046875;;;;;;;;;;;;;;;
44.55828857421875;-0.08935546875;0.458984375;1.1982421875;;;;;;;;;;;;;;;
44.561737060546875;-0.026611328125;-0.205322265625;0.883544921875;;;;;;;;;;;;;;;
44.565216064453125;0.194091796875;0.366455078125;1.042236328125;;;;;;;;;;;;;;;
44.568572998046875;-0.445556640625;0.1337890625;0.89111328125;;;;;;;;;;;;;;;
44.57196044921875;0.00341796875;0.0146484375;1.024658203125;;;;;;;;;;;;;;;
44.5753173828125;-0.182373046875;-0.086181640625;1.203369140625;;;;;;;;;;;;;;;
44.57867431640625;0.132568359375;-0.30078125;0.99609375;;;;;;;;;;;;;;;
44.58209228515625;-0.14501953125;0.31005859375;0.992919921875;;;;;;;;;;;;;;;
44.585418701171875;-0.189697265625;-0.12158203125;0.791015625;;;;;;;;;;;;;;;
44.58880615234375;0.07421875;0.31640625;1.212158203125;;;;;;;;;;;;;;;
44.5921630859375;0.045166015625;0.03369140625;1.20166015625;;;;;;;;;;;;;;;
44.595550537109375;-0.082763671875;0.06298828125;1.052734375;;;;;;;;;;;;;;;
44.59906005859375;-0.277587890625;0.03271484375;0.929443359375;;;;;;;;;;;;;;;
44.602447509765625;-0.203125;-0.09521484375;0.788818359375;;;;;;;;;;;;;;;
44.605865478515625;-0.027587890625;0.127197265625;1.122314453125;;;;;;;;;;;;;;;
44.6092529296875;0.00830078125;-0.22021484375;1.043212890625;;;;;;;;;;;;;;;
44.612579345703125;0.254638671875;0.385986328125;1.147705078125;;;;;;;;;;;;;;;
44.61590576171875;-0.18603515625;-0.023681640625;0.90771484375;;;;;;;;;;;;;;;
44.61932373046875;-0.076904296875;0.19873046875;0.95263671875;;;;;;;;;;;;;;;
44.6226806640625;-0.05224609375;-0.006103515625;1.142578125;;;;;;;;;;;;;;;
44.626068115234375;0.0380859375;-0.256591796875;1.068115234375;;;;;;;;;;;;;;;
44.629486083984375;-0.09228515625;0.247314453125;1.09765625;;;;;;;;;;;;;;;
44.63287353515625;-0.22509765625;-0.255859375;0.751708984375;;;;;;;;;;;;;;;
44.63629150390625;0.182373046875;0.291015625;1.093994140625;;;;;;;;;;;;;;;
44.639739990234375;-0.37255859375;0.126953125;0.979248046875;;;;;;;;;;;;;;;
44.643157958984375;-0.089599609375;0.111572265625;1.123779296875;;;;;;;;;;;;;;;
44.646575927734375;-0.2568359375;0.09423828125;1.068603515625;;;;;;;;;;;;;;;
44.649932861328125;0.080810546875;-0.21533203125;0.873779296875;;;;;;;;;;;;;;;
44.653289794921875;-0.0712890625;0.2666015625;0.969970703125;;;;;;;;;;;;;;;
44.65673828125;-0.03662109375;-0.15673828125;0.937744140625;;;;;;;;;;;;;;;
44.660064697265625;0.0302734375;0.353759765625;1.25146484375;;;;;;;;;;;;;;;
44.663543701171875;-0.11181640625;-0.0615234375;1.038818359375;;;;;;;;;;;;;;;
44.666961669921875;0.090576171875;0.083251953125;0.96728515625;;;;;;;;;;;;;;;
44.670379638671875;-0.1884765625;0.075927734375;1.00439453125;;;;;;;;;;;;;;;
44.673736572265625;0.03564453125;0.012939453125;0.965087890625;;;;;;;;;;;;;;;
44.677093505859375;-0.04150390625;0.309814453125;1.154541015625;;;;;;;;;;;;;;;
44.6805419921875;0.033935546875;-0.198974609375;0.888916015625;;;;;;;;;;;;;;;
44.6839599609375;0.067626953125;0.323486328125;1.06396484375;;;;;;;;;;;;;;;
44.68731689453125;-0.26708984375;0.13720703125;0.847900390625;;;;;;;;;;;;;;;
44.69085693359375;0.145751953125;0.11328125;1.056396484375;;;;;;;;;;;;;;;
44.6942138671875;-0.078857421875;-0.049072265625;1.144775390625;;;;;;;;;;;;;;;
44.697601318359375;0.1533203125;-0.307373046875;1.067626953125;;;;;;;;;;;;;;;
44.701019287109375;-0.177978515625;0.306884765625;0.95458984375;;;;;;;;;;;;;;;
44.704437255859375;-0.165771484375;-0.0732421875;0.7626953125;;;;;;;;;;;;;;;
44.70782470703125;0.038330078125;0.400146484375;1.1865234375;;;;;;;;;;;;;;;
44.71124267578125;-0.087890625;-0.0751953125;1.122314453125;;;;;;;;;;;;;;;
44.714691162109375;0.120849609375;0.077880859375;1.156494140625;;;;;;;;;;;;;;;
44.718017578125;-0.28125;0.028076171875;0.84619140625;;;;;;;;;;;;;;;
44.72137451171875;0.166015625;0.0654296875;0.80322265625;;;;;;;;;;;;;;;
44.724700927734375;-0.032958984375;0.240966796875;1.08154296875;;;;;;;;;;;;;;;
44.72808837890625;0.029541015625;-0.186279296875;1.029296875;;;;;;;;;;;;;;;
44.731475830078125;-0.0869140625;0.3212890625;1.183837890625;;;;;;;;;;;;;;;
44.73486328125;-0.241455078125;-0.1611328125;0.8564453125;;;;;;;;;;;;;;;
44.738250732421875;0.1513671875;0.167724609375;1.037841796875;;;;;;;;;;;;;;;
44.741790771484375;-0.220703125;0.115966796875;1.058349609375;;;;;;;;;;;;;;;
44.745147705078125;0.192138671875;0.037353515625;1.12841796875;;;;;;;;;;;;;;;
44.748626708984375;-0.239990234375;0.289306640625;1.065673828125;;;;;;;;;;;;;;;
44.75201416015625;-0.153564453125;-0.24462890625;0.767333984375;;;;;;;;;;;;;;;
44.75543212890625;-0.104248046875;0.25927734375;1.05712890625;;;;;;;;;;;;;;;
44.75872802734375;-0.239013671875;0.025390625;0.93798828125;;;;;;;;;;;;;;;
44.762115478515625;0.103271484375;0.11962890625;1.179443359375;;;;;;;;;;;;;;;
44.76556396484375;-0.240234375;0.081298828125;1.00927734375;;;;;;;;;;;;;;;
44.7689208984375;0.173583984375;-0.07763671875;0.956298828125;;;;;;;;;;;;;;;
44.772247314453125;-0.180419921875;0.250732421875;0.952392578125;;;;;;;;;;;;;;;
44.775634765625;-0.135009765625;-0.12451171875;0.870361328125;;;;;;;;;;;;;;;
44.779083251953125;0.14111328125;0.303955078125;1.259765625;;;;;;;;;;;;;;;
44.78253173828125;-0.203125;-0.1611328125;1.031494140625;;;;;;;;;;;;;;;
44.785919189453125;0.17431640625;0.079833984375;1.03857421875;;;;;;;;;;;;;;;
44.789276123046875;-0.313720703125;0.205078125;0.76806640625;;;;;;;;;;;;;;;
44.792694091796875;0.09619140625;0.17041015625;0.975341796875;;;;;;;;;;;;;;;
44.79608154296875;-0.13330078125;0.27880859375;1.121826171875;;;;;;;;;;;;;;;
44.7994384765625;0.067138671875;-0.28662109375;1.087890625;;;;;;;;;;;;;;;
44.802825927734375;-0.126953125;0.210693359375;1.057373046875;;;;;;;;;;;;;;;
44.80615234375;-0.437744140625;-0.0126953125;0.75537109375;;;;;;;;;;;;;;;
44.809600830078125;0.407958984375;0.17041015625;1.1611328125;;;;;;;;;;;;;;;
44.812896728515625;-0.0703125;0.114501953125;1.056884765625;;;;;;;;;;;;;;;
44.816314697265625;0.3642578125;-0.0576171875;1.134521484375;;;;;;;;;;;;;;;
44.819671630859375;-0.432373046875;0.284423828125;0.9970703125;;;;;;;;;;;;;;;
44.823028564453125;-0.314453125;-0.12841796875;0.769775390625;;;;;;;;;;;;;;;
44.82635498046875;-0.07666015625;0.30322265625;1.13037109375;;;;;;;;;;;;;;;
44.829742431640625;-0.197021484375;-0.24951171875;1.154052734375;;;;;;;;;;;;;;;
44.833099365234375;-0.040283203125;0.132080078125;1.16748046875;;;;;;;;;;;;;;;
44.83648681640625;-0.232177734375;-0.0458984375;0.848876953125;;;;;;;;;;;;;;;
44.839874267578125;0.18603515625;0.285400390625;0.854248046875;;;;;;;;;;;;;;;
44.843231201171875;-0.123046875;0.262451171875;1.029052734375;;;;;;;;;;;;;;;
44.84661865234375;0.089111328125;-0.2177734375;1.088623046875;;;;;;;;;;;;;;;
44.850006103515625;-0.232421875;0.209228515625;1.233642578125;;;;;;;;;;;;;;;
44.853424072265625;-0.3212890625;-0.318115234375;0.88525390625;;;;;;;;;;;;;;;
44.8568115234375;-0.02587890625;0.158935546875;1.033447265625;;;;;;;;;;;;;;;
44.8602294921875;-0.156494140625;0.09228515625;1.008544921875;;;;;;;;;;;;;;;
44.863616943359375;0.154296875;0.284912109375;1.11962890625;;;;;;;;;;;;;;;
44.8670654296875;-0.275390625;0.240234375;1.04248046875;;;;;;;;;;;;;;;
44.870452880859375;0.133544921875;-0.179443359375;0.826171875;;;;;;;;;;;;;;;
44.87384033203125;-0.119873046875;0.201171875;1.032470703125;;;;;;;;;;;;;;;
44.87725830078125;-0.323974609375;-0.069091796875;0.902099609375;;;;;;;;;;;;;;;
44.880584716796875;0.082275390625;0.0478515625;1.204833984375;;;;;;;;;;;;;;;
44.88397216796875;-0.1796875;-0.0029296875;1.024658203125;;;;;;;;;;;;;;;
44.887359619140625;0.204833984375;0.103271484375;0.997802734375;;;;;;;;;;;;;;;
44.89068603515625;-0.2451171875;0.245849609375;0.925048828125;;;;;;;;;;;;;;;
44.894073486328125;-0.0009765625;0.069091796875;0.92822265625;;;;;;;;;;;;;;;
44.897430419921875;-0.037841796875;0.248779296875;1.183349609375;;;;;;;;;;;;;;;
44.90087890625;-0.009765625;-0.23681640625;1.05517578125;;;;;;;;;;;;;;;
44.90423583984375;0.059326171875;0.10791015625;1.098388671875;;;;;;;;;;;;;;;
44.9075927734375;-0.20849609375;0.044677734375;0.778564453125;;;;;;;;;;;;;;;
44.9110107421875;0.148681640625;0.4072265625;0.9794921875;;;;;;;;;;;;;;;
44.914398193359375;-0.035400390625;0.051025390625;1.09033203125;;;;;;;;;;;;;;;
44.917755126953125;0.054931640625;-0.16845703125;1.171630859375;;;;;;;;;;;;;;;
44.921112060546875;-0.1455078125;0.126220703125;1.0625;;;;;;;;;;;;;;;
44.9244384765625;-0.20361328125;-0.130615234375;0.82861328125;;;;;;;;;;;;;;;
44.927825927734375;0.043212890625;0.187255859375;1.1328125;;;;;;;;;;;;;;;
44.93121337890625;-0.0927734375;-0.024658203125;1.03369140625;;;;;;;;;;;;;;;
44.934539794921875;0.169921875;0.01025390625;1.154052734375;;;;;;;;;;;;;;;
44.937896728515625;-0.206298828125;0.2353515625;0.85693359375;;;;;;;;;;;;;;;
44.9412841796875;0.041748046875;0.075439453125;0.8466796875;;;;;;;;;;;;;;;
44.944671630859375;-0.183837890625;0.338623046875;1.0703125;;;;;;;;;;;;;;;
44.94805908203125;-0.06689453125;-0.265380859375;1.0439453125;;;;;;;;;;;;;;;
44.95147705078125;0.064697265625;0.073486328125;1.2431640625;;;;;;;;;;;;;;;
44.954864501953125;-0.166259765625;0.022705078125;0.823974609375;;;;;;;;;;;;;;;
44.95831298828125;0.1337890625;0.402587890625;1.010009765625;;;;;;;;;;;;;;;
44.961639404296875;-0.1044921875;0.264892578125;0.943603515625;;;;;;;;;;;;;;;
44.965057373046875;0.109619140625;-0.142822265625;1.13818359375;;;;;;;;;;;;;;;
44.968414306640625;-0.13330078125;0.08447265625;1.221435546875;;;;;;;;;;;;;;;
44.971710205078125;-0.219482421875;-0.2822265625;0.883544921875;;;;;;;;;;;;;;;
44.97515869140625;0.14501953125;0.130615234375;1.0439453125;;;;;;;;;;;;;;;
44.978546142578125;-0.127685546875;0.22998046875;0.897705078125;;;;;;;;;;;;;;;
44.98193359375;0.213623046875;0.299560546875;1.168212890625;;;;;;;;;;;;;;;
44.985260009765625;-0.262939453125;0.310791015625;0.966796875;;;;;;;;;;;;;;;
44.988677978515625;0.173583984375;-0.136962890625;0.87353515625;;;;;;;;;;;;;;;
44.9920654296875;-0.203369140625;0.002685546875;0.948486328125;;;;;;;;;;;;;;;
44.995391845703125;-0.037841796875;-0.16796875;0.889892578125;;;;;;;;;;;;;;;
44.998809814453125;0.26318359375;0.118408203125;1.25341796875;;;;;;;;;;;;;;;
45.00225830078125;-0.152099609375;0.031005859375;1.007568359375;;;;;;;;;;;;;;;
45.005584716796875;0.146728515625;0.124755859375;1.05712890625;;;;;;;;;;;;;;;
45.0089111328125;-0.3046875;0.19140625;0.847900390625;;;;;;;;;;;;;;;
45.012298583984375;0.0966796875;0.185791015625;0.903076171875;;;;;;;;;;;;;;;
45.0157470703125;0.137939453125;0.1513671875;1.165771484375;;;;;;;;;;;;;;;
45.0191650390625;-0.0615234375;-0.189453125;1.0556640625;;;;;;;;;;;;;;;
45.022491455078125;0.143310546875;0.14501953125;1.122802734375;;;;;;;;;;;;;;;
45.02581787109375;-0.24951171875;0.18603515625;0.79052734375;;;;;;;;;;;;;;;
45.029266357421875;0.02099609375;0.32763671875;1.00927734375;;;;;;;;;;;;;;;
45.032623291015625;-0.224609375;-0.04248046875;0.99267578125;;;;;;;;;;;;;;;
45.0360107421875;0.191162109375;-0.185791015625;1.166748046875;;;;;;;;;;;;;;;
45.03936767578125;-0.158203125;0.099853515625;1.016357421875;;;;;;;;;;;;;;;
45.042816162109375;-0.09130859375;0.09228515625;0.751708984375;;;;;;;;;;;;;;;
45.046142578125;0.313720703125;0.287841796875;1.16552734375;;;;;;;;;;;;;;;
45.04962158203125;-0.177978515625;0.016357421875;1.0009765625;;;;;;;;;;;;;;;
45.05303955078125;0.204833984375;0.177001953125;1.250244140625;;;;;;;;;;;;;;;
45.056427001953125;-0.448974609375;0.057373046875;0.802490234375;;;;;;;;;;;;;;;
45.059906005859375;-0.01708984375;0.137451171875;0.81689453125;;;;;;;;;;;;;;;
45.063323974609375;-0.06005859375;0.0849609375;1.0048828125;;;;;;;;;;;;;;;
45.066864013671875;0.10400390625;-0.139404296875;1.009521484375;;;;;;;;;;;;;;;
45.0701904296875;0.32470703125;0.154296875;1.29541015625;;;;;;;;;;;;;;;
45.07354736328125;-0.127197265625;-0.037841796875;0.861572265625;;;;;;;;;;;;;;;
45.076934814453125;0.041748046875;0.396728515625;1.04248046875;;;;;;;;;;;;;;;
45.080291748046875;-0.298095703125;0.077392578125;0.870849609375;;;;;;;;;;;;;;;
45.083740234375;0.19775390625;0.22509765625;1.096435546875;;;;;;;;;;;;;;;
45.08709716796875;-0.088134765625;0.052978515625;1.115966796875;;;;;;;;;;;;;;;
45.0904541015625;-0.23291015625;-0.05712890625;0.852783203125;;;;;;;;;;;;;;;
45.093780517578125;0.265625;0.205078125;1.077880859375;;;;;;;;;;;;;;;
45.09716796875;-0.141845703125;0.2119140625;0.840087890625;;;;;;;;;;;;;;;
45.10052490234375;0.266357421875;0.274169921875;1.192626953125;;;;;;;;;;;;;;;
45.10400390625;-0.225830078125;0.1240234375;0.966796875;;;;;;;;;;;;;;;
45.107452392578125;0.105712890625;0.06103515625;1.09814453125;;;;;;;;;;;;;;;
45.110809326171875;-0.243408203125;-0.009033203125;0.926513671875;;;;;;;;;;;;;;;
45.11419677734375;-0.017822265625;-0.13330078125;0.8427734375;;;;;;;;;;;;;;;
45.1175537109375;0.3466796875;0.122802734375;1.279541015625;;;;;;;;;;;;;;;
45.120880126953125;-0.005126953125;0.047607421875;1.0087890625;;;;;;;;;;;;;;;
45.12420654296875;0.084228515625;0.36083984375;1.146240234375;;;;;;;;;;;;;;;
45.12762451171875;-0.32666015625;0.107177734375;0.791259765625;;;;;;;;;;;;;;;
45.131011962890625;0.0830078125;0.30419921875;0.962158203125;;;;;;;;;;;;;;;
45.13433837890625;-0.1025390625;-0.01416015625;1.067138671875;;;;;;;;;;;;;;;
45.137786865234375;0.081298828125;-0.1767578125;1.0966796875;;;;;;;;;;;;;;;
45.14117431640625;-0.10595703125;0.19189453125;1.113525390625;;;;;;;;;;;;;;;
45.144561767578125;-0.10595703125;0.1513671875;0.818115234375;;;;;;;;;;;;;;;
45.148040771484375;-0.129150390625;0.505859375;1.04931640625;;;;;;;;;;;;;;;
45.1513671875;-0.148193359375;-0.19580078125;0.9560546875;;;;;;;;;;;;;;;
45.1546630859375;0.093017578125;-0.03564453125;1.200927734375;;;;;;;;;;;;;;;
45.15814208984375;-0.189453125;-0.0810546875;1.0;;;;;;;;;;;;;;;
45.161468505859375;-0.05419921875;0.11767578125;0.843017578125;;;;;;;;;;;;;;;
45.16485595703125;-0.065673828125;0.20068359375;1.050048828125;;;;;;;;;;;;;;;
45.168304443359375;-0.03173828125;0.0224609375;1.020751953125;;;;;;;;;;;;;;;
45.171722412109375;-0.046875;0.25244140625;1.25341796875;;;;;;;;;;;;;;;
45.175201416015625;-0.248046875;0.06396484375;0.869384765625;;;;;;;;;;;;;;;
45.178558349609375;-0.005859375;0.194580078125;0.91650390625;;;;;;;;;;;;;;;
45.181915283203125;-0.16748046875;0.031982421875;0.89013671875;;;;;;;;;;;;;;;
45.18524169921875;0.16064453125;-0.15283203125;1.112548828125;;;;;;;;;;;;;;;
45.188629150390625;-0.05322265625;0.141357421875;1.261474609375;;;;;;;;;;;;;;;
45.192047119140625;-0.0556640625;-0.08642578125;0.939453125;;;;;;;;;;;;;;;
45.1954345703125;-0.198486328125;0.407470703125;1.01220703125;;;;;;;;;;;;;;;
45.19879150390625;-0.2099609375;-0.03759765625;0.8515625;;;;;;;;;;;;;;;
45.2022705078125;0.00927734375;0.2724609375;1.11572265625;;;;;;;;;;;;;;;
45.205657958984375;-0.065185546875;0.027587890625;1.06396484375;;;;;;;;;;;;;;;
45.209014892578125;-0.0322265625;0.025390625;0.9580078125;;;;;;;;;;;;;;;
45.212493896484375;-0.07470703125;0.125732421875;1.0146484375;;;;;;;;;;;;;;;
45.215911865234375;-0.15966796875;0.038330078125;0.88037109375;;;;;;;;;;;;;;;
45.21929931640625;-0.010009765625;0.246337890625;1.17578125;;;;;;;;;;;;;;;
45.222686767578125;-0.103271484375;-0.350830078125;1.0029296875;;;;;;;;;;;;;;;
45.226043701171875;-0.054443359375;0.12841796875;1.116943359375;;;;;;;;;;;;;;;
45.2294921875;-0.1845703125;0.055908203125;0.88330078125;;;;;;;;;;;;;;;
45.232879638671875;0.120361328125;0.32763671875;0.934326171875;;;;;;;;;;;;;;;
45.236236572265625;-0.099365234375;0.17822265625;1.13232421875;;;;;;;;;;;;;;;
45.2396240234375;0.015869140625;-0.154296875;1.069580078125;;;;;;;;;;;;;;;
45.24298095703125;-0.136474609375;0.39306640625;1.17529296875;;;;;;;;;;;;;;;
45.24639892578125;-0.223388671875;-0.36083984375;0.765869140625;;;;;;;;;;;;;;;
45.24981689453125;0.08056640625;0.42724609375;1.00244140625;;;;;;;;;;;;;;;
45.253204345703125;-0.219482421875;-0.02587890625;1.037841796875;;;;;;;;;;;;;;;
45.25665283203125;0.100341796875;0.066162109375;1.198486328125;;;;;;;;;;;;;;;
45.259979248046875;-0.001220703125;0.14501953125;1.1669921875;;;;;;;;;;;;;;;
45.26336669921875;-0.123291015625;-0.017578125;0.836181640625;;;;;;;;;;;;;;;
45.266845703125;-0.140625;0.4150390625;1.032958984375;;;;;;;;;;;;;;;
45.270294189453125;-0.087890625;-0.328369140625;0.947265625;;;;;;;;;;;;;;;
45.273712158203125;-0.03466796875;0.186767578125;1.21630859375;;;;;;;;;;;;;;;
45.277099609375;-0.205322265625;-0.11328125;1.009033203125;;;;;;;;;;;;;;;
45.280487060546875;0.0556640625;0.271728515625;0.8857421875;;;;;;;;;;;;;;;
45.283843994140625;-0.123291015625;0.252197265625;1.02783203125;;;;;;;;;;;;;;;
45.287200927734375;-0.1279296875;-0.00537109375;1.01025390625;;;;;;;;;;;;;;;
45.29052734375;-0.09716796875;0.0966796875;1.249267578125;;;;;;;;;;;;;;;
45.293975830078125;-0.08349609375;-0.11865234375;0.903076171875;;;;;;;;;;;;;;;
45.29730224609375;0.01708984375;0.35009765625;0.91943359375;;;;;;;;;;;;;;;
45.30059814453125;-0.109375;-0.02978515625;0.874267578125;;;;;;;;;;;;;;;
45.303985595703125;0.0947265625;0.02685546875;1.1298828125;;;;;;;;;;;;;;;
45.307373046875;-0.13134765625;0.139892578125;1.3056640625;;;;;;;;;;;;;;;
45.3106689453125;-0.192626953125;-0.039306640625;0.947021484375;;;;;;;;;;;;;;;
45.31402587890625;-0.121826171875;0.241455078125;1.01220703125;;;;;;;;;;;;;;;
45.3173828125;-0.031005859375;-0.04833984375;0.75;;;;;;;;;;;;;;;
45.32080078125;0.181640625;0.3828125;1.12646484375;;;;;;;;;;;;;;;
45.324188232421875;-0.050048828125;0.032958984375;1.043701171875;;;;;;;;;;;;;;;
45.32757568359375;0.048583984375;0.138916015625;1.027587890625;;;;;;;;;;;;;;;
45.33099365234375;-0.09912109375;0.049560546875;1.00634765625;;;;;;;;;;;;;;;
45.3343505859375;-0.16796875;0.033447265625;0.84375;;;;;;;;;;;;;;;
45.33782958984375;-0.01953125;0.11669921875;1.173828125;;;;;;;;;;;;;;;
45.341339111328125;-0.060791015625;-0.265625;1.00146484375;;;;;;;;;;;;;;;
45.3447265625;0.01904296875;0.337890625;1.1337890625;;;;;;;;;;;;;;;
45.348175048828125;-0.156982421875;0.01171875;0.806640625;;;;;;;;;;;;;;;
45.351531982421875;0.266357421875;0.362548828125;0.984130859375;;;;;;;;;;;;;;;
45.354888916015625;-0.1572265625;0.13916015625;1.114990234375;;;;;;;;;;;;;;;
45.358245849609375;-0.128662109375;-0.141357421875;1.039306640625;;;;;;;;;;;;;;;
45.36163330078125;-0.166015625;-0.014404296875;1.18017578125;;;;;;;;;;;;;;;
45.36505126953125;-0.103515625;-0.175048828125;0.81298828125;;;;;;;;;;;;;;;
45.36846923828125;0.125244140625;0.45263671875;0.97119140625;;;;;;;;;;;;;;;
45.371826171875;-0.147705078125;-0.0419921875;0.95263671875;;;;;;;;;;;;;;;
45.37518310546875;0.26318359375;0.218017578125;1.26123046875;;;;;;;;;;;;;;;
45.378509521484375;0.12060546875;0.06298828125;1.170166015625;;;;;;;;;;;;;;;
45.381927490234375;-0.140869140625;-0.002197265625;0.834716796875;;;;;;;;;;;;;;;
45.38531494140625;-0.126708984375;0.222412109375;0.98388671875;;;;;;;;;;;;;;;
45.388702392578125;-0.109130859375;-0.21240234375;0.9169921875;;;;;;;;;;;;;;;
45.39208984375;0.0380859375;0.333251953125;1.214599609375;;;;;;;;;;;;;;;
45.395477294921875;-0.181640625;-0.060546875;0.96630859375;;;;;;;;;;;;;;;
45.39886474609375;0.187255859375;0.311767578125;0.923095703125;;;;;;;;;;;;;;;
45.402252197265625;-0.0048828125;0.211181640625;0.98828125;;;;;;;;;;;;;;;
45.40557861328125;-0.11865234375;0.032470703125;1.017822265625;;;;;;;;;;;;;;;
45.408966064453125;-0.073486328125;0.01318359375;1.242431640625;;;;;;;;;;;;;;;
45.41241455078125;-0.077392578125;-0.197021484375;0.94873046875;;;;;;;;;;;;;;;
45.415740966796875;-0.08349609375;0.3955078125;0.995361328125;;;;;;;;;;;;;;;
45.4190673828125;-0.24462890625;-0.05712890625;0.791259765625;;;;;;;;;;;;;;;
45.422454833984375;0.2001953125;0.132568359375;1.150390625;;;;;;;;;;;;;;;
45.42578125;0.01318359375;0.08642578125;1.244384765625;;;;;;;;;;;;;;;
45.42913818359375;-0.03271484375;0.09228515625;1.010498046875;;;;;;;;;;;;;;;
45.432586669921875;-0.154052734375;0.286865234375;0.9931640625;;;;;;;;;;;;;;;
45.4359130859375;-0.06982421875;-0.19677734375;-1.7412109375;;;;;;;;;;;;;;;
45.439300537109375;0.02587890625;0.28515625;1.091064453125;;;;;;;;;;;;;;;
45.442657470703125;-0.04296875;-0.090087890625;1.010498046875;;;;;;;;;;;;;;;
45.446136474609375;-0.0029296875;0.2763671875;1.099365234375;;;;;;;;;;;;;;;
45.4495849609375;-0.2109375;0.103271484375;0.95654296875;;;;;;;;;;;;;;;
45.45294189453125;-0.018310546875;0.141357421875;0.896728515625;;;;;;;;;;;;;;;
45.456268310546875;-0.110107421875;0.099365234375;1.160400390625;;;;;;;;;;;;;;;
45.459716796875;0.05859375;-0.38623046875;1.039306640625;;;;;;;;;;;;;;;
45.463104248046875;-0.146484375;0.32763671875;1.138916015625;;;;;;;;;;;;;;;
45.4664306640625;-0.100341796875;-0.089599609375;0.78369140625;;;;;;;;;;;;;;;
45.46978759765625;0.09130859375;0.4501953125;1.008544921875;;;;;;;;;;;;;;;
45.473175048828125;-0.2431640625;0.15185546875;0.99462890625;;;;;;;;;;;;;;;
45.476654052734375;0.15576171875;-0.03173828125;1.09033203125;;;;;;;;;;;;;;;
45.48004150390625;-0.2255859375;-0.018798828125;1.149169921875;;;;;;;;;;;;;;;
45.483367919921875;0.001220703125;-0.3916015625;0.876708984375;;;;;;;;;;;;;;;
45.48675537109375;-0.151611328125;0.401611328125;1.00048828125;;;;;;;;;;;;;;;
45.4901123046875;-0.19580078125;-0.070068359375;0.885498046875;;;;;;;;;;;;;;;
45.4935302734375;0.14013671875;0.2861328125;1.260986328125;;;;;;;;;;;;;;;
45.49688720703125;-0.146728515625;0.06103515625;1.09912109375;;;;;;;;;;;;;;;
45.500335693359375;-0.017822265625;0.080322265625;0.912353515625;;;;;;;;;;;;;;;
45.503753662109375;-0.218505859375;0.1640625;0.900634765625;;;;;;;;;;;;;;;
45.507080078125;-0.0654296875;-0.280029296875;0.9365234375;;;;;;;;;;;;;;;
45.510467529296875;-0.065673828125;0.226806640625;1.18994140625;;;;;;;;;;;;;;;
45.513885498046875;-0.00341796875;-0.10986328125;0.99951171875;;;;;;;;;;;;;;;
45.51727294921875;0.13623046875;0.373291015625;1.033447265625;;;;;;;;;;;;;;;
45.52069091796875;-0.491455078125;0.168212890625;0.830810546875;;;;;;;;;;;;;;;
45.524017333984375;0.204833984375;0.04443359375;1.06982421875;;;;;;;;;;;;;;;
45.52734375;-0.139404296875;0.029541015625;1.184326171875;;;;;;;;;;;;;;;
45.530731201171875;0.138916015625;-0.255615234375;1.068115234375;;;;;;;;;;;;;;;
45.534088134765625;-0.254638671875;0.285400390625;0.962158203125;;;;;;;;;;;;;;;
45.537445068359375;-0.341552734375;-0.100830078125;0.76953125;;;;;;;;;;;;;;;
45.540863037109375;0.080322265625;0.2666015625;1.1728515625;;;;;;;;;;;;;;;
45.544281005859375;-0.414794921875;0.0234375;1.222412109375;;;;;;;;;;;;;;;
45.547698974609375;-0.16064453125;0.01513671875;1.05712890625;;;;;;;;;;;;;;;
45.551055908203125;-0.17138671875;0.1083984375;0.961669921875;;;;;;;;;;;;;;;
45.554473876953125;0.12060546875;-0.103271484375;0.791015625;;;;;;;;;;;;;;;
45.55792236328125;-0.05078125;0.256591796875;1.12255859375;;;;;;;;;;;;;;;
45.561248779296875;-0.2353515625;-0.12890625;1.01220703125;;;;;;;;;;;;;;;
45.564605712890625;-0.064453125;0.27587890625;1.149169921875;;;;;;;;;;;;;;;
45.56805419921875;-0.310302734375;-0.097900390625;0.955078125;;;;;;;;;;;;;;;
45.571380615234375;0.03662109375;0.02392578125;0.936767578125;;;;;;;;;;;;;;;
45.57470703125;-0.207763671875;0.11474609375;1.1025390625;;;;;;;;;;;;;;;
45.578155517578125;0.158447265625;-0.071533203125;1.11328125;;;;;;;;;;;;;;;
45.58160400390625;-0.22021484375;0.38916015625;1.119384765625;;;;;;;;;;;;;;;
45.58502197265625;0.05126953125;-0.2587890625;0.7724609375;;;;;;;;;;;;;;;
45.58843994140625;0.14990234375;0.323974609375;1.077392578125;;;;;;;;;;;;;;;
45.59185791015625;-0.65869140625;0.052978515625;0.8818359375;;;;;;;;;;;;;;;
45.595306396484375;0.29296875;-0.00341796875;1.10205078125;;;;;;;;;;;;;;;
45.59869384765625;-0.28271484375;0.02490234375;1.099365234375;;;;;;;;;;;;;;;
45.60211181640625;0.24951171875;-0.25830078125;0.927490234375;;;;;;;;;;;;;;;
45.60546875;-0.18212890625;0.26708984375;0.9775390625;;;;;;;;;;;;;;;
45.60882568359375;-0.15380859375;-0.047119140625;0.8701171875;;;;;;;;;;;;;;;
45.61224365234375;0.066650390625;0.3671875;1.273681640625;;;;;;;;;;;;;;;
45.615631103515625;-0.357177734375;-0.05322265625;1.149169921875;;;;;;;;;;;;;;;
45.6190185546875;-0.150634765625;0.03125;0.96240234375;;;;;;;;;;;;;;;
45.6224365234375;-0.25830078125;0.02880859375;0.8486328125;;;;;;;;;;;;;;;
45.625762939453125;-0.07177734375;-0.01220703125;0.93359375;;;;;;;;;;;;;;;
45.62908935546875;-0.043212890625;0.06982421875;1.16015625;;;;;;;;;;;;;;;
45.63250732421875;0.0927734375;-0.221435546875;1.042236328125;;;;;;;;;;;;;;;
45.63592529296875;0.272705078125;0.359130859375;1.0986328125;;;;;;;;;;;;;;;
45.639251708984375;-0.4599609375;-0.07763671875;0.85009765625;;;;;;;;;;;;;;;
45.642578125;0.01513671875;0.14501953125;1.067138671875;;;;;;;;;;;;;;;
45.645904541015625;-0.0693359375;-0.12939453125;1.172119140625;;;;;;;;;;;;;;;
45.649322509765625;0.070556640625;0.131103515625;1.06298828125;;;;;;;;;;;;;;;
45.6527099609375;-0.071044921875;0.1982421875;0.9931640625;;;;;;;;;;;;;;;
45.6561279296875;-0.20263671875;-0.101318359375;0.788330078125;;;;;;;;;;;;;;;
45.659515380859375;0.08837890625;0.404052734375;1.1435546875;;;;;;;;;;;;;;;
45.662872314453125;-0.22900390625;0.03369140625;1.0498046875;;;;;;;;;;;;;;;
45.666259765625;-0.054931640625;0.073486328125;1.139404296875;;;;;;;;;;;;;;;
45.669677734375;-0.220458984375;-0.0302734375;0.90478515625;;;;;;;;;;;;;;;
45.67303466796875;0.1025390625;0.01416015625;0.8994140625;;;;;;;;;;;;;;;
45.67645263671875;-0.011474609375;0.245849609375;1.039306640625;;;;;;;;;;;;;;;
45.67987060546875;-0.003662109375;-0.1396484375;1.06103515625;;;;;;;;;;;;;;;
45.68316650390625;-0.059814453125;0.318359375;1.219482421875;;;;;;;;;;;;;;;
45.68658447265625;-0.25;-0.14404296875;0.90234375;;;;;;;;;;;;;;;
45.690032958984375;0.098876953125;0.122802734375;0.972412109375;;;;;;;;;;;;;;;
45.69342041015625;-0.119384765625;0.04833984375;1.020263671875;;;;;;;;;;;;;;;
45.69683837890625;0.159912109375;0.171875;1.091796875;;;;;;;;;;;;;;;
45.700225830078125;-0.099365234375;0.324462890625;1.103271484375;;;;;;;;;;;;;;;
45.703704833984375;0.0224609375;-0.17431640625;0.80078125;;;;;;;;;;;;;;;
45.707122802734375;-0.003662109375;0.1865234375;1.0693359375;;;;;;;;;;;;;;;
45.710540771484375;-0.30615234375;0.074951171875;0.884521484375;;;;;;;;;;;;;;;
45.7139892578125;0.212158203125;-0.001220703125;1.169189453125;;;;;;;;;;;;;;;
45.717376708984375;-0.184814453125;0.089599609375;1.02734375;;;;;;;;;;;;;;;
45.720703125;0.2353515625;-0.074462890625;1.004150390625;;;;;;;;;;;;;;;
45.724090576171875;-0.1015625;0.286376953125;0.920166015625;;;;;;;;;;;;;;;
45.727508544921875;-0.074462890625;-0.06005859375;0.8466796875;;;;;;;;;;;;;;;
45.730865478515625;0.092041015625;0.246826171875;1.262939453125;;;;;;;;;;;;;;;
45.734375;-0.09228515625;-0.143798828125;1.050537109375;;;;;;;;;;;;;;;
45.73773193359375;0.182373046875;0.152099609375;1.080078125;;;;;;;;;;;;;;;
45.741119384765625;-0.271728515625;0.1103515625;0.779296875;;;;;;;;;;;;;;;
45.7445068359375;0.212646484375;0.1904296875;0.900634765625;;;;;;;;;;;;;;;
45.747894287109375;0.20849609375;0.090087890625;1.142822265625;;;;;;;;;;;;;;;
45.7513427734375;-0.00830078125;-0.15283203125;1.091796875;;;;;;;;;;;;;;;
45.7547607421875;-0.1689453125;0.1796875;1.099365234375;;;;;;;;;;;;;;;
45.758056640625;-0.34423828125;-0.120361328125;0.815185546875;;;;;;;;;;;;;;;
45.761383056640625;0.1328125;0.1533203125;1.10986328125;;;;;;;;;;;;;;;
45.76470947265625;-0.103759765625;0.057373046875;1.077880859375;;;;;;;;;;;;;;;
45.76806640625;0.1240234375;0.206787109375;1.138671875;;;;;;;;;;;;;;;
45.77142333984375;-0.273193359375;0.160888671875;0.930419921875;;;;;;;;;;;;;;;
45.774749755859375;-0.23779296875;-0.109130859375;0.74609375;;;;;;;;;;;;;;;
45.778106689453125;-0.01318359375;0.1484375;1.1025390625;;;;;;;;;;;;;;;
45.781402587890625;-0.134765625;-0.059814453125;1.02978515625;;;;;;;;;;;;;;;
45.7847900390625;0.1259765625;0.1455078125;1.205810546875;;;;;;;;;;;;;;;
45.788238525390625;-0.27978515625;0.035400390625;0.894287109375;;;;;;;;;;;;;;;
45.7916259765625;0.108154296875;0.12646484375;0.93505859375;;;;;;;;;;;;;;;
45.7950439453125;-0.148193359375;0.1640625;0.993408203125;;;;;;;;;;;;;;;
45.798370361328125;0.0009765625;-0.11572265625;1.0224609375;;;;;;;;;;;;;;;
45.8017578125;-0.072021484375;0.1982421875;1.21435546875;;;;;;;;;;;;;;;
45.80517578125;-0.306396484375;-0.13525390625;0.873779296875;;;;;;;;;;;;;;;
45.808502197265625;0.241943359375;0.216796875;1.043212890625;;;;;;;;;;;;;;;
45.81182861328125;-0.230224609375;0.213623046875;0.840576171875;;;;;;;;;;;;;;;
45.815185546875;0.213134765625;0.198974609375;1.124267578125;;;;;;;;;;;;;;;
45.818511962890625;-0.24365234375;0.205322265625;1.055419921875;;;;;;;;;;;;;;;
45.82196044921875;0.10986328125;-0.220703125;1.027099609375;;;;;;;;;;;;;;;
45.82537841796875;-0.21875;0.09912109375;1.023681640625;;;;;;;;;;;;;;;
45.828704833984375;-0.2314453125;-0.060791015625;0.78271484375;;;;;;;;;;;;;;;
45.832122802734375;0.568115234375;0.108154296875;1.32470703125;;;;;;;;;;;;;;;
45.8355712890625;-0.109619140625;0.110107421875;1.010498046875;;;;;;;;;;;;;;;
45.8388671875;0.233642578125;0.107666015625;1.052734375;;;;;;;;;;;;;;;
45.842254638671875;-0.3515625;0.16455078125;0.89990234375;;;;;;;;;;;;;;;
45.845611572265625;-0.08935546875;0.080078125;0.84228515625;;;;;;;;;;;;;;;
45.84906005859375;0.0615234375;0.1591796875;1.208984375;;;;;;;;;;;;;;;
45.852447509765625;-0.256591796875;-0.209716796875;1.103759765625;;;;;;;;;;;;;;;
45.855865478515625;0.012451171875;0.06494140625;1.091552734375;;;;;;;;;;;;;;;
45.8592529296875;-0.199951171875;0.03515625;0.782958984375;;;;;;;;;;;;;;;
45.862579345703125;0.16259765625;0.39892578125;0.931884765625;;;;;;;;;;;;;;;
45.865936279296875;-0.077880859375;0.13232421875;1.042724609375;;;;;;;;;;;;;;;
45.86932373046875;0.16015625;-0.15966796875;1.1533203125;;;;;;;;;;;;;;;
45.87274169921875;-0.2978515625;0.1259765625;1.119873046875;;;;;;;;;;;;;;;
45.8760986328125;-0.487548828125;-0.1748046875;0.78466796875;;;;;;;;;;;;;;;
45.879486083984375;0.150390625;0.14892578125;1.099853515625;;;;;;;;;;;;;;;
45.8828125;-0.015380859375;-0.011474609375;1.019287109375;;;;;;;;;;;;;;;
45.88629150390625;0.240478515625;0.383544921875;1.15576171875;;;;;;;;;;;;;;;
45.889678955078125;-0.275146484375;0.1181640625;0.90478515625;;;;;;;;;;;;;;;
45.893096923828125;0.099365234375;0.0869140625;0.79638671875;;;;;;;;;;;;;;;
45.896484375;-0.133056640625;0.133056640625;1.05712890625;;;;;;;;;;;;;;;
45.899810791015625;-0.228759765625;-0.12255859375;1.01513671875;;;;;;;;;;;;;;;
45.9031982421875;0.071044921875;-0.04150390625;1.2451171875;;;;;;;;;;;;;;;
45.906646728515625;-0.19677734375;-0.041015625;0.885009765625;;;;;;;;;;;;;;;
45.910003662109375;0.12744140625;0.27197265625;0.985107421875;;;;;;;;;;;;;;;
45.9134521484375;-0.24951171875;0.267333984375;0.934326171875;;;;;;;;;;;;;;;
45.916778564453125;0.134521484375;0.158447265625;1.0859375;;;;;;;;;;;;;;;
45.920135498046875;-0.16162109375;0.21728515625;1.146240234375;;;;;;;;;;;;;;;
45.923583984375;-0.1904296875;-0.26123046875;0.94677734375;;;;;;;;;;;;;;;
45.926910400390625;0.0048828125;0.082275390625;1.0478515625;;;;;;;;;;;;;;;
45.9302978515625;-0.191650390625;0.10693359375;0.802978515625;;;;;;;;;;;;;;;
45.933685302734375;0.154541015625;0.4296875;1.105712890625;;;;;;;;;;;;;;;
45.937042236328125;-0.115966796875;-0.009765625;1.0390625;;;;;;;;;;;;;;;
45.94049072265625;0.04833984375;-0.048095703125;1.107421875;;;;;;;;;;;;;;;
45.94384765625;-0.20458984375;0.009765625;0.97021484375;;;;;;;;;;;;;;;
45.947174072265625;-0.14111328125;-0.087646484375;0.84765625;;;;;;;;;;;;;;;
45.950531005859375;0.1484375;0.034912109375;1.22216796875;;;;;;;;;;;;;;;
45.953857421875;-0.058837890625;0.05419921875;1.025390625;;;;;;;;;;;;;;;
45.957183837890625;0.10546875;0.262451171875;1.126708984375;;;;;;;;;;;;;;;
45.9605712890625;-0.332763671875;0.21728515625;0.777587890625;;;;;;;;;;;;;;;
45.963958740234375;-0.04931640625;0.162353515625;0.899169921875;;;;;;;;;;;;;;;
45.96728515625;-0.049560546875;0.066650390625;1.1328125;;;;;;;;;;;;;;;
45.97076416015625;-0.027099609375;-0.2607421875;1.082275390625;;;;;;;;;;;;;;;
45.974151611328125;0.102294921875;0.131591796875;1.16552734375;;;;;;;;;;;;;;;
45.977508544921875;-0.17431640625;0.1083984375;0.802734375;;;;;;;;;;;;;;;
45.980987548828125;-0.024658203125;0.509521484375;0.94970703125;;;;;;;;;;;;;;;
45.98443603515625;-0.027587890625;0.027587890625;1.013671875;;;;;;;;;;;;;;;
45.987823486328125;-0.015380859375;-0.100830078125;1.17919921875;;;;;;;;;;;;;;;
45.991241455078125;-0.175537109375;-0.0439453125;1.09716796875;;;;;;;;;;;;;;;
45.994598388671875;-0.156494140625;-0.038330078125;0.779052734375;;;;;;;;;;;;;;;
45.998016357421875;0.276611328125;0.209716796875;1.125;;;;;;;;;;;;;;;
46.001373291015625;-0.1708984375;0.036376953125;0.960205078125;;;;;;;;;;;;;;;
46.004852294921875;0.14599609375;0.242431640625;1.234130859375;;;;;;;;;;;;;;;
46.008331298828125;-0.2568359375;0.088134765625;0.862060546875;;;;;;;;;;;;;;;
46.01165771484375;0.197021484375;0.166259765625;0.799072265625;;;;;;;;;;;;;;;
46.015045166015625;-0.00830078125;0.034423828125;0.982421875;;;;;;;;;;;;;;;
46.0184326171875;0.05029296875;-0.091064453125;1.007080078125;;;;;;;;;;;;;;;
46.021820068359375;0.053466796875;0.0751953125;1.38623046875;;;;;;;;;;;;;;;
46.02520751953125;-0.366455078125;-0.11279296875;0.898193359375;;;;;;;;;;;;;;;
46.028533935546875;0.1875;0.287353515625;1.03759765625;;;;;;;;;;;;;;;
46.031890869140625;-0.302978515625;0.1376953125;0.876220703125;;;;;;;;;;;;;;;
46.035308837890625;0.108642578125;0.31201171875;1.046142578125;;;;;;;;;;;;;;;
46.038726806640625;-0.03369140625;0.072509765625;1.177001953125;;;;;;;;;;;;;;;
46.04217529296875;0.092041015625;-0.038330078125;0.883544921875;;;;;;;;;;;;;;;
46.04547119140625;0.37841796875;0.115234375;1.139404296875;;;;;;;;;;;;;;;
46.048858642578125;-0.31396484375;0.13232421875;0.824462890625;;;;;;;;;;;;;;;
46.05224609375;0.056640625;0.27880859375;1.10693359375;;;;;;;;;;;;;;;
46.055572509765625;-0.017578125;-0.121337890625;1.0029296875;;;;;;;;;;;;;;;
46.058929443359375;0.10205078125;0.11767578125;1.131591796875;;;;;;;;;;;;;;;
46.06231689453125;-0.26513671875;0.03564453125;0.954345703125;;;;;;;;;;;;;;;
46.065765380859375;0.07080078125;0.2080078125;0.854736328125;;;;;;;;;;;;;;;
46.069122314453125;0.00927734375;0.128662109375;1.25;;;;;;;;;;;;;;;
46.072418212890625;-0.27001953125;-0.11572265625;0.999755859375;;;;;;;;;;;;;;;
46.075836181640625;0.0439453125;0.19287109375;1.18017578125;;;;;;;;;;;;;;;
46.0792236328125;-0.212158203125;0.006103515625;0.783203125;;;;;;;;;;;;;;;
46.08258056640625;0.200927734375;0.376220703125;0.905029296875;;;;;;;;;;;;;;;
46.0859375;-0.03125;-0.018310546875;1.109619140625;;;;;;;;;;;;;;;
46.08929443359375;0.09912109375;-0.051513671875;1.092041015625;;;;;;;;;;;;;;;
46.092742919921875;0.480712890625;0.143310546875;1.255126953125;;;;;;;;;;;;;;;
46.09619140625;-0.238037109375;-0.067626953125;0.79833984375;;;;;;;;;;;;;;;
46.099578857421875;-0.060546875;0.473876953125;1.030517578125;;;;;;;;;;;;;;;
46.1029052734375;-0.128173828125;-0.1025390625;0.931396484375;;;;;;;;;;;;;;;
46.10626220703125;0.08837890625;0.296875;1.20849609375;;;;;;;;;;;;;;;
46.10968017578125;-0.2470703125;-0.0751953125;0.987060546875;;;;;;;;;;;;;;;
46.113037109375;0.00048828125;0.099853515625;0.7802734375;;;;;;;;;;;;;;;
46.11639404296875;0.21240234375;0.17041015625;1.100830078125;;;;;;;;;;;;;;;
46.1197509765625;-0.212158203125;0.091796875;0.976806640625;;;;;;;;;;;;;;;
46.123199462890625;0.0732421875;0.241943359375;1.254638671875;;;;;;;;;;;;;;;
46.1265869140625;-0.25048828125;0.06005859375;0.903564453125;;;;;;;;;;;;;;;
46.1300048828125;0.002197265625;0.325927734375;0.987060546875;;;;;;;;;;;;;;;
46.133392333984375;-0.24658203125;-0.01513671875;0.91162109375;;;;;;;;;;;;;;;
46.136810302734375;0.21142578125;-0.105224609375;1.055419921875;;;;;;;;;;;;;;;
46.140289306640625;0.015869140625;0.116943359375;1.260009765625;;;;;;;;;;;;;;;
46.1436767578125;-0.101806640625;-0.036376953125;0.9248046875;;;;;;;;;;;;;;;
46.147003173828125;-0.099853515625;0.44482421875;1.08642578125;;;;;;;;;;;;;;;
46.150421142578125;-0.390869140625;0.0478515625;0.817626953125;;;;;;;;;;;;;;;
46.153778076171875;-0.04443359375;0.337646484375;1.05419921875;;;;;;;;;;;;;;;
46.157196044921875;-0.11669921875;-0.057373046875;1.096435546875;;;;;;;;;;;;;;;
46.160552978515625;0.214599609375;0.008544921875;0.962890625;;;;;;;;;;;;;;;
46.163909912109375;0.097412109375;0.17431640625;1.066650390625;;;;;;;;;;;;;;;
46.16729736328125;-0.209716796875;0.14306640625;0.841064453125;;;;;;;;;;;;;;;
46.170684814453125;-0.1142578125;0.33837890625;1.136962890625;;;;;;;;;;;;;;;
46.17413330078125;-0.088134765625;-0.279296875;1.015380859375;;;;;;;;;;;;;;;
46.177581787109375;-0.085693359375;0.185791015625;1.109130859375;;;;;;;;;;;;;;;
46.180938720703125;-0.203369140625;-0.00048828125;0.868896484375;;;;;;;;;;;;;;;
46.184417724609375;0.06884765625;0.264404296875;0.8955078125;;;;;;;;;;;;;;;
46.18780517578125;-0.017578125;0.1796875;1.144775390625;;;;;;;;;;;;;;;
46.191162109375;-0.117919921875;-0.0751953125;1.08056640625;;;;;;;;;;;;;;;
46.19451904296875;-0.189208984375;0.14697265625;1.183837890625;;;;;;;;;;;;;;;
46.197998046875;-0.245849609375;-0.035888671875;0.782958984375;;;;;;;;;;;;;;;
46.201416015625;0.018310546875;0.36279296875;0.920654296875;;;;;;;;;;;;;;;
46.20477294921875;-0.113525390625;0.037353515625;0.98876953125;;;;;;;;;;;;;;;
46.20819091796875;0.10302734375;-0.0390625;1.17431640625;;;;;;;;;;;;;;;
46.211639404296875;-0.15087890625;0.114501953125;1.173583984375;;;;;;;;;;;;;;;
46.215057373046875;-0.17236328125;-0.041015625;0.857421875;;;;;;;;;;;;;;;
46.21844482421875;-0.146484375;0.43017578125;0.9716796875;;;;;;;;;;;;;;;
46.221832275390625;-0.10009765625;-0.188232421875;0.914306640625;;;;;;;;;;;;;;;
46.225189208984375;0.0205078125;0.259033203125;1.1865234375;;;;;;;;;;;;;;;
46.228668212890625;-0.16064453125;0.023681640625;0.981689453125;;;;;;;;;;;;;;;
46.232025146484375;0.225830078125;0.11474609375;0.865234375;;;;;;;;;;;;;;;
46.235443115234375;-0.0224609375;0.18212890625;1.0166015625;;;;;;;;;;;;;;;
46.238861083984375;-0.30126953125;-0.048828125;0.928955078125;;;;;;;;;;;;;;;
46.242279052734375;-0.102294921875;0.1630859375;1.205322265625;;;;;;;;;;;;;;;
46.24566650390625;-0.1259765625;-0.35888671875;0.998291015625;;;;;;;;;;;;;;;
46.24908447265625;-0.015625;0.2919921875;1.00927734375;;;;;;;;;;;;;;;
46.252532958984375;-0.18310546875;0.0322265625;0.8642578125;;;;;;;;;;;;;;;
46.255859375;0.20458984375;0.3076171875;1.0849609375;;;;;;;;;;;;;;;
46.259185791015625;-0.170166015625;0.1435546875;1.152099609375;;;;;;;;;;;;;;;
46.2625732421875;-0.023193359375;-0.1005859375;1.017333984375;;;;;;;;;;;;;;;
46.265899658203125;-0.2490234375;0.0693359375;1.0498046875;;;;;;;;;;;;;;;
46.269287109375;-0.333251953125;-0.11328125;0.76171875;;;;;;;;;;;;;;;
46.272735595703125;-0.0439453125;0.323486328125;1.0595703125;;;;;;;;;;;;;;;
46.27606201171875;-0.114501953125;-0.115234375;1.05810546875;;;;;;;;;;;;;;;
46.279449462890625;0.18603515625;0.086669921875;1.20947265625;;;;;;;;;;;;;;;
46.282806396484375;-0.067138671875;0.166015625;1.03662109375;;;;;;;;;;;;;;;
46.286102294921875;-0.1474609375;0.0625;0.854248046875;;;;;;;;;;;;;;;
46.28948974609375;-0.155517578125;0.27294921875;1.03955078125;;;;;;;;;;;;;;;
46.292816162109375;-0.019775390625;-0.43701171875;1.0205078125;;;;;;;;;;;;;;;
46.296173095703125;-0.11328125;0.237548828125;1.15576171875;;;;;;;;;;;;;;;
46.299530029296875;-0.21044921875;-0.0517578125;0.829345703125;;;;;;;;;;;;;;;
46.3028564453125;0.10986328125;0.37158203125;0.974609375;;;;;;;;;;;;;;;
46.306243896484375;-0.46484375;0.211181640625;1.026611328125;;;;;;;;;;;;;;;
46.30963134765625;0.0869140625;-0.123779296875;1.11962890625;;;;;;;;;;;;;;;
46.313018798828125;-0.146728515625;0.051513671875;1.193603515625;;;;;;;;;;;;;;;
46.316436767578125;-0.0546875;-0.16796875;0.8359375;;;;;;;;;;;;;;;
46.319793701171875;-0.102294921875;0.41650390625;0.96044921875;;;;;;;;;;;;;;;
46.323150634765625;-0.237060546875;-0.042236328125;0.944580078125;;;;;;;;;;;;;;;
46.326629638671875;0.195068359375;0.1064453125;1.223388671875;;;;;;;;;;;;;;;
46.33001708984375;-0.26953125;0.1142578125;1.270751953125;;;;;;;;;;;;;;;
46.3333740234375;-0.2861328125;-0.05712890625;0.857177734375;;;;;;;;;;;;;;;
46.3367919921875;-0.1435546875;0.24365234375;0.962646484375;;;;;;;;;;;;;;;
46.340118408203125;0.017578125;-0.203125;0.886962890625;;;;;;;;;;;;;;;
46.343505859375;0.089599609375;0.254638671875;1.196044921875;;;;;;;;;;;;;;;
46.346954345703125;-0.062744140625;-0.0400390625;0.97607421875;;;;;;;;;;;;;;;
46.350341796875;0.136962890625;0.298583984375;0.9482421875;;;;;;;;;;;;;;;
46.353729248046875;-0.21728515625;0.052734375;1.00537109375;;;;;;;;;;;;;;;
46.35711669921875;-0.27978515625;0.00341796875;0.9306640625;;;;;;;;;;;;;;;
46.3604736328125;-0.01123046875;-0.10107421875;1.229248046875;;;;;;;;;;;;;;;
46.363861083984375;-0.03369140625;-0.181640625;0.9931640625;;;;;;;;;;;;;;;
46.367218017578125;0.037841796875;0.3203125;1.056396484375;;;;;;;;;;;;;;;
46.37066650390625;-0.260498046875;0.022705078125;0.80224609375;;;;;;;;;;;;;;;
46.374053955078125;0.257080078125;0.3779296875;1.119140625;;;;;;;;;;;;;;;
46.377410888671875;-0.2861328125;0.155029296875;1.13134765625;;;;;;;;;;;;;;;
46.38079833984375;-0.024658203125;-0.103759765625;1.00048828125;;;;;;;;;;;;;;;
46.38421630859375;-0.172119140625;-0.04150390625;1.04736328125;;;;;;;;;;;;;;;
46.3875732421875;-0.088623046875;-0.151123046875;0.800048828125;;;;;;;;;;;;;;;
46.391021728515625;-0.05517578125;0.30712890625;1.089111328125;;;;;;;;;;;;;;;
46.394378662109375;-0.17529296875;-0.163330078125;1.03076171875;;;;;;;;;;;;;;;
46.397735595703125;0.175048828125;0.218505859375;1.24755859375;;;;;;;;;;;;;;;
46.401153564453125;-0.2451171875;0.12060546875;1.0302734375;;;;;;;;;;;;;;;
46.404510498046875;-0.148681640625;0.09326171875;0.8447265625;;;;;;;;;;;;;;;
46.407867431640625;-0.070068359375;0.158935546875;1.003662109375;;;;;;;;;;;;;;;
46.411224365234375;0.054443359375;-0.345458984375;1.032958984375;;;;;;;;;;;;;;;
46.414703369140625;-0.05615234375;0.241943359375;1.16015625;;;;;;;;;;;;;;;
46.41815185546875;-0.145263671875;-0.107177734375;0.874755859375;;;;;;;;;;;;;;;
46.421478271484375;0.2607421875;0.37109375;0.981201171875;;;;;;;;;;;;;;;
46.42486572265625;-0.150146484375;0.14306640625;1.022705078125;;;;;;;;;;;;;;;
46.42822265625;-0.059326171875;-0.023193359375;1.133544921875;;;;;;;;;;;;;;;
46.431610107421875;-0.235595703125;0.001953125;1.174072265625;;;;;;;;;;;;;;;
46.435028076171875;-0.037841796875;-0.12548828125;0.8798828125;;;;;;;;;;;;;;;
46.438385009765625;0.0;0.353271484375;0.927978515625;;;;;;;;;;;;;;;
46.441802978515625;-0.14794921875;-0.039306640625;0.8583984375;;;;;;;;;;;;;;;
46.44525146484375;0.162353515625;0.26513671875;1.266845703125;;;;;;;;;;;;;;;
46.4486083984375;-0.1376953125;0.119873046875;1.118896484375;;;;;;;;;;;;;;;
46.4520263671875;-0.072021484375;0.0615234375;0.917724609375;;;;;;;;;;;;;;;
46.455413818359375;-0.091796875;0.19677734375;0.916259765625;;;;;;;;;;;;;;;
46.458770751953125;0.01123046875;-0.240234375;0.87548828125;;;;;;;;;;;;;;;
46.462310791015625;0.044677734375;0.208740234375;1.169189453125;;;;;;;;;;;;;;;
46.465667724609375;-0.060302734375;-0.043701171875;1.021728515625;;;;;;;;;;;;;;;
46.469024658203125;-0.00439453125;0.31494140625;1.132568359375;;;;;;;;;;;;;;;
46.472381591796875;-0.22900390625;0.0830078125;0.890380859375;;;;;;;;;;;;;;;
46.475738525390625;0.01708984375;0.071533203125;1.011474609375;;;;;;;;;;;;;;;
46.479156494140625;-0.098876953125;-0.042724609375;1.040771484375;;;;;;;;;;;;;;;
46.4825439453125;0.028076171875;-0.19970703125;1.052734375;;;;;;;;;;;;;;;
46.485870361328125;-0.104736328125;0.281982421875;1.011474609375;;;;;;;;;;;;;;;
46.489288330078125;-0.09033203125;-0.02099609375;0.750244140625;;;;;;;;;;;;;;;
46.49273681640625;0.114501953125;0.364501953125;1.113525390625;;;;;;;;;;;;;;;
46.496063232421875;-0.179443359375;0.144775390625;1.052978515625;;;;;;;;;;;;;;;
46.49945068359375;0.198974609375;-0.049072265625;1.091064453125;;;;;;;;;;;;;;;
46.502838134765625;-0.2177734375;-0.0224609375;1.003662109375;;;;;;;;;;;;;;;
46.506256103515625;0.033203125;-0.3046875;0.836181640625;;;;;;;;;;;;;;;
46.509613037109375;-0.136962890625;0.350830078125;1.064453125;;;;;;;;;;;;;;;
46.512939453125;-0.163818359375;-0.15478515625;0.964111328125;;;;;;;;;;;;;;;
46.516357421875;0.023193359375;0.33740234375;1.247314453125;;;;;;;;;;;;;;;
46.51971435546875;-0.133056640625;-0.01171875;0.949951171875;;;;;;;;;;;;;;;
46.5230712890625;0.103515625;0.08984375;0.913330078125;;;;;;;;;;;;;;;
46.526397705078125;-0.149169921875;0.094482421875;0.9169921875;;;;;;;;;;;;;;;
46.529754638671875;0.0966796875;-0.228515625;1.08154296875;;;;;;;;;;;;;;;
46.533172607421875;-0.156982421875;0.245361328125;1.1611328125;;;;;;;;;;;;;;;
46.53656005859375;-0.025390625;-0.158935546875;0.908203125;;;;;;;;;;;;;;;
46.53997802734375;-0.180419921875;0.36083984375;1.036376953125;;;;;;;;;;;;;;;
46.543426513671875;-0.41943359375;0.01708984375;0.885986328125;;;;;;;;;;;;;;;
46.546783447265625;0.205078125;-0.033935546875;1.199951171875;;;;;;;;;;;;;;;
46.550140380859375;-0.075927734375;0.02001953125;1.142333984375;;;;;;;;;;;;;;;
46.553497314453125;0.17578125;0.1240234375;0.947998046875;;;;;;;;;;;;;;;
46.55694580078125;-0.17041015625;0.308349609375;0.903076171875;;;;;;;;;;;;;;;
46.56036376953125;-0.068115234375;-0.085205078125;0.840576171875;;;;;;;;;;;;;;;
46.563751220703125;0.017822265625;0.197509765625;1.27294921875;;;;;;;;;;;;;;;
46.567169189453125;-0.337890625;-0.02099609375;1.04248046875;;;;;;;;;;;;;;;
46.570587158203125;0.201904296875;0.06689453125;0.981689453125;;;;;;;;;;;;;;;
46.57391357421875;-0.173828125;0.162109375;0.865966796875;;;;;;;;;;;;;;;
46.5772705078125;0.105712890625;0.0205078125;0.912109375;;;;;;;;;;;;;;;
46.580657958984375;-0.01708984375;0.14794921875;1.156494140625;;;;;;;;;;;;;;;
46.584014892578125;0.0693359375;-0.1982421875;1.0673828125;;;;;;;;;;;;;;;
46.58734130859375;-0.169921875;0.27392578125;1.15234375;;;;;;;;;;;;;;;
46.59075927734375;-0.46630859375;-0.111328125;0.8701171875;;;;;;;;;;;;;;;
46.59417724609375;-0.0029296875;0.290283203125;1.029296875;;;;;;;;;;;;;;;
46.59759521484375;-0.090087890625;-0.025146484375;0.980224609375;;;;;;;;;;;;;;;
46.6009521484375;0.144775390625;0.127685546875;1.098876953125;;;;;;;;;;;;;;;
46.60430908203125;-0.153076171875;0.123046875;1.01953125;;;;;;;;;;;;;;;
46.60772705078125;-0.015625;-0.1083984375;0.83349609375;;;;;;;;;;;;;;;
46.611053466796875;0.09228515625;0.26611328125;1.1376953125;;;;;;;;;;;;;;;
46.614501953125;-0.431884765625;0.017333984375;1.03515625;;;;;;;;;;;;;;;
46.61785888671875;0.044189453125;0.000244140625;1.262451171875;;;;;;;;;;;;;;;
46.621246337890625;-0.256103515625;0.00244140625;0.96630859375;;;;;;;;;;;;;;;
46.624725341796875;0.1162109375;-0.115234375;0.89208984375;;;;;;;;;;;;;;;
46.6280517578125;0.008056640625;0.273193359375;0.885498046875;;;;;;;;;;;;;;;
46.631378173828125;0.0;-0.093994140625;1.0;;;;;;;;;;;;;;;
46.63482666015625;-0.020751953125;0.404296875;1.26416015625;;;;;;;;;;;;;;;
46.63824462890625;-0.193359375;-0.142333984375;0.969970703125;;;;;;;;;;;;;;;
46.6416015625;0.01708984375;0.072998046875;0.977294921875;;;;;;;;;;;;;;;
46.64501953125;-0.182861328125;-0.017822265625;0.869384765625;;;;;;;;;;;;;;;
46.64837646484375;0.062744140625;0.052734375;1.039306640625;;;;;;;;;;;;;;;
46.65167236328125;-0.08447265625;0.15576171875;1.16552734375;;;;;;;;;;;;;;;
46.655059814453125;0.03466796875;-0.20751953125;0.985107421875;;;;;;;;;;;;;;;
46.658477783203125;-0.20458984375;0.355712890625;1.052734375;;;;;;;;;;;;;;;
46.661865234375;-0.2626953125;-0.090087890625;0.8984375;;;;;;;;;;;;;;;
46.665191650390625;0.030517578125;0.061767578125;1.206787109375;;;;;;;;;;;;;;;
46.66851806640625;-0.0068359375;-0.08544921875;1.112060546875;;;;;;;;;;;;;;;
46.671905517578125;0.103759765625;0.319091796875;0.974365234375;;;;;;;;;;;;;;;
46.675262451171875;-0.092041015625;0.25634765625;0.891357421875;;;;;;;;;;;;;;;
46.678680419921875;-0.0634765625;-0.041748046875;0.829345703125;;;;;;;;;;;;;;;
46.682037353515625;-0.02490234375;0.144775390625;1.23583984375;;;;;;;;;;;;;;;
46.68548583984375;-0.070068359375;-0.054931640625;1.088623046875;;;;;;;;;;;;;;;
46.68890380859375;-0.048583984375;0.125244140625;1.08251953125;;;;;;;;;;;;;;;
46.692291259765625;-0.133056640625;0.00927734375;0.83837890625;;;;;;;;;;;;;;;
46.695648193359375;0.114013671875;0.20263671875;0.9345703125;;;;;;;;;;;;;;;
46.69903564453125;-0.099853515625;0.17919921875;1.142333984375;;;;;;;;;;;;;;;
46.70245361328125;-0.03662109375;-0.11669921875;1.089111328125;;;;;;;;;;;;;;;
46.705810546875;-0.164306640625;0.240966796875;1.138671875;;;;;;;;;;;;;;;
46.709259033203125;-0.177978515625;-0.168701171875;0.81298828125;;;;;;;;;;;;;;;
46.712677001953125;0.10693359375;0.2587890625;1.059814453125;;;;;;;;;;;;;;;
46.716094970703125;-0.02880859375;0.0126953125;0.964111328125;;;;;;;;;;;;;;;
46.71942138671875;0.0751953125;0.2880859375;1.1279296875;;;;;;;;;;;;;;;
46.722747802734375;-0.14794921875;0.076171875;0.980224609375;;;;;;;;;;;;;;;
46.72613525390625;0.05908203125;-0.100341796875;0.885498046875;;;;;;;;;;;;;;;
46.7294921875;-0.127197265625;0.166015625;1.094970703125;;;;;;;;;;;;;;;
46.732879638671875;-0.24853515625;-0.151611328125;0.97607421875;;;;;;;;;;;;;;;
46.736297607421875;0.177978515625;0.045654296875;1.32275390625;;;;;;;;;;;;;;;
46.7396240234375;-0.11474609375;0.089111328125;0.91552734375;;;;;;;;;;;;;;;
46.74298095703125;0.17529296875;0.39404296875;0.937744140625;;;;;;;;;;;;;;;
46.746368408203125;-0.2021484375;0.269775390625;0.78125;;;;;;;;;;;;;;;
46.749725341796875;-0.01171875;-0.08447265625;0.945068359375;;;;;;;;;;;;;;;
46.753173828125;0.084716796875;0.014404296875;1.2607421875;;;;;;;;;;;;;;;
46.756561279296875;-0.072998046875;-0.182373046875;1.027099609375;;;;;;;;;;;;;;;
46.7598876953125;0.189208984375;0.134765625;1.053955078125;;;;;;;;;;;;;;;
46.763275146484375;-0.279541015625;0.135498046875;0.821533203125;;;;;;;;;;;;;;;
46.7666015625;0.07568359375;0.22314453125;1.101318359375;;;;;;;;;;;;;;;
46.77001953125;-0.177978515625;0.0927734375;1.086669921875;;;;;;;;;;;;;;;
46.773406982421875;0.091796875;0.051513671875;1.040771484375;;;;;;;;;;;;;;;
46.77679443359375;-0.19677734375;0.168701171875;0.9345703125;;;;;;;;;;;;;;;
46.780120849609375;-0.223876953125;-0.038818359375;0.840087890625;;;;;;;;;;;;;;;
46.783416748046875;0.142333984375;0.124267578125;1.223388671875;;;;;;;;;;;;;;;
46.7867431640625;-0.0185546875;0.08056640625;1.032470703125;;;;;;;;;;;;;;;
46.79010009765625;0.148681640625;0.1845703125;1.07373046875;;;;;;;;;;;;;;;
46.793426513671875;-0.358642578125;0.1396484375;0.797119140625;;;;;;;;;;;;;;;
46.796783447265625;0.117919921875;-0.0244140625;0.892333984375;;;;;;;;;;;;;;;
46.800262451171875;-0.08984375;0.1904296875;1.158203125;;;;;;;;;;;;;;;
46.8035888671875;0.036865234375;-0.098388671875;1.092041015625;;;;;;;;;;;;;;;
46.80694580078125;-0.111328125;0.17138671875;1.205810546875;;;;;;;;;;;;;;;
46.810333251953125;-0.22021484375;-0.053466796875;0.8037109375;;;;;;;;;;;;;;;
46.813751220703125;-0.00048828125;0.26611328125;0.984619140625;;;;;;;;;;;;;;;
46.81707763671875;-0.213134765625;0.103515625;1.05419921875;;;;;;;;;;;;;;;
46.820404052734375;0.12890625;-0.0380859375;1.133544921875;;;;;;;;;;;;;;;
46.82373046875;-0.23681640625;0.199951171875;1.08837890625;;;;;;;;;;;;;;;
46.82720947265625;-0.00048828125;-0.119384765625;0.797119140625;;;;;;;;;;;;;;;
46.83062744140625;0.041259765625;0.25341796875;1.0859375;;;;;;;;;;;;;;;
46.834075927734375;-0.06201171875;0.07861328125;0.934326171875;;;;;;;;;;;;;;;
46.83746337890625;0.0712890625;0.27392578125;1.157470703125;;;;;;;;;;;;;;;
46.840789794921875;-0.298095703125;0.04296875;0.962158203125;;;;;;;;;;;;;;;
46.8441162109375;0.080810546875;-0.087890625;0.91552734375;;;;;;;;;;;;;;;
46.8475341796875;-0.2919921875;0.150634765625;1.06640625;;;;;;;;;;;;;;;
46.850921630859375;-0.26416015625;-0.07373046875;0.910400390625;;;;;;;;;;;;;;;
46.85430908203125;0.296630859375;0.115234375;1.320556640625;;;;;;;;;;;;;;;
46.85772705078125;-0.0546875;0.00732421875;0.948486328125;;;;;;;;;;;;;;;
46.861114501953125;0.170166015625;0.35693359375;0.96923828125;;;;;;;;;;;;;;;
46.864501953125;-0.3037109375;0.22021484375;0.757080078125;;;;;;;;;;;;;;;
46.867950439453125;0.1337890625;0.0869140625;1.007568359375;;;;;;;;;;;;;;;
46.871368408203125;-0.0986328125;0.010009765625;1.188720703125;;;;;;;;;;;;;;;
46.874725341796875;-0.13037109375;-0.291259765625;1.044677734375;;;;;;;;;;;;;;;
46.87811279296875;-0.14013671875;0.13671875;1.047119140625;;;;;;;;;;;;;;;
46.881500244140625;-0.20849609375;0.10009765625;0.8154296875;;;;;;;;;;;;;;;
46.8848876953125;0.05615234375;0.404296875;1.10791015625;;;;;;;;;;;;;;;
46.88824462890625;-0.031982421875;0.03515625;1.053466796875;;;;;;;;;;;;;;;
46.89166259765625;0.157470703125;0.200439453125;1.10498046875;;;;;;;;;;;;;;;
46.89501953125;-0.32275390625;0.149658203125;0.866943359375;;;;;;;;;;;;;;;
46.898468017578125;-0.25;-0.117431640625;0.83984375;;;;;;;;;;;;;;;
46.901763916015625;-0.02099609375;0.18310546875;1.180908203125;;;;;;;;;;;;;;;
46.90509033203125;0.052978515625;-0.0908203125;1.04443359375;;;;;;;;;;;;;;;
46.90850830078125;0.09228515625;0.44873046875;1.123291015625;;;;;;;;;;;;;;;
46.911895751953125;-0.278076171875;-0.07470703125;0.803466796875;;;;;;;;;;;;;;;
46.91522216796875;0.01416015625;0.18798828125;0.93017578125;;;;;;;;;;;;;;;
46.918670654296875;-0.15478515625;0.031005859375;1.092041015625;;;;;;;;;;;;;;;
46.922149658203125;0.072509765625;-0.06591796875;1.138671875;;;;;;;;;;;;;;;
46.925628662109375;-0.12451171875;0.06640625;1.178466796875;;;;;;;;;;;;;;;
46.92901611328125;-0.178466796875;-0.0732421875;0.81689453125;;;;;;;;;;;;;;;
46.932373046875;-0.0654296875;0.47021484375;1.0029296875;;;;;;;;;;;;;;;
46.93572998046875;-0.2138671875;0.14453125;0.86572265625;;;;;;;;;;;;;;;
46.939208984375;0.050048828125;0.14990234375;1.16162109375;;;;;;;;;;;;;;;
46.942535400390625;-0.245361328125;0.142822265625;1.0615234375;;;;;;;;;;;;;;;
46.9459228515625;0.1015625;-0.201904296875;0.942626953125;;;;;;;;;;;;;;;
46.949249267578125;-0.04736328125;0.184326171875;1.049560546875;;;;;;;;;;;;;;;
46.95257568359375;-0.052001953125;-0.002197265625;0.93115234375;;;;;;;;;;;;;;;
46.9559326171875;-0.07568359375;0.33642578125;1.22998046875;;;;;;;;;;;;;;;
46.9593505859375;-0.218505859375;-0.09912109375;0.96044921875;;;;;;;;;;;;;;;
46.9627685546875;-0.005615234375;0.054443359375;1.001708984375;;;;;;;;;;;;;;;
46.966156005859375;-0.25634765625;0.060302734375;0.953125;;;;;;;;;;;;;;;
46.969451904296875;0.00439453125;0.054931640625;0.98876953125;;;;;;;;;;;;;;;
46.972808837890625;0.06787109375;0.06005859375;1.23193359375;;;;;;;;;;;;;;;
46.976165771484375;0.009033203125;-0.02587890625;0.949462890625;;;;;;;;;;;;;;;
46.97955322265625;0.041259765625;0.200927734375;1.038818359375;;;;;;;;;;;;;;;
46.982940673828125;-0.25;1.6982421875;0.767333984375;;;;;;;;;;;;;;;
46.986419677734375;-0.0166015625;0.1357421875;1.052734375;;;;;;;;;;;;;;;
46.98980712890625;-0.08984375;-0.073486328125;1.12939453125;;;;;;;;;;;;;;;
46.993133544921875;0.0634765625;-0.21484375;1.124755859375;;;;;;;;;;;;;;;
46.996490478515625;-0.178466796875;0.205078125;1.045166015625;;;;;;;;;;;;;;;
46.999908447265625;-0.115478515625;0.05224609375;0.829833984375;;;;;;;;;;;;;;;
47.003265380859375;-0.072265625;0.38525390625;1.094970703125;;;;;;;;;;;;;;;
47.006622314453125;0.0244140625;-0.1376953125;0.9990234375;;;;;;;;;;;;;;;
47.010040283203125;0.03857421875;0.216552734375;1.158447265625;;;;;;;;;;;;;;;
47.013458251953125;-0.2001953125;0.002197265625;0.843017578125;;;;;;;;;;;;;;;
47.01678466796875;0.216064453125;0.12939453125;0.834716796875;;;;;;;;;;;;;;;
47.0201416015625;0.15869140625;0.268798828125;1.18017578125;;;;;;;;;;;;;;;
47.02349853515625;-0.145751953125;-0.0595703125;1.078369140625;;;;;;;;;;;;;;;
47.0269775390625;-0.217041015625;0.193603515625;1.183837890625;;;;;;;;;;;;;;;
47.0302734375;-0.30322265625;-0.2666015625;0.74560546875;;;;;;;;;;;;;;;
47.033660888671875;0.1875;0.267333984375;0.982421875;;;;;;;;;;;;;;;
47.037109375;-0.2392578125;0.02783203125;1.052001953125;;;;;;;;;;;;;;;
47.04052734375;0.142333984375;0.20556640625;1.08642578125;;;;;;;;;;;;;;;
47.0439453125;0.123779296875;0.1201171875;1.267333984375;;;;;;;;;;;;;;;
47.04730224609375;-0.278564453125;-0.097412109375;0.84375;;;;;;;;;;;;;;;
47.050750732421875;-0.023193359375;0.1494140625;0.99755859375;;;;;;;;;;;;;;;
47.054107666015625;-0.1484375;-0.007568359375;0.845703125;;;;;;;;;;;;;;;
47.05755615234375;0.072265625;0.306396484375;1.16943359375;;;;;;;;;;;;;;;
47.060943603515625;-0.17724609375;-0.086669921875;1.045654296875;;;;;;;;;;;;;;;
47.064422607421875;0.256591796875;0.002685546875;1.04345703125;;;;;;;;;;;;;;;
47.067840576171875;0.279296875;0.12451171875;1.103515625;;;;;;;;;;;;;;;
47.0711669921875;-0.2470703125;0.06591796875;0.923095703125;;;;;;;;;;;;;;;
47.07452392578125;-0.102783203125;0.146484375;1.1923828125;;;;;;;;;;;;;;;
47.078033447265625;-0.333740234375;-0.16259765625;0.928955078125;;;;;;;;;;;;;;;
47.081512451171875;0.199462890625;0.341064453125;1.03125;;;;;;;;;;;;;;;
47.084930419921875;-0.265625;0.07958984375;0.765380859375;;;;;;;;;;;;;;;
47.088348388671875;0.152587890625;0.2109375;0.974365234375;;;;;;;;;;;;;;;
47.09173583984375;0.228515625;0.0283203125;1.294921875;;;;;;;;;;;;;;;
47.09515380859375;-0.244140625;-0.15576171875;1.091796875;;;;;;;;;;;;;;;
47.0985107421875;-0.033447265625;0.11181640625;1.05712890625;;;;;;;;;;;;;;;
47.101898193359375;-0.238037109375;0.031982421875;0.751708984375;;;;;;;;;;;;;;;
47.105224609375;0.0712890625;0.4248046875;1.0849609375;;;;;;;;;;;;;;;
47.10870361328125;-0.03173828125;-0.108154296875;1.084228515625;;;;;;;;;;;;;;;
47.11212158203125;0.08349609375;0.016357421875;1.179443359375;;;;;;;;;;;;;;;
47.115478515625;-0.0927734375;0.108154296875;1.016845703125;;;;;;;;;;;;;;;
47.118927001953125;-0.16943359375;0.034423828125;0.794677734375;;;;;;;;;;;;;;;
47.122344970703125;-0.040283203125;0.259765625;1.085205078125;;;;;;;;;;;;;;;
47.125701904296875;-0.00732421875;-0.267333984375;1.02880859375;;;;;;;;;;;;;;;
47.129150390625;0.035400390625;0.336181640625;1.175537109375;;;;;;;;;;;;;;;
47.132537841796875;-0.28564453125;0.004638671875;0.822509765625;;;;;;;;;;;;;;;
47.13592529296875;0.27685546875;0.294921875;0.859375;;;;;;;;;;;;;;;
47.1392822265625;0.06591796875;0.20166015625;1.13134765625;;;;;;;;;;;;;;;
47.14263916015625;-0.18017578125;-0.033203125;1.05712890625;;;;;;;;;;;;;;;
47.145965576171875;-0.257080078125;0.067626953125;1.24609375;;;;;;;;;;;;;;;
47.149383544921875;-0.281005859375;-0.335205078125;0.811767578125;;;;;;;;;;;;;;;
47.15283203125;-0.001708984375;0.320068359375;0.952880859375;;;;;;;;;;;;;;;
47.15625;-0.167236328125;0.01708984375;0.95361328125;;;;;;;;;;;;;;;
47.1595458984375;0.222900390625;0.366455078125;1.16650390625;;;;;;;;;;;;;;;
47.16290283203125;-0.042236328125;0.25439453125;1.189697265625;;;;;;;;;;;;;;;
47.166259765625;-0.09228515625;-0.00830078125;0.88818359375;;;;;;;;;;;;;;;
47.1695556640625;-0.190673828125;-0.01171875;0.992431640625;;;;;;;;;;;;;;;
47.1729736328125;-0.15380859375;-0.166748046875;0.832275390625;;;;;;;;;;;;;;;
47.17626953125;0.05419921875;0.23046875;1.164306640625;;;;;;;;;;;;;;;
47.1796875;-0.163330078125;-0.116455078125;1.0009765625;;;;;;;;;;;;;;;
47.183013916015625;0.250732421875;0.164306640625;1.117431640625;;;;;;;;;;;;;;;
47.1864013671875;-0.329345703125;0.20654296875;1.003662109375;;;;;;;;;;;;;;;
47.18988037109375;-0.23779296875;0.132568359375;0.9111328125;;;;;;;;;;;;;;;
47.193267822265625;-0.02001953125;0.0654296875;1.14013671875;;;;;;;;;;;;;;;
47.1966552734375;0.14794921875;-0.296142578125;0.98828125;;;;;;;;;;;;;;;
47.20001220703125;0.03515625;0.23193359375;1.0146484375;;;;;;;;;;;;;;;
47.203369140625;-0.165771484375;0.02294921875;0.76171875;;;;;;;;;;;;;;;
47.206787109375;0.02880859375;0.353271484375;1.038330078125;;;;;;;;;;;;;;;
47.21026611328125;-0.0078125;0.07275390625;1.144775390625;;;;;;;;;;;;;;;
47.21368408203125;-0.027099609375;-0.02685546875;1.14404296875;;;;;;;;;;;;;;;
47.217071533203125;-0.23046875;0.026611328125;1.05517578125;;;;;;;;;;;;;;;
47.220550537109375;-0.1591796875;-0.093994140625;0.808349609375;;;;;;;;;;;;;;;
47.223907470703125;-0.062744140625;0.33349609375;0.993896484375;;;;;;;;;;;;;;;
47.22735595703125;-0.12060546875;-0.111572265625;1.012451171875;;;;;;;;;;;;;;;
47.230712890625;0.134033203125;0.3193359375;1.23681640625;;;;;;;;;;;;;;;
47.234100341796875;-0.161865234375;0.101318359375;0.98876953125;;;;;;;;;;;;;;;
47.23748779296875;-0.067138671875;0.102783203125;0.843505859375;;;;;;;;;;;;;;;
47.240814208984375;-0.152099609375;0.089599609375;1.011962890625;;;;;;;;;;;;;;;
47.24420166015625;0.09716796875;-0.35595703125;1.05859375;;;;;;;;;;;;;;;
47.247589111328125;-0.099609375;0.321533203125;1.168701171875;;;;;;;;;;;;;;;
47.250946044921875;-0.161376953125;0.0166015625;0.8349609375;;;;;;;;;;;;;;;
47.25439453125;0.009521484375;0.308349609375;1.05126953125;;;;;;;;;;;;;;;
47.257720947265625;-0.18798828125;0.134521484375;1.006103515625;;;;;;;;;;;;;;;
47.261138916015625;0.0146484375;-0.1142578125;1.109619140625;;;;;;;;;;;;;;;
47.264556884765625;-0.1337890625;0.018310546875;1.1201171875;;;;;;;;;;;;;;;
47.267913818359375;-0.038330078125;-0.2763671875;0.90087890625;;;;;;;;;;;;;;;
47.271270751953125;-0.093017578125;0.366455078125;0.95703125;;;;;;;;;;;;;;;
47.27471923828125;-0.182373046875;0.0361328125;0.794921875;;;;;;;;;;;;;;;
47.278106689453125;0.132080078125;0.379150390625;1.220947265625;;;;;;;;;;;;;;;
47.281494140625;-0.1689453125;0.201416015625;1.111328125;;;;;;;;;;;;;;;
47.284820556640625;0.09912109375;-0.0439453125;0.9404296875;;;;;;;;;;;;;;;
47.288177490234375;-0.1630859375;-0.075927734375;0.945556640625;;;;;;;;;;;;;;;
47.29156494140625;0.018798828125;-0.304443359375;0.875732421875;;;;;;;;;;;;;;;
47.29498291015625;-0.015869140625;0.232177734375;1.18310546875;;;;;;;;;;;;;;;
47.29833984375;-0.073974609375;-0.078857421875;1.001953125;;;;;;;;;;;;;;;
47.3017578125;0.018310546875;0.34521484375;1.173095703125;;;;;;;;;;;;;;;
47.305145263671875;-0.41455078125;0.13134765625;0.923828125;;;;;;;;;;;;;;;
47.3084716796875;-0.113037109375;0.116455078125;0.952392578125;;;;;;;;;;;;;;;
47.311859130859375;-0.044189453125;-0.03564453125;1.0771484375;;;;;;;;;;;;;;;
47.315216064453125;0.224609375;-0.279296875;1.03759765625;;;;;;;;;;;;;;;
47.318634033203125;-0.00927734375;0.2060546875;1.07421875;;;;;;;;;;;;;;;
47.32196044921875;-0.188232421875;-0.05029296875;0.749755859375;;;;;;;;;;;;;;;
47.32537841796875;-0.12890625;0.421875;1.113037109375;;;;;;;;;;;;;;;
47.32879638671875;-0.354248046875;0.001708984375;1.076904296875;;;;;;;;;;;;;;;
47.332244873046875;0.015625;-0.044677734375;1.199951171875;;;;;;;;;;;;;;;
47.3355712890625;-0.134033203125;0.038330078125;1.0576171875;;;;;;;;;;;;;;;
47.33905029296875;0.041015625;0.029052734375;0.837158203125;;;;;;;;;;;;;;;
47.342376708984375;-0.0947265625;0.352783203125;0.99951171875;;;;;;;;;;;;;;;
47.345733642578125;-0.106689453125;-0.218505859375;0.98779296875;;;;;;;;;;;;;;;
47.34906005859375;0.104248046875;0.253173828125;1.27783203125;;;;;;;;;;;;;;;
47.3524169921875;-0.260009765625;-0.005859375;0.99072265625;;;;;;;;;;;;;;;
47.3558349609375;0.042724609375;0.10986328125;0.867919921875;;;;;;;;;;;;;;;
47.35919189453125;-0.133056640625;0.22119140625;0.9482421875;;;;;;;;;;;;;;;
47.362548828125;0.082275390625;-0.17138671875;1.04736328125;;;;;;;;;;;;;;;
47.366058349609375;-0.085205078125;0.26416015625;1.202392578125;;;;;;;;;;;;;;;
47.36944580078125;-0.057861328125;-0.29541015625;0.8994140625;;;;;;;;;;;;;;;
47.372802734375;-0.0703125;0.32568359375;1.068115234375;;;;;;;;;;;;;;;
47.376220703125;-0.505615234375;-0.0322265625;0.96923828125;;;;;;;;;;;;;;;
47.379608154296875;-0.0625;0.157470703125;1.125;;;;;;;;;;;;;;;
47.383056640625;-0.074951171875;-0.017333984375;1.06640625;;;;;;;;;;;;;;;
47.386474609375;0.030029296875;0.0703125;0.922607421875;;;;;;;;;;;;;;;
47.38983154296875;-0.095947265625;0.1630859375;0.96533203125;;;;;;;;;;;;;;;
47.393218994140625;-0.0927734375;-0.033935546875;0.824951171875;;;;;;;;;;;;;;;
47.3966064453125;0.216064453125;0.236328125;1.258056640625;;;;;;;;;;;;;;;
47.39996337890625;-0.156982421875;-0.238037109375;1.128173828125;;;;;;;;;;;;;;;
47.40325927734375;-0.03857421875;0.033447265625;1.15380859375;;;;;;;;;;;;;;;
47.4066162109375;-0.1259765625;0.01220703125;0.925048828125;;;;;;;;;;;;;;;
47.410003662109375;-0.0556640625;0.33544921875;0.845947265625;;;;;;;;;;;;;;;
47.413330078125;-0.02392578125;0.177978515625;1.08203125;;;;;;;;;;;;;;;
47.416717529296875;-0.12060546875;-0.20263671875;1.022216796875;;;;;;;;;;;;;;;
47.42010498046875;0.023193359375;0.382568359375;1.17138671875;;;;;;;;;;;;;;;
47.423431396484375;-0.285400390625;0.033203125;0.856201171875;;;;;;;;;;;;;;;
47.426727294921875;-0.0302734375;0.198974609375;0.9873046875;;;;;;;;;;;;;;;
47.4300537109375;-0.03173828125;-0.09716796875;1.022705078125;;;;;;;;;;;;;;;
47.43341064453125;0.110595703125;-0.098876953125;1.13671875;;;;;;;;;;;;;;;
47.43682861328125;-0.065673828125;0.16162109375;1.08935546875;;;;;;;;;;;;;;;
47.440216064453125;-0.16064453125;-0.08935546875;0.807861328125;;;;;;;;;;;;;;;
47.443603515625;-0.123046875;0.444091796875;1.00146484375;;;;;;;;;;;;;;;
47.447021484375;-0.156982421875;-0.064453125;1.0615234375;;;;;;;;;;;;;;;
47.450408935546875;0.025146484375;0.08447265625;1.241455078125;;;;;;;;;;;;;;;
47.453826904296875;-0.120849609375;-0.083984375;1.02294921875;;;;;;;;;;;;;;;
47.457183837890625;0.041015625;0.218017578125;0.82470703125;;;;;;;;;;;;;;;
47.460601806640625;-0.052490234375;0.31005859375;0.921875;;;;;;;;;;;;;;;
47.46392822265625;-0.00146484375;-0.128173828125;0.966796875;;;;;;;;;;;;;;;
47.467315673828125;-0.04345703125;0.182373046875;1.275146484375;;;;;;;;;;;;;;;
47.470703125;-0.185546875;-0.0078125;1.009033203125;;;;;;;;;;;;;;;
47.47418212890625;0.057861328125;0.1337890625;0.92724609375;;;;;;;;;;;;;;;
47.477569580078125;-0.172119140625;0.166748046875;0.8603515625;;;;;;;;;;;;;;;
47.48095703125;0.15673828125;-0.08740234375;1.034912109375;;;;;;;;;;;;;;;
47.484405517578125;-0.072509765625;0.281005859375;1.158203125;;;;;;;;;;;;;;;
47.487762451171875;0.0458984375;-0.20361328125;0.957763671875;;;;;;;;;;;;;;;
47.4912109375;-0.189697265625;0.307861328125;1.00048828125;;;;;;;;;;;;;;;
47.49462890625;-0.139892578125;-0.0625;0.88427734375;;;;;;;;;;;;;;;
47.497955322265625;0.1552734375;0.169677734375;1.18408203125;;;;;;;;;;;;;;;
47.50140380859375;-0.03515625;-0.00927734375;1.03515625;;;;;;;;;;;;;;;
47.504791259765625;0.08447265625;0.223876953125;1.001953125;;;;;;;;;;;;;;;
47.508209228515625;-0.1787109375;0.216552734375;0.88623046875;;;;;;;;;;;;;;;
47.51153564453125;0.036865234375;-0.032958984375;0.829345703125;;;;;;;;;;;;;;;
47.514892578125;-0.077880859375;0.175537109375;1.23974609375;;;;;;;;;;;;;;;
47.518218994140625;-0.12890625;-0.279541015625;1.080322265625;;;;;;;;;;;;;;;
47.521636962890625;0.067138671875;0.030029296875;1.226318359375;;;;;;;;;;;;;;;
47.524932861328125;-0.231201171875;0.081787109375;0.85693359375;;;;;;;;;;;;;;;
47.5283203125;0.067626953125;0.52880859375;0.876220703125;;;;;;;;;;;;;;;
47.531707763671875;-0.13525390625;0.27197265625;0.97607421875;;;;;;;;;;;;;;;
47.535064697265625;0.128173828125;-0.17333984375;1.062255859375;;;;;;;;;;;;;;;
47.538482666015625;-0.16455078125;0.04833984375;1.157958984375;;;;;;;;;;;;;;;
47.54180908203125;-0.0908203125;-0.17919921875;0.8369140625;;;;;;;;;;;;;;;
47.545135498046875;0.17578125;0.210205078125;1.046142578125;;;;;;;;;;;;;;;
47.548492431640625;-0.083984375;0.13671875;0.958984375;;;;;;;;;;;;;;;
47.5518798828125;0.08447265625;0.1005859375;1.18798828125;;;;;;;;;;;;;;;
47.555267333984375;-0.244873046875;0.19580078125;1.06591796875;;;;;;;;;;;;;;;
47.55859375;-0.039306640625;-0.040771484375;0.83642578125;;;;;;;;;;;;;;;
47.561981201171875;-0.185546875;0.29638671875;0.978271484375;;;;;;;;;;;;;;;
47.5654296875;-0.262939453125;-0.169189453125;0.978271484375;;;;;;;;;;;;;;;
47.568817138671875;0.164794921875;0.113525390625;1.2978515625;;;;;;;;;;;;;;;
47.572174072265625;-0.130126953125;0.064208984375;0.970947265625;;;;;;;;;;;;;;;
47.5755615234375;0.104736328125;0.290771484375;0.888916015625;;;;;;;;;;;;;;;
47.57891845703125;-0.248779296875;0.291259765625;0.858154296875;;;;;;;;;;;;;;;
47.582275390625;0.09423828125;-0.205322265625;0.9970703125;;;;;;;;;;;;;;;
47.5855712890625;-0.093505859375;0.15380859375;1.27880859375;;;;;;;;;;;;;;;
47.588958740234375;-0.2021484375;-0.18359375;0.993408203125;;;;;;;;;;;;;;;
47.59228515625;0.011962890625;0.218505859375;1.055419921875;;;;;;;;;;;;;;;
47.595611572265625;-0.18701171875;0.154296875;0.8154296875;;;;;;;;;;;;;;;
47.598968505859375;0.166748046875;0.1484375;1.0654296875;;;;;;;;;;;;;;;
47.602447509765625;-0.1171875;0.09423828125;1.002685546875;;;;;;;;;;;;;;;
47.60577392578125;0.118896484375;-0.043212890625;1.056640625;;;;;;;;;;;;;;;
47.60919189453125;-0.353271484375;0.23046875;0.986572265625;;;;;;;;;;;;;;;
47.61260986328125;-0.094482421875;-0.1328125;0.766357421875;;;;;;;;;;;;;;;
47.615966796875;0.156005859375;0.247802734375;1.1728515625;;;;;;;;;;;;;;;
47.619354248046875;0.0537109375;0.033203125;1.02978515625;;;;;;;;;;;;;;;
47.622802734375;0.1015625;0.3291015625;1.04638671875;;;;;;;;;;;;;;;
47.62615966796875;-0.20166015625;0.076416015625;0.883056640625;;;;;;;;;;;;;;;
47.62957763671875;0.037353515625;-0.0419921875;0.878173828125;;;;;;;;;;;;;;;
47.633026123046875;-0.22216796875;0.07421875;1.20458984375;;;;;;;;;;;;;;;
47.636505126953125;-0.325439453125;-0.23388671875;1.0537109375;;;;;;;;;;;;;;;
47.639862060546875;-0.024658203125;0.0751953125;1.21728515625;;;;;;;;;;;;;;;
47.6431884765625;-0.08349609375;0.086181640625;0.845458984375;;;;;;;;;;;;;;;
47.64654541015625;0.0791015625;0.509765625;0.929931640625;;;;;;;;;;;;;;;
47.64990234375;-0.18408203125;0.266357421875;0.899169921875;;;;;;;;;;;;;;;
47.6531982421875;0.180908203125;-0.1171875;1.099609375;;;;;;;;;;;;;;;
47.656707763671875;-0.1611328125;-0.060302734375;1.166748046875;;;;;;;;;;;;;;;
47.66009521484375;-0.208251953125;-0.363037109375;0.839111328125;;;;;;;;;;;;;;;
47.663482666015625;0.02197265625;0.1748046875;1.0302734375;;;;;;;;;;;;;;;
47.6668701171875;-0.09521484375;0.185546875;0.92041015625;;;;;;;;;;;;;;;
47.670196533203125;0.091552734375;0.344482421875;1.2392578125;;;;;;;;;;;;;;;
47.673614501953125;-0.2763671875;0.19580078125;1.031982421875;;;;;;;;;;;;;;;
47.676910400390625;0.049072265625;0.059326171875;0.909912109375;;;;;;;;;;;;;;;
47.680267333984375;-0.193603515625;0.197265625;0.89306640625;;;;;;;;;;;;;;;
47.68365478515625;0.049072265625;-0.207275390625;0.986572265625;;;;;;;;;;;;;;;
47.68707275390625;0.035888671875;0.086181640625;1.26953125;;;;;;;;;;;;;;;
47.69036865234375;-0.05810546875;-0.047607421875;1.01904296875;;;;;;;;;;;;;;;
47.693756103515625;-0.060546875;0.4130859375;0.95361328125;;;;;;;;;;;;;;;
47.697113037109375;-0.276611328125;0.066650390625;0.7841796875;;;;;;;;;;;;;;;
47.700531005859375;0.1171875;-0.018310546875;1.016357421875;;;;;;;;;;;;;;;
47.703857421875;-0.071044921875;0.032958984375;1.221923828125;;;;;;;;;;;;;;;
47.707183837890625;-0.028564453125;-0.091552734375;1.076904296875;;;;;;;;;;;;;;;
47.71063232421875;-0.152587890625;0.13525390625;1.0458984375;;;;;;;;;;;;;;;
47.7139892578125;-0.1416015625;0.038330078125;0.80712890625;;;;;;;;;;;;;;;
47.71746826171875;0.06005859375;0.343017578125;1.0859375;;;;;;;;;;;;;;;
47.7208251953125;-0.1259765625;0.04248046875;1.0107421875;;;;;;;;;;;;;;;
47.72418212890625;0.069580078125;0.04541015625;1.089111328125;;;;;;;;;;;;;;;
47.72760009765625;-0.22900390625;0.038818359375;0.9482421875;;;;;;;;;;;;;;;
47.73095703125;0.05029296875;-0.0283203125;0.88623046875;;;;;;;;;;;;;;;
47.73431396484375;0.03857421875;0.239013671875;1.18017578125;;;;;;;;;;;;;;;
47.73773193359375;0.01318359375;-0.16650390625;1.0546875;;;;;;;;;;;;;;;
47.7410888671875;-0.091552734375;0.318115234375;1.21435546875;;;;;;;;;;;;;;;
47.74444580078125;-0.227783203125;-0.07421875;0.81298828125;;;;;;;;;;;;;;;
47.7479248046875;0.125244140625;-0.0693359375;0.9169921875;;;;;;;;;;;;;;;
47.7513427734375;-0.187744140625;0.094970703125;0.93896484375;;;;;;;;;;;;;;;
47.754669189453125;-0.057861328125;-0.015380859375;1.076904296875;;;;;;;;;;;;;;;
47.758026123046875;-0.05029296875;0.1982421875;1.245361328125;;;;;;;;;;;;;;;
47.761444091796875;-0.134521484375;-0.03955078125;0.8818359375;;;;;;;;;;;;;;;
47.764801025390625;0.066650390625;0.357666015625;0.972412109375;;;;;;;;;;;;;;;
47.768218994140625;-0.2119140625;0.136474609375;0.824951171875;;;;;;;;;;;;;;;
47.77154541015625;0.2119140625;-0.035400390625;1.17822265625;;;;;;;;;;;;;;;
47.77496337890625;-0.103759765625;0.0283203125;1.12646484375;;;;;;;;;;;;;;;
47.778289794921875;0.064453125;-0.181884765625;0.939697265625;;;;;;;;;;;;;;;
47.78167724609375;-0.13623046875;0.22021484375;1.079345703125;;;;;;;;;;;;;;;
47.785064697265625;-0.14892578125;0.003662109375;0.91650390625;;;;;;;;;;;;;;;
47.78839111328125;-0.015625;0.19287109375;1.224365234375;;;;;;;;;;;;;;;
47.791900634765625;-0.1572265625;0.00634765625;0.9638671875;;;;;;;;;;;;;;;
47.795318603515625;0.187744140625;0.263427734375;0.950927734375;;;;;;;;;;;;;;;
47.7987060546875;-0.198486328125;0.201904296875;0.834228515625;;;;;;;;;;;;;;;
47.802093505859375;0.213623046875;0.043212890625;0.922119140625;;;;;;;;;;;;;;;
47.80548095703125;0.21923828125;0.059814453125;1.2880859375;;;;;;;;;;;;;;;
47.808807373046875;-0.056884765625;-0.065185546875;1.065673828125;;;;;;;;;;;;;;;
47.812255859375;-0.120849609375;0.19970703125;1.016357421875;;;;;;;;;;;;;;;
47.815582275390625;-0.36767578125;-0.003662109375;0.736572265625;;;;;;;;;;;;;;;
47.818939208984375;0.2080078125;0.09765625;1.017822265625;;;;;;;;;;;;;;;
47.822235107421875;-0.064697265625;0.10546875;1.162109375;;;;;;;;;;;;;;;
47.82562255859375;-0.00244140625;0.090576171875;1.109619140625;;;;;;;;;;;;;;;
47.82904052734375;-0.111083984375;0.175537109375;1.05322265625;;;;;;;;;;;;;;;
47.832427978515625;-0.136474609375;-0.04736328125;0.798828125;;;;;;;;;;;;;;;
47.83587646484375;0.02294921875;0.19873046875;1.075927734375;;;;;;;;;;;;;;;
47.83929443359375;-0.07861328125;-0.043701171875;0.980712890625;;;;;;;;;;;;;;;
47.842620849609375;0.061279296875;0.239501953125;1.154541015625;;;;;;;;;;;;;;;
47.84600830078125;-0.28759765625;0.087646484375;0.88671875;;;;;;;;;;;;;;;
47.849365234375;0.2080078125;0.073974609375;0.906982421875;;;;;;;;;;;;;;;
47.85272216796875;0.01708984375;0.22216796875;1.158447265625;;;;;;;;;;;;;;;
47.85614013671875;-0.0302734375;-0.149658203125;1.0166015625;;;;;;;;;;;;;;;
47.85943603515625;-0.042724609375;0.2255859375;1.244384765625;;;;;;;;;;;;;;;
47.862823486328125;-0.136962890625;-0.140625;0.78759765625;;;;;;;;;;;;;;;
47.866302490234375;0.191162109375;0.3955078125;0.934814453125;;;;;;;;;;;;;;;
47.869720458984375;-0.25048828125;0.105224609375;0.845947265625;;;;;;;;;;;;;;;
47.8731689453125;0.26806640625;0.151123046875;1.0498046875;;;;;;;;;;;;;;;
47.8765869140625;0.129638671875;0.12646484375;1.236572265625;;;;;;;;;;;;;;;
47.8798828125;-0.1015625;-0.014892578125;0.906005859375;;;;;;;;;;;;;;;
47.88330078125;0.04150390625;0.18017578125;1.008544921875;;;;;;;;;;;;;;;
47.88671875;-0.2138671875;-0.17041015625;0.796142578125;;;;;;;;;;;;;;;
47.89007568359375;0.142822265625;0.10595703125;1.172607421875;;;;;;;;;;;;;;;
47.893524169921875;-0.220947265625;0.03857421875;1.075439453125;;;;;;;;;;;;;;;
47.8968505859375;0.078125;0.31201171875;0.996337890625;;;;;;;;;;;;;;;
47.900177001953125;-0.031005859375;0.22314453125;0.95849609375;;;;;;;;;;;;;;;
47.903594970703125;-0.12060546875;0.107177734375;0.890625;;;;;;;;;;;;;;;
47.906982421875;0.005615234375;0.29638671875;1.212646484375;;;;;;;;;;;;;;;
47.910400390625;-0.0380859375;-0.094970703125;1.007568359375;;;;;;;;;;;;;;;
47.913848876953125;0.118896484375;0.29736328125;1.02783203125;;;;;;;;;;;;;;;
47.917236328125;-0.291748046875;0.06787109375;0.75;;;;;;;;;;;;;;;
47.920654296875;0.21240234375;0.10107421875;1.0400390625;;;;;;;;;;;;;;;
47.924041748046875;0.192626953125;0.13623046875;1.245849609375;;;;;;;;;;;;;;;
47.927398681640625;-0.058837890625;-0.04345703125;1.06787109375;;;;;;;;;;;;;;;
47.9307861328125;-0.194091796875;0.211669921875;1.118896484375;;;;;;;;;;;;;;;
47.934112548828125;-0.304931640625;-0.1982421875;0.743896484375;;;;;;;;;;;;;;;
47.937469482421875;0.023681640625;0.29296875;1.011962890625;;;;;;;;;;;;;;;
47.94091796875;-0.104736328125;-0.08251953125;1.078369140625;;;;;;;;;;;;;;;
47.94427490234375;0.082763671875;0.204345703125;1.190185546875;;;;;;;;;;;;;;;
47.94769287109375;-0.19140625;0.08935546875;1.0185546875;;;;;;;;;;;;;;;
47.951141357421875;-0.03466796875;0.02880859375;0.802734375;;;;;;;;;;;;;;;
47.9544677734375;-0.099609375;0.14013671875;1.0751953125;;;;;;;;;;;;;;;
47.9578857421875;-0.02490234375;-0.152099609375;0.98779296875;;;;;;;;;;;;;;;
47.9613037109375;-0.0732421875;0.304443359375;1.187255859375;;;;;;;;;;;;;;;
47.9647216796875;-0.2392578125;-0.07080078125;0.843505859375;;;;;;;;;;;;;;;
47.968017578125;0.13818359375;0.13232421875;1.013671875;;;;;;;;;;;;;;;
47.97137451171875;-0.21875;0.173095703125;1.08642578125;;;;;;;;;;;;;;;
47.9747314453125;-0.017578125;-0.041748046875;1.041259765625;;;;;;;;;;;;;;;
47.978118896484375;-0.088134765625;0.13671875;1.20703125;;;;;;;;;;;;;;;
47.98150634765625;0.05078125;-0.30224609375;0.834228515625;;;;;;;;;;;;;;;
47.98492431640625;0.010498046875;0.38671875;0.969482421875;;;;;;;;;;;;;;;
47.988311767578125;-0.20166015625;0.09326171875;0.779052734375;;;;;;;;;;;;;;;
47.991729736328125;0.078125;0.30126953125;1.140380859375;;;;;;;;;;;;;;;
47.995147705078125;-0.074462890625;-0.004150390625;1.1669921875;;;;;;;;;;;;;;;
47.99847412109375;-0.026123046875;-0.126220703125;0.999755859375;;;;;;;;;;;;;;;
48.001922607421875;-0.1015625;0.034423828125;0.984619140625;;;;;;;;;;;;;;;
48.005279541015625;-0.07470703125;-0.139404296875;0.830078125;;;;;;;;;;;;;;;
48.008636474609375;0.00146484375;0.233154296875;1.17138671875;;;;;;;;;;;;;;;
48.012054443359375;-0.085693359375;0.013427734375;1.05078125;;;;;;;;;;;;;;;
48.015533447265625;0.087646484375;0.41650390625;1.090087890625;;;;;;;;;;;;;;;
48.01898193359375;-0.279052734375;0.18017578125;0.872314453125;;;;;;;;;;;;;;;
48.022430419921875;-0.147216796875;0.058837890625;0.90869140625;;;;;;;;;;;;;;;
48.025787353515625;-0.031982421875;-0.0146484375;1.1484375;;;;;;;;;;;;;;;
48.0291748046875;0.1904296875;-0.24560546875;1.0869140625;;;;;;;;;;;;;;;
48.032562255859375;0.1162109375;0.328125;1.06982421875;;;;;;;;;;;;;;;
48.035858154296875;-0.161376953125;-0.08544921875;0.755126953125;;;;;;;;;;;;;;;
48.03924560546875;0.046630859375;0.3564453125;1.105712890625;;;;;;;;;;;;;;;
48.04254150390625;0.064697265625;0.068115234375;1.205078125;;;;;;;;;;;;;;;
48.0458984375;-0.187255859375;-0.1044921875;1.118408203125;;;;;;;;;;;;;;;
48.049285888671875;-0.206787109375;0.059326171875;1.04833984375;;;;;;;;;;;;;;;
48.05267333984375;-0.197998046875;-0.1708984375;0.734619140625;;;;;;;;;;;;;;;
48.056060791015625;0.030517578125;0.4091796875;1.036376953125;;;;;;;;;;;;;;;
48.05938720703125;-0.194091796875;-0.072265625;0.9306640625;;;;;;;;;;;;;;;
48.0628662109375;0.140625;0.313720703125;1.218017578125;;;;;;;;;;;;;;;
48.066253662109375;-0.166259765625;0.064697265625;1.083251953125;;;;;;;;;;;;;;;
48.069610595703125;-0.144287109375;-0.014892578125;0.81298828125;;;;;;;;;;;;;;;
48.07293701171875;-0.072265625;0.163818359375;1.03369140625;;;;;;;;;;;;;;;
48.076324462890625;0.017333984375;-0.220703125;0.977783203125;;;;;;;;;;;;;;;
48.07965087890625;-0.051513671875;0.40478515625;1.2041015625;;;;;;;;;;;;;;;
48.08306884765625;-0.216796875;-0.24072265625;0.87158203125;;;;;;;;;;;;;;;
48.08642578125;0.1728515625;0.296630859375;1.0712890625;;;;;;;;;;;;;;;
48.089813232421875;-0.627685546875;0.0263671875;1.133056640625;;;;;;;;;;;;;;;
48.09320068359375;-0.277099609375;0.077392578125;1.02197265625;;;;;;;;;;;;;;;
48.096588134765625;-0.0927734375;0.04052734375;1.175537109375;;;;;;;;;;;;;;;
48.0999755859375;0.231201171875;-0.169677734375;0.821533203125;;;;;;;;;;;;;;;
48.10333251953125;0.08203125;0.350341796875;1.036865234375;;;;;;;;;;;;;;;
48.106781005859375;-0.33447265625;0.04736328125;0.759521484375;;;;;;;;;;;;;;;
48.11016845703125;0.121826171875;0.2890625;1.150146484375;;;;;;;;;;;;;;;
48.113555908203125;0.05615234375;-0.136962890625;1.240478515625;;;;;;;;;;;;;;;
48.116943359375;-0.16162109375;-0.09130859375;1.0361328125;;;;;;;;;;;;;;;
48.120391845703125;-0.245849609375;0.007568359375;0.997802734375;;;;;;;;;;;;;;;
48.123779296875;-0.11376953125;0.090576171875;0.819091796875;;;;;;;;;;;;;;;
48.127105712890625;-0.04736328125;0.386962890625;1.137939453125;;;;;;;;;;;;;;;
48.130584716796875;0.029052734375;-0.1943359375;1.008056640625;;;;;;;;;;;;;;;
48.134002685546875;0.201416015625;0.3720703125;1.181640625;;;;;;;;;;;;;;;
48.137420654296875;-0.306640625;0.094970703125;0.88623046875;;;;;;;;;;;;;;;
48.140869140625;-0.03564453125;0.118408203125;0.889404296875;;;;;;;;;;;;;;;
48.14422607421875;-0.05908203125;-0.059814453125;1.115478515625;;;;;;;;;;;;;;;
48.147613525390625;0.154296875;-0.306884765625;1.092529296875;;;;;;;;;;;;;;;
48.150970458984375;0.02294921875;0.291259765625;1.10107421875;;;;;;;;;;;;;;;
48.154296875;-0.21630859375;-0.13720703125;0.758544921875;;;;;;;;;;;;;;;
48.15777587890625;0.02978515625;0.5087890625;1.087646484375;;;;;;;;;;;;;;;
48.16119384765625;-0.093505859375;0.03369140625;1.126220703125;;;;;;;;;;;;;;;
48.16461181640625;-0.07763671875;-0.002197265625;1.15283203125;;;;;;;;;;;;;;;
48.16802978515625;-0.2197265625;-0.1025390625;1.029052734375;;;;;;;;;;;;;;;
48.17132568359375;-0.12939453125;-0.11328125;0.761962890625;;;;;;;;;;;;;;;
48.174774169921875;-0.042724609375;0.269775390625;0.9794921875;;;;;;;;;;;;;;;
48.178192138671875;-0.088623046875;-0.091796875;0.94384765625;;;;;;;;;;;;;;;
48.1815185546875;0.063720703125;0.40576171875;1.25634765625;;;;;;;;;;;;;;;
48.184906005859375;-0.161865234375;0.143310546875;1.024169921875;;;;;;;;;;;;;;;
48.18829345703125;0.040771484375;0.064697265625;0.958984375;;;;;;;;;;;;;;;
48.191650390625;-0.1025390625;0.052734375;0.962890625;;;;;;;;;;;;;;;
48.194976806640625;0.10400390625;-0.291015625;0.98876953125;;;;;;;;;;;;;;;
48.198394775390625;0.046142578125;0.26904296875;1.151123046875;;;;;;;;;;;;;;;
48.201812744140625;-0.030029296875;-0.193603515625;0.918212890625;;;;;;;;;;;;;;;
48.205230712890625;-0.020263671875;0.357666015625;1.046630859375;;;;;;;;;;;;;;;
48.20880126953125;-0.398681640625;0.083984375;0.827880859375;;;;;;;;;;;;;;;
48.212249755859375;-0.0908203125;0.129150390625;1.068603515625;;;;;;;;;;;;;;;
48.21563720703125;0.00048828125;-0.047119140625;1.11328125;;;;;;;;;;;;;;;
48.218963623046875;0.168701171875;-0.115478515625;0.930419921875;;;;;;;;;;;;;;;
48.222381591796875;-0.076416015625;0.28173828125;0.94775390625;;;;;;;;;;;;;;;
48.225799560546875;-0.10791015625;0.032958984375;0.791259765625;;;;;;;;;;;;;;;
48.22918701171875;-0.06591796875;0.3173828125;1.219970703125;;;;;;;;;;;;;;;
48.2325439453125;-0.099365234375;-0.1591796875;1.126953125;;;;;;;;;;;;;;;
48.235931396484375;0.025146484375;-0.042236328125;1.12451171875;;;;;;;;;;;;;;;
48.239410400390625;-0.206298828125;0.0146484375;0.955322265625;;;;;;;;;;;;;;;
48.24285888671875;0.005859375;0.2734375;0.825927734375;;;;;;;;;;;;;;;
48.24615478515625;-0.064208984375;0.380859375;1.0654296875;;;;;;;;;;;;;;;
48.249542236328125;0.083984375;-0.173583984375;1.0126953125;;;;;;;;;;;;;;;
48.2529296875;-0.024169921875;0.190673828125;1.211181640625;;;;;;;;;;;;;;;
48.25634765625;-0.23388671875;-0.066650390625;0.831787109375;;;;;;;;;;;;;;;
48.25982666015625;0.119140625;0.19091796875;0.919189453125;;;;;;;;;;;;;;;
48.263214111328125;-0.054931640625;0.12890625;1.04931640625;;;;;;;;;;;;;;;
48.2666015625;0.158203125;-0.196533203125;1.133544921875;;;;;;;;;;;;;;;
48.26995849609375;-0.252197265625;0.310302734375;1.112548828125;;;;;;;;;;;;;;;
48.2733154296875;-0.16748046875;-0.2275390625;0.76220703125;;;;;;;;;;;;;;;
48.276702880859375;-0.12451171875;0.4189453125;1.029052734375;;;;;;;;;;;;;;;
48.280120849609375;-0.173828125;-0.08056640625;1.03466796875;;;;;;;;;;;;;;;
48.28350830078125;0.1083984375;0.07568359375;1.212890625;;;;;;;;;;;;;;;
48.2869873046875;-0.189697265625;-0.067138671875;1.002197265625;;;;;;;;;;;;;;;
48.290374755859375;0.179443359375;0.03271484375;0.835205078125;;;;;;;;;;;;;;;
48.293792724609375;-0.208740234375;0.325927734375;0.95361328125;;;;;;;;;;;;;;;
48.297210693359375;-0.11181640625;-0.13623046875;0.88330078125;;;;;;;;;;;;;;;
48.300567626953125;0.0634765625;0.2822265625;1.259033203125;;;;;;;;;;;;;;;
48.303955078125;-0.1533203125;-0.207275390625;1.021728515625;;;;;;;;;;;;;;;
48.307373046875;0.180419921875;0.0693359375;1.042236328125;;;;;;;;;;;;;;;
48.31072998046875;-0.22509765625;0.122314453125;0.91259765625;;;;;;;;;;;;;;;
48.314117431640625;0.126708984375;0.25244140625;1.0126953125;;;;;;;;;;;;;;;
48.317474365234375;-0.160888671875;0.251708984375;1.09765625;;;;;;;;;;;;;;;
48.320892333984375;-0.0556640625;-0.281005859375;0.9482421875;;;;;;;;;;;;;;;
48.324310302734375;-0.162109375;0.20947265625;1.056640625;;;;;;;;;;;;;;;
48.327728271484375;-0.31689453125;0.057861328125;0.769775390625;;;;;;;;;;;;;;;
48.331146240234375;0.0498046875;0.224853515625;1.10205078125;;;;;;;;;;;;;;;
48.33447265625;-0.044677734375;0.04296875;1.081298828125;;;;;;;;;;;;;;;
48.337799072265625;0.191650390625;-0.024169921875;1.1142578125;;;;;;;;;;;;;;;
48.3411865234375;-0.1044921875;0.138427734375;0.974365234375;;;;;;;;;;;;;;;
48.3446044921875;-0.0869140625;-0.05810546875;0.79052734375;;;;;;;;;;;;;;;
48.34796142578125;-0.15380859375;0.292236328125;1.136474609375;;;;;;;;;;;;;;;
48.35150146484375;-0.429931640625;-0.171630859375;1.073974609375;;;;;;;;;;;;;;;
48.354888916015625;0.061279296875;0.051513671875;1.185302734375;;;;;;;;;;;;;;;
48.358306884765625;-0.14697265625;0.0771484375;0.84228515625;;;;;;;;;;;;;;;
48.361663818359375;0.05810546875;0.3154296875;0.8583984375;;;;;;;;;;;;;;;
48.365020751953125;-0.125732421875;0.2900390625;1.008544921875;;;;;;;;;;;;;;;
48.368408203125;0.125732421875;-0.3017578125;1.109375;;;;;;;;;;;;;;;
48.371826171875;-0.060546875;0.139404296875;1.228515625;;;;;;;;;;;;;;;
48.375152587890625;-0.396484375;-0.14599609375;0.822509765625;;;;;;;;;;;;;;;
48.378509521484375;0.152099609375;0.230224609375;0.94287109375;;;;;;;;;;;;;;;
48.381805419921875;-0.1044921875;0.228759765625;0.95703125;;;;;;;;;;;;;;;
48.38519287109375;0.172119140625;-0.017578125;1.174560546875;;;;;;;;;;;;;;;
48.3885498046875;-0.278564453125;0.212646484375;1.12158203125;;;;;;;;;;;;;;;
48.391876220703125;-0.091064453125;-0.173583984375;0.826416015625;;;;;;;;;;;;;;;
48.39520263671875;-0.132080078125;0.399169921875;0.988525390625;;;;;;;;;;;;;;;
48.398590087890625;-0.233154296875;-0.164306640625;0.98486328125;;;;;;;;;;;;;;;
48.401947021484375;0.198486328125;0.083740234375;1.23291015625;;;;;;;;;;;;;;;
48.405303955078125;-0.180908203125;-0.060546875;0.98876953125;;;;;;;;;;;;;;;
48.40869140625;0.21142578125;0.22900390625;0.867431640625;;;;;;;;;;;;;;;
48.412109375;-0.19873046875;0.2431640625;0.893798828125;;;;;;;;;;;;;;;
48.4154052734375;0.0361328125;-0.062744140625;0.92333984375;;;;;;;;;;;;;;;
48.41876220703125;0.0693359375;0.1533203125;1.2490234375;;;;;;;;;;;;;;;
48.42218017578125;-0.054931640625;-0.2685546875;1.08984375;;;;;;;;;;;;;;;
48.425537109375;0.0087890625;0.079345703125;1.074951171875;;;;;;;;;;;;;;;
48.4288330078125;-0.21240234375;0.1201171875;0.844482421875;;;;;;;;;;;;;;;
48.4322509765625;0.0849609375;0.41650390625;0.99072265625;;;;;;;;;;;;;;;
48.435638427734375;-0.077392578125;0.211181640625;1.064453125;;;;;;;;;;;;;;;
48.43902587890625;0.068359375;-0.130615234375;1.013671875;;;;;;;;;;;;;;;
48.442535400390625;-0.172607421875;0.060791015625;1.037353515625;;;;;;;;;;;;;;;
48.44586181640625;-0.172607421875;-0.030517578125;0.83251953125;;;;;;;;;;;;;;;
48.449249267578125;0.042236328125;0.19189453125;1.1318359375;;;;;;;;;;;;;;;
48.452606201171875;-0.02880859375;0.008544921875;1.03369140625;;;;;;;;;;;;;;;
48.4559326171875;0.094970703125;0.1552734375;1.15966796875;;;;;;;;;;;;;;;
48.459381103515625;-0.113037109375;0.1640625;0.9365234375;;;;;;;;;;;;;;;
48.462799072265625;-0.060791015625;0.049560546875;0.839599609375;;;;;;;;;;;;;;;
48.46612548828125;-0.098876953125;0.228515625;1.043701171875;;;;;;;;;;;;;;;
48.469512939453125;-0.1279296875;-0.20361328125;1.095947265625;;;;;;;;;;;;;;;
48.472900390625;0.013671875;0.136962890625;1.239990234375;;;;;;;;;;;;;;;
48.47625732421875;-0.1669921875;0.044677734375;0.857177734375;;;;;;;;;;;;;;;
48.47955322265625;0.08349609375;0.395263671875;0.85595703125;;;;;;;;;;;;;;;
48.48291015625;-0.105224609375;0.16650390625;0.947998046875;;;;;;;;;;;;;;;
48.48626708984375;0.0986328125;-0.217529296875;1.128173828125;;;;;;;;;;;;;;;
48.489654541015625;-0.171875;0.055419921875;1.1884765625;;;;;;;;;;;;;;;
48.4930419921875;-0.145751953125;-0.156982421875;0.898193359375;;;;;;;;;;;;;;;
48.49639892578125;0.044921875;0.2080078125;1.0595703125;;;;;;;;;;;;;;;
48.499725341796875;-0.168212890625;0.151123046875;0.9228515625;;;;;;;;;;;;;;;
48.50311279296875;0.173828125;0.0185546875;1.160400390625;;;;;;;;;;;;;;;
48.506561279296875;-0.234130859375;0.25048828125;0.969970703125;;;;;;;;;;;;;;;
48.5098876953125;0.012939453125;-0.110595703125;0.874267578125;;;;;;;;;;;;;;;
48.51336669921875;-0.129150390625;0.26953125;0.949462890625;;;;;;;;;;;;;;;
48.51678466796875;0.0;-0.115234375;0.877197265625;;;;;;;;;;;;;;;
48.5201416015625;0.4169921875;0.102783203125;1.3056640625;;;;;;;;;;;;;;;
48.523468017578125;-0.17578125;0.10986328125;1.001953125;;;;;;;;;;;;;;;
48.526824951171875;0.093017578125;0.22705078125;0.94140625;;;;;;;;;;;;;;;
48.5302734375;-0.364501953125;0.12744140625;0.819580078125;;;;;;;;;;;;;;;
48.533660888671875;0.246826171875;-0.134765625;0.927978515625;;;;;;;;;;;;;;;
48.537078857421875;0.146240234375;0.1015625;1.248046875;;;;;;;;;;;;;;;
48.540496826171875;-0.1142578125;-0.1103515625;1.03271484375;;;;;;;;;;;;;;;
48.5438232421875;0.1259765625;0.169921875;1.136962890625;;;;;;;;;;;;;;;
48.547271728515625;-0.24609375;0.162841796875;0.7998046875;;;;;;;;;;;;;;;
48.550689697265625;0.13330078125;0.358154296875;1.012451171875;;;;;;;;;;;;;;;
48.5540771484375;-0.208251953125;0.13037109375;0.982177734375;;;;;;;;;;;;;;;
48.5574951171875;0.161376953125;-0.10107421875;1.083740234375;;;;;;;;;;;;;;;
48.560882568359375;-0.24853515625;0.0771484375;0.988525390625;;;;;;;;;;;;;;;
48.564239501953125;-0.0927734375;-0.083984375;0.785400390625;;;;;;;;;;;;;;;
48.567596435546875;0.19677734375;0.20751953125;1.13720703125;;;;;;;;;;;;;;;
48.571044921875;0.01025390625;0.020751953125;0.9931640625;;;;;;;;;;;;;;;
48.5743408203125;0.1552734375;0.280029296875;1.22314453125;;;;;;;;;;;;;;;
48.5777587890625;-0.41845703125;0.08203125;0.9169921875;;;;;;;;;;;;;;;
48.58111572265625;0.024658203125;0.12841796875;0.85888671875;;;;;;;;;;;;;;;
48.584503173828125;-0.142822265625;0.15234375;0.96923828125;;;;;;;;;;;;;;;
48.587890625;0.093994140625;-0.155029296875;1.02783203125;;;;;;;;;;;;;;;
48.59124755859375;0.12255859375;0.165283203125;1.258544921875;;;;;;;;;;;;;;;
48.594696044921875;-0.093017578125;0.129150390625;0.902587890625;;;;;;;;;;;;;;;
48.598052978515625;0.002685546875;0.401123046875;0.920654296875;;;;;;;;;;;;;;;
48.60150146484375;-0.253173828125;0.07080078125;0.86474609375;;;;;;;;;;;;;;;
48.604827880859375;0.181396484375;-0.166015625;1.130615234375;;;;;;;;;;;;;;;
48.60821533203125;-0.13525390625;0.040771484375;1.187255859375;;;;;;;;;;;;;;;
48.61163330078125;-0.1357421875;-0.041015625;0.904541015625;;;;;;;;;;;;;;;
48.615081787109375;0.012451171875;0.220458984375;1.044189453125;;;;;;;;;;;;;;;
48.618499755859375;-0.208251953125;0.16943359375;0.871826171875;;;;;;;;;;;;;;;
48.622039794921875;0.12744140625;0.232177734375;1.18359375;;;;;;;;;;;;;;;
48.62542724609375;-0.196533203125;0.08837890625;0.962890625;;;;;;;;;;;;;;;
48.62884521484375;0.138671875;0.0927734375;0.971923828125;;;;;;;;;;;;;;;
48.632232666015625;-0.262939453125;0.044921875;0.9072265625;;;;;;;;;;;;;;;
48.63555908203125;-0.0078125;-0.124755859375;0.864013671875;;;;;;;;;;;;;;;
48.638916015625;0.13330078125;0.107177734375;1.25048828125;;;;;;;;;;;;;;;
48.642242431640625;0.0263671875;0.04052734375;1.039306640625;;;;;;;;;;;;;;;
48.64556884765625;-0.006591796875;0.338623046875;1.1455078125;;;;;;;;;;;;;;;
48.648956298828125;-0.165283203125;0.0419921875;0.80078125;;;;;;;;;;;;;;;
48.65228271484375;-0.00439453125;0.046142578125;0.976318359375;;;;;;;;;;;;;;;
48.6556396484375;-0.142578125;0.01025390625;1.034423828125;;;;;;;;;;;;;;;
48.659027099609375;-0.10009765625;-0.13232421875;1.09326171875;;;;;;;;;;;;;;;
48.662353515625;-0.098388671875;0.076171875;1.12060546875;;;;;;;;;;;;;;;
48.665740966796875;-0.18603515625;0.046630859375;0.826171875;;;;;;;;;;;;;;;
48.669097900390625;0.0107421875;0.41259765625;1.035400390625;;;;;;;;;;;;;;;
48.672454833984375;-0.161865234375;0.094482421875;0.98779296875;;;;;;;;;;;;;;;
48.675811767578125;0.013671875;0.07763671875;1.1376953125;;;;;;;;;;;;;;;
48.67919921875;-0.21240234375;-0.031494140625;0.97509765625;;;;;;;;;;;;;;;
48.68267822265625;-0.04345703125;-0.145263671875;0.85498046875;;;;;;;;;;;;;;;
48.686004638671875;-0.055908203125;0.187744140625;1.139892578125;;;;;;;;;;;;;;;
48.689361572265625;-0.03271484375;-0.05712890625;1.018798828125;;;;;;;;;;;;;;;
48.6927490234375;-0.0517578125;0.31982421875;1.22509765625;;;;;;;;;;;;;;;
48.6961669921875;-0.203369140625;0.004150390625;0.89599609375;;;;;;;;;;;;;;;
48.6995849609375;0.02197265625;0.27197265625;0.9306640625;;;;;;;;;;;;;;;
48.702911376953125;-0.158935546875;0.10986328125;0.900634765625;;;;;;;;;;;;;;;
48.706329345703125;0.114501953125;-0.089111328125;1.057861328125;;;;;;;;;;;;;;;
48.70965576171875;-0.0576171875;0.091552734375;1.251708984375;;;;;;;;;;;;;;;
48.7130126953125;-0.051025390625;-0.031982421875;0.929931640625;;;;;;;;;;;;;;;
48.71630859375;-0.164794921875;0.33349609375;0.97265625;;;;;;;;;;;;;;;
48.719696044921875;-0.221435546875;-0.0673828125;0.80322265625;;;;;;;;;;;;;;;
48.723175048828125;0.0908203125;-0.036865234375;1.161376953125;;;;;;;;;;;;;;;
48.7265625;-0.079833984375;0.017578125;1.179931640625;;;;;;;;;;;;;;;
48.729949951171875;-0.048583984375;0.108642578125;0.990478515625;;;;;;;;;;;;;;;
48.7333984375;-0.15478515625;0.180908203125;0.9765625;;;;;;;;;;;;;;;
48.736785888671875;-0.100830078125;0.054443359375;0.8681640625;;;;;;;;;;;;;;;
48.740142822265625;0.008544921875;0.1630859375;1.18603515625;;;;;;;;;;;;;;;
48.74346923828125;-0.053955078125;-0.037841796875;1.005859375;;;;;;;;;;;;;;;
48.746826171875;-0.016845703125;0.183349609375;1.04541015625;;;;;;;;;;;;;;;
48.75018310546875;-0.1513671875;0.028564453125;0.85498046875;;;;;;;;;;;;;;;
48.7535400390625;0.04052734375;0.07421875;0.95068359375;;;;;;;;;;;;;;;
48.756866455078125;-0.082275390625;0.12548828125;1.249755859375;;;;;;;;;;;;;;;
48.76031494140625;-0.03857421875;-0.096923828125;1.08056640625;;;;;;;;;;;;;;;
48.763763427734375;-0.113037109375;0.265869140625;1.13818359375;;;;;;;;;;;;;;;
48.76715087890625;-0.26025390625;-0.131103515625;0.73974609375;;;;;;;;;;;;;;;
48.7705078125;0.14306640625;0.43896484375;1.00146484375;;;;;;;;;;;;;;;
48.77386474609375;-0.160888671875;-0.00537109375;1.00927734375;;;;;;;;;;;;;;;
48.7772216796875;-0.038818359375;0.133544921875;1.132080078125;;;;;;;;;;;;;;;
48.7806396484375;-0.2373046875;0.08203125;1.11083984375;;;;;;;;;;;;;;;
48.7840576171875;-0.142822265625;-0.04345703125;0.838623046875;;;;;;;;;;;;;;;
48.7874755859375;0.0234375;0.268798828125;1.03125;;;;;;;;;;;;;;;
48.790802001953125;-0.094482421875;-0.22412109375;0.9345703125;;;;;;;;;;;;;;;
48.79425048828125;0.070556640625;0.1875;1.21435546875;;;;;;;;;;;;;;;
48.79766845703125;-0.14501953125;0.014892578125;0.96826171875;;;;;;;;;;;;;;;
48.801025390625;0.151123046875;0.003173828125;0.92578125;;;;;;;;;;;;;;;
48.804412841796875;-0.197998046875;0.18505859375;1.0;;;;;;;;;;;;;;;
48.8077392578125;-0.134765625;-0.103759765625;1.00634765625;;;;;;;;;;;;;;;
48.81109619140625;-0.1181640625;0.1904296875;1.24267578125;;;;;;;;;;;;;;;
48.814483642578125;-0.114013671875;-0.13427734375;0.89404296875;;;;;;;;;;;;;;;
48.81781005859375;0.312744140625;0.396728515625;0.952392578125;;;;;;;;;;;;;;;
48.82122802734375;-0.1787109375;0.136962890625;0.867431640625;;;;;;;;;;;;;;;
48.82464599609375;0.160888671875;0.17626953125;1.13232421875;;;;;;;;;;;;;;;
48.828033447265625;0.2568359375;0.056396484375;1.333251953125;;;;;;;;;;;;;;;
48.8314208984375;-0.263427734375;-0.06689453125;0.953369140625;;;;;;;;;;;;;;;
48.834716796875;-0.117919921875;0.121337890625;1.006591796875;;;;;;;;;;;;;;;
48.83819580078125;-0.32763671875;-0.1240234375;0.7578125;;;;;;;;;;;;;;;
48.841583251953125;0.1962890625;0.1162109375;1.134765625;;;;;;;;;;;;;;;
48.845001220703125;-0.0283203125;0.089599609375;1.115234375;;;;;;;;;;;;;;;
48.848358154296875;0.076171875;0.26806640625;1.0224609375;;;;;;;;;;;;;;;
48.851715087890625;-0.04736328125;0.168701171875;0.986328125;;;;;;;;;;;;;;;
48.855072021484375;-0.203369140625;0.0556640625;0.843017578125;;;;;;;;;;;;;;;
48.85845947265625;0.032958984375;0.008544921875;1.17236328125;;;;;;;;;;;;;;;
48.86175537109375;-0.07568359375;-0.12646484375;1.010009765625;;;;;;;;;;;;;;;
48.865203857421875;0.025390625;0.259521484375;1.090576171875;;;;;;;;;;;;;;;
48.8685302734375;-0.297119140625;0.047607421875;0.7783203125;;;;;;;;;;;;;;;
48.871917724609375;0.3076171875;0.20947265625;1.002197265625;;;;;;;;;;;;;;;
48.8753662109375;-0.20751953125;0.177734375;1.27197265625;;;;;;;;;;;;;;;
48.878875732421875;-0.161376953125;-0.049072265625;1.056640625;;;;;;;;;;;;;;;
48.882293701171875;-0.201416015625;0.2001953125;1.171630859375;;;;;;;;;;;;;;;
48.885711669921875;-0.09130859375;-0.219482421875;0.723388671875;;;;;;;;;;;;;;;
48.889190673828125;0.1552734375;0.385498046875;0.982421875;;;;;;;;;;;;;;;
48.892608642578125;-0.182861328125;-0.02490234375;0.940673828125;;;;;;;;;;;;;;;
48.895965576171875;0.103759765625;0.227294921875;1.12939453125;;;;;;;;;;;;;;;
48.8992919921875;-0.1005859375;0.14892578125;1.133056640625;;;;;;;;;;;;;;;
48.902679443359375;-0.13232421875;0.009033203125;0.829345703125;;;;;;;;;;;;;;;
48.906097412109375;0.001708984375;0.18408203125;1.02001953125;;;;;;;;;;;;;;;
48.909423828125;-0.072265625;-0.270751953125;0.919189453125;;;;;;;;;;;;;;;
48.912750244140625;0.059326171875;0.221923828125;1.213623046875;;;;;;;;;;;;;;;
48.91619873046875;-0.17138671875;0.0087890625;0.972900390625;;;;;;;;;;;;;;;
48.9195556640625;0.08203125;0.347900390625;0.945068359375;;;;;;;;;;;;;;;
48.922943115234375;-0.173095703125;0.27734375;0.947998046875;;;;;;;;;;;;;;;
48.926300048828125;-0.027587890625;0.00146484375;0.9912109375;;;;;;;;;;;;;;;
48.92962646484375;-0.062255859375;-0.06005859375;1.24169921875;;;;;;;;;;;;;;;
48.9329833984375;-0.022216796875;-0.28076171875;0.9794921875;;;;;;;;;;;;;;;
48.936370849609375;0.05029296875;0.361572265625;0.944580078125;;;;;;;;;;;;;;;
48.939666748046875;-0.208251953125;0.011474609375;0.774169921875;;;;;;;;;;;;;;;
48.943145751953125;0.159912109375;0.236328125;1.148193359375;;;;;;;;;;;;;;;
48.94647216796875;0.0341796875;0.123046875;1.238525390625;;;;;;;;;;;;;;;
48.949920654296875;-0.113037109375;-0.000732421875;1.01416015625;;;;;;;;;;;;;;;
48.953338623046875;-0.18798828125;0.10546875;0.998291015625;;;;;;;;;;;;;;;
48.956695556640625;-0.28076171875;-0.241943359375;0.765380859375;;;;;;;;;;;;;;;
48.9600830078125;0.0107421875;0.364501953125;1.104248046875;;;;;;;;;;;;;;;
48.963409423828125;0.0087890625;-0.020263671875;0.985595703125;;;;;;;;;;;;;;;
48.96673583984375;0.13623046875;0.375732421875;1.11181640625;;;;;;;;;;;;;;;
48.970062255859375;-0.21875;0.210205078125;0.955322265625;;;;;;;;;;;;;;;
48.973419189453125;-0.08642578125;0.078857421875;0.906005859375;;;;;;;;;;;;;;;
48.976806640625;-0.099365234375;-0.01171875;1.153076171875;;;;;;;;;;;;;;;
48.980194091796875;0.090087890625;-0.333984375;1.0478515625;;;;;;;;;;;;;;;
48.9835205078125;-0.129638671875;0.3251953125;1.127197265625;;;;;;;;;;;;;;;
48.9869384765625;-0.1884765625;-0.00732421875;0.7421875;;;;;;;;;;;;;;;
48.990325927734375;0.138671875;0.34375;1.047119140625;;;;;;;;;;;;;;;
48.99371337890625;-0.3154296875;0.193603515625;0.992919921875;;;;;;;;;;;;;;;
48.997161865234375;-0.081298828125;-0.1103515625;1.115234375;;;;;;;;;;;;;;;
49.000579833984375;-0.24951171875;0.08544921875;1.143798828125;;;;;;;;;;;;;;;
49.00396728515625;0.043701171875;-0.38134765625;0.763671875;;;;;;;;;;;;;;;
49.007354736328125;-0.016357421875;0.449462890625;0.97509765625;;;;;;;;;;;;;;;
49.010711669921875;-0.170654296875;-0.04541015625;0.893798828125;;;;;;;;;;;;;;;
49.01416015625;0.091796875;0.4208984375;1.15966796875;;;;;;;;;;;;;;;
49.017486572265625;-0.112548828125;0.019775390625;1.130859375;;;;;;;;;;;;;;;
49.020843505859375;-0.062255859375;-0.017333984375;0.91259765625;;;;;;;;;;;;;;;
49.02423095703125;-0.177734375;0.088134765625;1.01611328125;;;;;;;;;;;;;;;
49.02764892578125;0.004150390625;-0.23779296875;0.945068359375;;;;;;;;;;;;;;;
49.030975341796875;-0.072265625;0.28466796875;1.194580078125;;;;;;;;;;;;;;;
49.03436279296875;-0.0478515625;-0.0654296875;0.954833984375;;;;;;;;;;;;;;;
49.0377197265625;0.08740234375;0.406982421875;1.033935546875;;;;;;;;;;;;;;;
49.0411376953125;-0.473876953125;0.20068359375;0.863037109375;;;;;;;;;;;;;;;
49.044525146484375;0.11083984375;-0.009765625;0.988037109375;;;;;;;;;;;;;;;
49.047943115234375;-0.076171875;0.0166015625;1.20849609375;;;;;;;;;;;;;;;
49.051361083984375;0.209716796875;-0.32666015625;1.044921875;;;;;;;;;;;;;;;
49.05474853515625;-0.294189453125;0.431396484375;1.038330078125;;;;;;;;;;;;;;;
49.05810546875;-0.396484375;-0.078857421875;0.7724609375;;;;;;;;;;;;;;;
49.0615234375;0.04638671875;0.35986328125;1.183837890625;;;;;;;;;;;;;;;
49.06494140625;-0.437255859375;-0.0654296875;1.24658203125;;;;;;;;;;;;;;;
49.068267822265625;-0.1669921875;0.013671875;1.02685546875;;;;;;;;;;;;;;;
49.071624755859375;-0.173828125;0.031005859375;0.97265625;;;;;;;;;;;;;;;
49.07501220703125;-0.004150390625;-0.076904296875;0.790283203125;;;;;;;;;;;;;;;
49.0784912109375;-0.1025390625;0.355712890625;1.10205078125;;;;;;;;;;;;;;;
49.081817626953125;-0.15673828125;-0.05615234375;1.01318359375;;;;;;;;;;;;;;;
49.085235595703125;-0.051025390625;0.28662109375;1.193603515625;;;;;;;;;;;;;;;
49.08880615234375;-0.580322265625;-0.176025390625;0.91064453125;;;;;;;;;;;;;;;
49.092193603515625;0.202880859375;-0.0263671875;0.932373046875;;;;;;;;;;;;;;;
49.095550537109375;0.0048828125;0.11328125;1.1337890625;;;;;;;;;;;;;;;
49.09906005859375;0.007080078125;-0.030517578125;1.08154296875;;;;;;;;;;;;;;;
49.102447509765625;-0.255615234375;0.400146484375;1.11474609375;;;;;;;;;;;;;;;
49.105804443359375;-0.32666015625;-0.171875;0.78662109375;;;;;;;;;;;;;;;
49.109161376953125;0.143310546875;0.2275390625;1.05712890625;;;;;;;;;;;;;;;
49.112548828125;-0.5703125;0.047119140625;0.85546875;;;;;;;;;;;;;;;
49.115936279296875;-0.038818359375;-0.0673828125;1.135009765625;;;;;;;;;;;;;;;
49.11932373046875;-0.226318359375;0.114501953125;1.0927734375;;;;;;;;;;;;;;;
49.122711181640625;0.113525390625;-0.251708984375;0.878173828125;;;;;;;;;;;;;;;
49.126129150390625;-0.0419921875;0.358154296875;0.9658203125;;;;;;;;;;;;;;;
49.129486083984375;-0.231689453125;0.021728515625;0.8388671875;;;;;;;;;;;;;;;
49.1329345703125;0.229736328125;0.315673828125;1.31884765625;;;;;;;;;;;;;;;
49.13629150390625;-0.207275390625;-0.126708984375;1.19189453125;;;;;;;;;;;;;;;
49.139678955078125;-0.17431640625;-0.10986328125;0.9375;;;;;;;;;;;;;;;
49.143035888671875;-0.190185546875;0.01513671875;0.82666015625;;;;;;;;;;;;;;;
49.146484375;0.03466796875;0.08251953125;0.9541015625;;;;;;;;;;;;;;;
49.149932861328125;-0.0517578125;0.337158203125;1.147216796875;;;;;;;;;;;;;;;
49.1533203125;0.005859375;-0.09326171875;1.077880859375;;;;;;;;;;;;;;;
49.15667724609375;0.134521484375;0.2509765625;1.1171875;;;;;;;;;;;;;;;
49.160125732421875;-0.58740234375;0.146728515625;0.81787109375;;;;;;;;;;;;;;;
49.163604736328125;0.236572265625;-0.000732421875;0.97900390625;;;;;;;;;;;;;;;
49.166961669921875;-0.013671875;-0.059814453125;1.130859375;;;;;;;;;;;;;;;
49.170318603515625;0.201171875;-0.304443359375;1.1064453125;;;;;;;;;;;;;;;
49.17364501953125;-0.2529296875;0.27392578125;1.011962890625;;;;;;;;;;;;;;;
49.177001953125;-0.221435546875;-0.0341796875;0.756103515625;;;;;;;;;;;;;;;
49.180450439453125;0.05908203125;0.443115234375;1.153076171875;;;;;;;;;;;;;;;
49.18377685546875;-0.309326171875;-0.0322265625;1.170654296875;;;;;;;;;;;;;;;
49.187164306640625;-0.08642578125;-0.06640625;1.146728515625;;;;;;;;;;;;;;;
49.19049072265625;-0.225830078125;-0.08642578125;0.878173828125;;;;;;;;;;;;;;;
49.19390869140625;0.137451171875;0.09033203125;0.80126953125;;;;;;;;;;;;;;;
49.197296142578125;0.000244140625;0.27734375;1.04296875;;;;;;;;;;;;;;;
49.200653076171875;0.011474609375;-0.102294921875;1.0400390625;;;;;;;;;;;;;;;
49.2041015625;-0.1181640625;0.258056640625;1.251220703125;;;;;;;;;;;;;;;
49.20745849609375;-0.240478515625;-0.177490234375;0.906494140625;;;;;;;;;;;;;;;
49.210845947265625;0.22412109375;0.051025390625;1.006591796875;;;;;;;;;;;;;;;
49.21429443359375;-0.151611328125;0.10595703125;1.066650390625;;;;;;;;;;;;;;;
49.2177734375;0.05517578125;0.154541015625;1.056396484375;;;;;;;;;;;;;;;
49.22119140625;-0.114501953125;0.3544921875;1.14111328125;;;;;;;;;;;;;;;
49.224578857421875;-0.0830078125;-0.210693359375;0.835693359375;;;;;;;;;;;;;;;
49.227935791015625;-0.009765625;0.168212890625;1.026123046875;;;;;;;;;;;;;;;
49.2313232421875;-0.192626953125;0.019775390625;0.9248046875;;;;;;;;;;;;;;;
49.234771728515625;0.202880859375;0.013427734375;1.109130859375;;;;;;;;;;;;;;;
49.2381591796875;0.068603515625;0.1142578125;1.0791015625;;;;;;;;;;;;;;;
49.241485595703125;0.118408203125;-0.0625;0.972900390625;;;;;;;;;;;;;;;
49.244873046875;-0.10498046875;0.334716796875;0.911376953125;;;;;;;;;;;;;;;
49.248291015625;-0.063232421875;-0.119384765625;0.90478515625;;;;;;;;;;;;;;;
49.251678466796875;-0.081298828125;0.246826171875;1.235595703125;;;;;;;;;;;;;;;
49.2550048828125;-0.246337890625;-0.21533203125;1.097412109375;;;;;;;;;;;;;;;
49.25836181640625;0.0712890625;0.138427734375;1.019775390625;;;;;;;;;;;;;;;
49.261810302734375;-0.098388671875;0.115234375;0.80859375;;;;;;;;;;;;;;;
49.265106201171875;0.0869140625;0.318603515625;0.904541015625;;;;;;;;;;;;;;;
49.2684326171875;0.09033203125;0.15234375;1.129638671875;;;;;;;;;;;;;;;
49.27178955078125;0.03857421875;-0.1806640625;1.110595703125;;;;;;;;;;;;;;;
49.275146484375;0.010498046875;0.12548828125;1.097412109375;;;;;;;;;;;;;;;
49.27862548828125;-0.396484375;-0.18115234375;0.7880859375;;;;;;;;;;;;;;;
49.281951904296875;0.233154296875;0.114013671875;1.10595703125;;;;;;;;;;;;;;;
49.285308837890625;-0.09130859375;0.097412109375;1.052490234375;;;;;;;;;;;;;;;
49.2886962890625;0.1865234375;-0.11376953125;1.13623046875;;;;;;;;;;;;;;;
49.29205322265625;-0.190673828125;0.303955078125;0.908203125;;;;;;;;;;;;;;;
49.295379638671875;-0.155029296875;-0.12890625;0.719482421875;;;;;;;;;;;;;;;
49.29876708984375;0.105224609375;0.31298828125;1.114501953125;;;;;;;;;;;;;;;
49.3021240234375;-0.205322265625;-0.14697265625;0.97216796875;;;;;;;;;;;;;;;
49.3055419921875;0.23681640625;0.072998046875;1.23291015625;;;;;;;;;;;;;;;
49.308929443359375;-0.337890625;0.042724609375;0.859619140625;;;;;;;;;;;;;;;
49.312408447265625;0.262451171875;0.182861328125;0.93115234375;;;;;;;;;;;;;;;
49.315765380859375;-0.054443359375;0.247802734375;0.9931640625;;;;;;;;;;;;;;;
49.319122314453125;-0.025146484375;-0.188720703125;1.004150390625;;;;;;;;;;;;;;;
49.32244873046875;0.142333984375;0.2255859375;1.218505859375;;;;;;;;;;;;;;;
49.325897216796875;-0.214599609375;-0.2490234375;0.902587890625;;;;;;;;;;;;;;;
49.32928466796875;0.2734375;0.0634765625;1.041259765625;;;;;;;;;;;;;;;
49.332672119140625;-0.24267578125;0.208740234375;0.947265625;;;;;;;;;;;;;;;
49.3360595703125;0.177490234375;0.2587890625;1.138427734375;;;;;;;;;;;;;;;
49.339447021484375;-0.297119140625;0.302490234375;1.064697265625;;;;;;;;;;;;;;;
49.3428955078125;0.083984375;-0.27587890625;0.862060546875;;;;;;;;;;;;;;;
49.346221923828125;-0.14892578125;0.136474609375;1.0029296875;;;;;;;;;;;;;;;
49.349609375;-0.194580078125;-0.013916015625;0.81103515625;;;;;;;;;;;;;;;
49.353057861328125;0.373779296875;0.07763671875;1.1953125;;;;;;;;;;;;;;;
49.356414794921875;-0.05322265625;0.162353515625;1.033203125;;;;;;;;;;;;;;;
49.359710693359375;0.165771484375;0.116943359375;1.0634765625;;;;;;;;;;;;;;;
49.363128662109375;-0.411865234375;0.197998046875;0.9306640625;;;;;;;;;;;;;;;
49.366546630859375;-0.1611328125;-0.05517578125;0.850830078125;;;;;;;;;;;;;;;
49.37005615234375;0.013671875;0.117919921875;1.1796875;;;;;;;;;;;;;;;
49.37347412109375;-0.052490234375;-0.17431640625;1.058837890625;;;;;;;;;;;;;;;
49.376953125;0.157958984375;0.1962890625;1.145263671875;;;;;;;;;;;;;;;
49.38037109375;-0.266845703125;0.19775390625;0.783447265625;;;;;;;;;;;;;;;
49.38372802734375;0.07177734375;0.364501953125;0.931640625;;;;;;;;;;;;;;;
49.387176513671875;-0.111572265625;0.031005859375;1.0439453125;;;;;;;;;;;;;;;
49.390533447265625;0.181640625;-0.240966796875;1.1689453125;;;;;;;;;;;;;;;
49.393890380859375;-0.31298828125;0.080078125;1.125;;;;;;;;;;;;;;;
49.397247314453125;-0.461181640625;-0.1220703125;0.71630859375;;;;;;;;;;;;;;;
49.40069580078125;0.326171875;0.227294921875;1.123779296875;;;;;;;;;;;;;;;
49.404052734375;-0.061279296875;0.14697265625;1.009765625;;;;;;;;;;;;;;;
49.407440185546875;0.266845703125;0.31103515625;1.187744140625;;;;;;;;;;;;;;;
49.410858154296875;-0.298583984375;0.104248046875;0.917236328125;;;;;;;;;;;;;;;
49.4141845703125;-0.101318359375;-0.00390625;0.812744140625;;;;;;;;;;;;;;;
49.41754150390625;-0.119140625;0.038330078125;1.031005859375;;;;;;;;;;;;;;;
49.4208984375;-0.188720703125;-0.197265625;0.951904296875;;;;;;;;;;;;;;;
49.424346923828125;0.092529296875;0.136474609375;1.246826171875;;;;;;;;;;;;;;;
49.427703857421875;-0.168212890625;0.0439453125;0.892822265625;;;;;;;;;;;;;;;
49.431060791015625;0.168701171875;0.32568359375;1.00732421875;;;;;;;;;;;;;;;
49.43450927734375;-0.132080078125;0.122314453125;0.940185546875;;;;;;;;;;;;;;;
49.437835693359375;0.1240234375;0.127685546875;1.04736328125;;;;;;;;;;;;;;;
49.441192626953125;-0.02587890625;0.116455078125;1.169189453125;;;;;;;;;;;;;;;
49.444580078125;-0.117431640625;-0.15673828125;0.950439453125;;;;;;;;;;;;;;;
49.44793701171875;-0.07861328125;0.170166015625;1.055908203125;;;;;;;;;;;;;;;
49.451263427734375;-0.2294921875;0.160888671875;0.79931640625;;;;;;;;;;;;;;;
49.454681396484375;0.061767578125;0.281005859375;1.11474609375;;;;;;;;;;;;;;;
49.4580078125;-0.108154296875;0.171630859375;1.03515625;;;;;;;;;;;;;;;
49.461456298828125;0.140625;-0.095947265625;1.085693359375;;;;;;;;;;;;;;;
49.46478271484375;-0.12890625;0.07373046875;0.9619140625;;;;;;;;;;;;;;;
49.46820068359375;-0.1708984375;-0.0302734375;0.8642578125;;;;;;;;;;;;;;;
49.47161865234375;0.061767578125;0.068359375;1.22900390625;;;;;;;;;;;;;;;
49.4749755859375;-0.10205078125;-0.03955078125;1.01904296875;;;;;;;;;;;;;;;
49.4783935546875;0.119140625;0.199951171875;1.123046875;;;;;;;;;;;;;;;
49.481781005859375;-0.339111328125;0.16455078125;0.888427734375;;;;;;;;;;;;;;;
49.485107421875;-0.04736328125;0.176025390625;0.91064453125;;;;;;;;;;;;;;;
49.488433837890625;-0.029052734375;0.078857421875;1.100341796875;;;;;;;;;;;;;;;
49.49176025390625;0.033447265625;-0.197265625;1.093017578125;;;;;;;;;;;;;;;
49.49517822265625;0.051513671875;0.131591796875;1.15966796875;;;;;;;;;;;;;;;
49.498565673828125;-0.214599609375;0.119140625;0.799560546875;;;;;;;;;;;;;;;
49.50189208984375;-0.04638671875;0.514892578125;0.936279296875;;;;;;;;;;;;;;;
49.505218505859375;-0.1015625;-0.021728515625;0.997802734375;;;;;;;;;;;;;;;
49.50860595703125;0.0556640625;-0.17041015625;1.184814453125;;;;;;;;;;;;;;;
49.511962890625;-0.183837890625;-0.040283203125;1.099365234375;;;;;;;;;;;;;;;
49.51544189453125;-0.163330078125;0.00830078125;0.81787109375;;;;;;;;;;;;;;;
49.518798828125;0.014892578125;0.23291015625;1.075927734375;;;;;;;;;;;;;;;
49.52215576171875;-0.09423828125;0.066650390625;1.0107421875;;;;;;;;;;;;;;;
49.525543212890625;0.069091796875;0.2841796875;1.20361328125;;;;;;;;;;;;;;;
49.5289306640625;-0.2109375;0.1513671875;0.9169921875;;;;;;;;;;;;;;;
49.532257080078125;0.016845703125;0.075439453125;0.870849609375;;;;;;;;;;;;;;;
49.5357666015625;-0.075927734375;0.060302734375;0.977783203125;;;;;;;;;;;;;;;
49.5390625;0.0458984375;-0.176025390625;1.022216796875;;;;;;;;;;;;;;;
49.54241943359375;0.014404296875;0.16162109375;1.348388671875;;;;;;;;;;;;;;;
49.545806884765625;-0.22705078125;-0.1162109375;0.91357421875;;;;;;;;;;;;;;;
49.54913330078125;0.056640625;0.34814453125;1.03564453125;;;;;;;;;;;;;;;
49.552459716796875;-0.25732421875;0.08935546875;0.8369140625;;;;;;;;;;;;;;;
49.5557861328125;0.1513671875;0.30810546875;1.084228515625;;;;;;;;;;;;;;;
49.55914306640625;-0.04541015625;0.05322265625;1.1552734375;;;;;;;;;;;;;;;
49.5625;-0.045654296875;-0.04345703125;0.9326171875;;;;;;;;;;;;;;;
49.565887451171875;0.07666015625;0.167724609375;1.084228515625;;;;;;;;;;;;;;;
49.56927490234375;-0.250244140625;0.13623046875;0.826416015625;;;;;;;;;;;;;;;
49.57269287109375;0.161865234375;0.20947265625;1.139892578125;;;;;;;;;;;;;;;
49.576019287109375;-0.08837890625;-0.22412109375;0.987060546875;;;;;;;;;;;;;;;
49.579620361328125;0.11767578125;0.072998046875;1.1318359375;;;;;;;;;;;;;;;
49.58306884765625;-0.094482421875;0.095458984375;0.9130859375;;;;;;;;;;;;;;;
49.58642578125;0.048828125;0.2646484375;0.873779296875;;;;;;;;;;;;;;;
49.5899658203125;0.037353515625;0.178955078125;1.21044921875;;;;;;;;;;;;;;;
49.59332275390625;-0.140869140625;-0.154052734375;1.033447265625;;;;;;;;;;;;;;;
49.596710205078125;-0.048583984375;0.064453125;1.1669921875;;;;;;;;;;;;;;;
49.60009765625;-0.2470703125;-0.045654296875;0.751953125;;;;;;;;;;;;;;;
49.603485107421875;0.189453125;0.4072265625;0.9189453125;;;;;;;;;;;;;;;
49.60687255859375;0.026611328125;0.080322265625;1.0576171875;;;;;;;;;;;;;;;
49.6102294921875;0.03125;0.01416015625;1.13525390625;;;;;;;;;;;;;;;
49.61358642578125;0.14208984375;0.161865234375;1.21044921875;;;;;;;;;;;;;;;
49.616973876953125;-0.260498046875;0.09228515625;0.813232421875;;;;;;;;;;;;;;;
49.620361328125;-0.017822265625;0.3046875;1.014404296875;;;;;;;;;;;;;;;
49.623748779296875;-0.120849609375;-0.113037109375;0.916259765625;;;;;;;;;;;;;;;
49.627197265625;0.10888671875;0.0556640625;1.2197265625;;;;;;;;;;;;;;;
49.630615234375;-0.2421875;0.074462890625;1.056884765625;;;;;;;;;;;;;;;
49.634063720703125;0.017822265625;0.132568359375;0.803955078125;;;;;;;;;;;;;;;
49.637420654296875;0.142333984375;0.260009765625;1.08056640625;;;;;;;;;;;;;;;
49.640777587890625;-0.214111328125;0.00439453125;0.954833984375;;;;;;;;;;;;;;;
49.644134521484375;0.069580078125;0.10205078125;1.2763671875;;;;;;;;;;;;;;;
49.647552490234375;-0.294189453125;0.009521484375;0.909423828125;;;;;;;;;;;;;;;
49.650909423828125;0.081787109375;0.32421875;0.892333984375;;;;;;;;;;;;;;;
49.654296875;-0.140625;0.07421875;0.905517578125;;;;;;;;;;;;;;;
49.657623291015625;0.1181640625;-0.06640625;1.031982421875;;;;;;;;;;;;;;;
49.66094970703125;0.118896484375;0.12744140625;1.315673828125;;;;;;;;;;;;;;;
49.664398193359375;-0.0615234375;-0.083740234375;0.9677734375;;;;;;;;;;;;;;;
49.667755126953125;-0.09814453125;0.360107421875;1.044677734375;;;;;;;;;;;;;;;
49.67120361328125;-0.23779296875;0.044921875;0.792724609375;;;;;;;;;;;;;;;
49.674530029296875;0.044677734375;0.398193359375;1.06884765625;;;;;;;;;;;;;;;
49.67791748046875;-0.18212890625;0.027587890625;1.06005859375;;;;;;;;;;;;;;;
49.68133544921875;0.238037109375;0.017822265625;0.96484375;;;;;;;;;;;;;;;
49.68475341796875;0.06591796875;0.105224609375;1.06689453125;;;;;;;;;;;;;;;
49.688201904296875;-0.166259765625;0.04248046875;0.79541015625;;;;;;;;;;;;;;;
49.691680908203125;-0.03759765625;0.2802734375;1.14501953125;;;;;;;;;;;;;;;
49.694976806640625;-0.09130859375;-0.299560546875;1.009765625;;;;;;;;;;;;;;;
49.6983642578125;-0.0458984375;0.314697265625;1.13525390625;;;;;;;;;;;;;;;
49.701751708984375;-0.27880859375;0.007568359375;0.86328125;;;;;;;;;;;;;;;
49.705047607421875;0.072509765625;0.281005859375;0.896240234375;;;;;;;;;;;;;;;
49.708404541015625;0.013916015625;0.142822265625;1.109375;;;;;;;;;;;;;;;
49.7119140625;-0.038330078125;-0.117431640625;1.057373046875;;;;;;;;;;;;;;;
49.715301513671875;-0.135986328125;0.09765625;1.19384765625;;;;;;;;;;;;;;;
49.718658447265625;-0.19482421875;-0.117431640625;0.812744140625;;;;;;;;;;;;;;;
49.722015380859375;-0.056396484375;0.460205078125;0.93017578125;;;;;;;;;;;;;;;
49.72540283203125;-0.1669921875;0.0048828125;0.939208984375;;;;;;;;;;;;;;;
49.728759765625;0.136474609375;0.05810546875;1.208984375;;;;;;;;;;;;;;;
49.732086181640625;-0.173828125;0.08837890625;1.17236328125;;;;;;;;;;;;;;;
49.73541259765625;-0.114501953125;-0.033447265625;0.85302734375;;;;;;;;;;;;;;;
49.738861083984375;-0.144287109375;0.318359375;0.967041015625;;;;;;;;;;;;;;;
49.742340087890625;-0.251708984375;-0.20263671875;0.881591796875;;;;;;;;;;;;;;;
49.7457275390625;0.023681640625;0.287353515625;1.17919921875;;;;;;;;;;;;;;;
49.74908447265625;-0.10986328125;0.019287109375;0.9599609375;;;;;;;;;;;;;;;
49.752471923828125;0.05859375;0.231201171875;0.918212890625;;;;;;;;;;;;;;;
49.75592041015625;-0.1943359375;0.143310546875;0.955322265625;;;;;;;;;;;;;;;
49.759307861328125;-0.087646484375;-0.061279296875;0.979248046875;;;;;;;;;;;;;;;
49.762786865234375;-0.153564453125;0.0380859375;1.212890625;;;;;;;;;;;;;;;
49.766143798828125;-0.036376953125;-0.158447265625;1.0;;;;;;;;;;;;;;;
49.76953125;-0.087646484375;0.369873046875;0.989013671875;;;;;;;;;;;;;;;
49.77294921875;-0.252197265625;0.09716796875;0.81591796875;;;;;;;;;;;;;;;
49.7763671875;0.073486328125;0.134033203125;1.08251953125;;;;;;;;;;;;;;;
49.77978515625;-0.048583984375;0.121337890625;1.10498046875;;;;;;;;;;;;;;;
49.783233642578125;0.02001953125;-0.12744140625;1.02783203125;;;;;;;;;;;;;;;
49.786590576171875;-0.114990234375;0.233642578125;1.041748046875;;;;;;;;;;;;;;;
49.78997802734375;-0.157470703125;-0.122802734375;0.781494140625;;;;;;;;;;;;;;;
49.7933349609375;0.028564453125;0.408203125;1.06494140625;;;;;;;;;;;;;;;
49.796630859375;-0.119140625;0.0263671875;1.01318359375;;;;;;;;;;;;;;;
49.80010986328125;0.074951171875;0.1826171875;1.1025390625;;;;;;;;;;;;;;;
49.803497314453125;-0.211669921875;0.0400390625;0.95703125;;;;;;;;;;;;;;;
49.80682373046875;-0.01611328125;-0.004638671875;0.879150390625;;;;;;;;;;;;;;;
49.810211181640625;-0.09912109375;0.187744140625;1.118896484375;;;;;;;;;;;;;;;
49.8135986328125;0.02197265625;-0.294677734375;1.027099609375;;;;;;;;;;;;;;;
49.816986083984375;-0.103515625;0.33935546875;1.1689453125;;;;;;;;;;;;;;;
49.82037353515625;-0.117919921875;-0.030517578125;0.835693359375;;;;;;;;;;;;;;;
49.823760986328125;0.185302734375;0.333251953125;1.029296875;;;;;;;;;;;;;;;
49.8271484375;-0.495849609375;0.1826171875;0.97265625;;;;;;;;;;;;;;;
49.830474853515625;0.1572265625;-0.163818359375;1.064208984375;;;;;;;;;;;;;;;
49.833892822265625;-0.197265625;0.073974609375;1.186279296875;;;;;;;;;;;;;;;
49.837249755859375;0.00927734375;-0.1884765625;-1.9921875;;;;;;;;;;;;;;;
49.840545654296875;-0.148681640625;0.4638671875;0.98681640625;;;;;;;;;;;;;;;
49.843902587890625;-0.394287109375;-0.035400390625;0.894287109375;;;;;;;;;;;;;;;
49.847259521484375;0.215576171875;0.159423828125;1.26123046875;;;;;;;;;;;;;;;
49.850616455078125;-0.306396484375;0.02392578125;1.2392578125;;;;;;;;;;;;;;;
49.854095458984375;-0.191162109375;-0.06982421875;0.86865234375;;;;;;;;;;;;;;;
49.857421875;-0.142578125;0.146484375;0.958984375;;;;;;;;;;;;;;;
49.86077880859375;-0.0107421875;-0.16064453125;0.885009765625;;;;;;;;;;;;;;;
49.864105224609375;0.0263671875;0.300048828125;1.1796875;;;;;;;;;;;;;;;
49.867401123046875;-0.079345703125;0.022705078125;1.019775390625;;;;;;;;;;;;;;;
49.87078857421875;-0.040283203125;0.3017578125;1.0283203125;;;;;;;;;;;;;;;
49.8741455078125;-0.40673828125;-0.03466796875;0.944091796875;;;;;;;;;;;;;;;
49.8775634765625;-0.121826171875;-0.041015625;0.96044921875;;;;;;;;;;;;;;;
49.880950927734375;-0.018310546875;-0.10302734375;1.22021484375;;;;;;;;;;;;;;;
49.88433837890625;0.094970703125;-0.064208984375;1.01611328125;;;;;;;;;;;;;;;
49.8876953125;-0.058349609375;0.38916015625;1.052001953125;;;;;;;;;;;;;;;
49.891082763671875;-0.252685546875;0.00927734375;0.767578125;;;;;;;;;;;;;;;
49.894378662109375;0.22119140625;0.298583984375;1.149169921875;;;;;;;;;;;;;;;
49.897796630859375;-0.435791015625;0.05712890625;1.10302734375;;;;;;;;;;;;;;;
49.901153564453125;-0.305908203125;-0.05712890625;1.026611328125;;;;;;;;;;;;;;;
49.904510498046875;-0.183349609375;-0.02197265625;1.0234375;;;;;;;;;;;;;;;
49.90789794921875;0.009521484375;-0.18408203125;0.833740234375;;;;;;;;;;;;;;;
49.911285400390625;0.06103515625;0.2900390625;1.09765625;;;;;;;;;;;;;;;
49.91473388671875;-0.1494140625;-0.05859375;1.007568359375;;;;;;;;;;;;;;;
49.91815185546875;0.09228515625;0.294677734375;1.23779296875;;;;;;;;;;;;;;;
49.921630859375;-0.0517578125;0.024169921875;0.989990234375;;;;;;;;;;;;;;;
49.925048828125;-0.0322265625;0.08251953125;0.886474609375;;;;;;;;;;;;;;;
49.92840576171875;-0.128173828125;0.10009765625;0.953125;;;;;;;;;;;;;;;
49.93182373046875;-0.049072265625;-0.23193359375;1.0380859375;;;;;;;;;;;;;;;
49.9351806640625;-0.107666015625;0.3662109375;1.17578125;;;;;;;;;;;;;;;
49.938568115234375;-0.07763671875;-0.210205078125;0.879638671875;;;;;;;;;;;;;;;
49.94195556640625;0.267822265625;0.352294921875;1.021484375;;;;;;;;;;;;;;;
49.9453125;-0.230712890625;0.190185546875;0.97509765625;;;;;;;;;;;;;;;
49.94866943359375;0.04296875;0.037109375;1.064208984375;;;;;;;;;;;;;;;
49.952056884765625;-0.1396484375;-0.0478515625;1.17236328125;;;;;;;;;;;;;;;
49.95550537109375;0.01708984375;-0.34130859375;0.89306640625;;;;;;;;;;;;;;;
49.958892822265625;-0.0126953125;0.338623046875;0.93701171875;;;;;;;;;;;;;;;
49.962310791015625;-0.16845703125;-0.1015625;0.843994140625;;;;;;;;;;;;;;;
49.965667724609375;0.141357421875;0.260986328125;1.250732421875;;;;;;;;;;;;;;;
49.96905517578125;-0.112548828125;0.024169921875;1.127197265625;;;;;;;;;;;;;;;
49.97247314453125;0.05224609375;0.073486328125;0.978515625;;;;;;;;;;;;;;;
49.975830078125;-0.1318359375;0.059814453125;0.86669921875;;;;;;;;;;;;;;;
49.979278564453125;0.10791015625;-0.081298828125;0.839599609375;;;;;;;;;;;;;;;
49.982696533203125;0.14013671875;0.261962890625;1.16650390625;;;;;;;;;;;;;;;
49.986083984375;-0.01416015625;-0.051025390625;1.054931640625;;;;;;;;;;;;;;;
49.989471435546875;-0.06640625;0.291015625;1.06884765625;;;;;;;;;;;;;;;
49.992919921875;-0.32275390625;-0.102294921875;0.84912109375;;;;;;;;;;;;;;;
49.996307373046875;0.08251953125;0.025390625;1.0185546875;;;;;;;;;;;;;;;
49.999725341796875;0.002685546875;-0.01220703125;1.1435546875;;;;;;;;;;;;;;;
50.003173828125;0.111328125;0.074951171875;1.096435546875;;;;;;;;;;;;;;;
50.006561279296875;-0.115234375;0.29736328125;0.9853515625;;;;;;;;;;;;;;;
50.010009765625;-0.0166015625;-0.0546875;0.73828125;;;;;;;;;;;;;;;
50.013397216796875;0.055419921875;0.25341796875;1.145751953125;;;;;;;;;;;;;;;
50.01678466796875;-0.397705078125;0.05126953125;1.00244140625;;;;;;;;;;;;;;;
50.02020263671875;0.27685546875;-0.066650390625;1.142333984375;;;;;;;;;;;;;;;
50.023590087890625;-0.24951171875;0.09619140625;0.94677734375;;;;;;;;;;;;;;;
50.027099609375;0.150634765625;-0.15283203125;0.8583984375;;;;;;;;;;;;;;;
50.03045654296875;-0.034912109375;0.366455078125;1.05419921875;;;;;;;;;;;;;;;
50.033782958984375;-0.110107421875;-0.1474609375;0.98974609375;;;;;;;;;;;;;;;
50.037200927734375;-0.0224609375;0.386962890625;1.25244140625;;;;;;;;;;;;;;;
50.04058837890625;-0.338134765625;-0.16748046875;0.9482421875;;;;;;;;;;;;;;;
50.04400634765625;0.10107421875;0.10302734375;0.959716796875;;;;;;;;;;;;;;;
50.04736328125;-0.252685546875;0.141845703125;0.848876953125;;;;;;;;;;;;;;;
50.05078125;0.052490234375;-0.03271484375;1.06640625;;;;;;;;;;;;;;;
50.054229736328125;-0.146484375;0.215087890625;1.14990234375;;;;;;;;;;;;;;;
50.057586669921875;-0.00439453125;-0.2060546875;0.97119140625;;;;;;;;;;;;;;;
50.061004638671875;-0.03955078125;0.2490234375;1.047607421875;;;;;;;;;;;;;;;
50.064361572265625;-0.446044921875;-0.078857421875;0.790283203125;;;;;;;;;;;;;;;
50.067840576171875;0.596923828125;0.007080078125;1.26611328125;;;;;;;;;;;;;;;
50.071197509765625;-0.083984375;0.208251953125;1.08935546875;;;;;;;;;;;;;;;
50.074554443359375;0.136962890625;-0.139404296875;0.990234375;;;;;;;;;;;;;;;
50.077880859375;-0.220947265625;0.301513671875;0.878662109375;;;;;;;;;;;;;;;
50.081298828125;-0.367431640625;-0.1279296875;0.75927734375;;;;;;;;;;;;;;;
50.084716796875;0.267822265625;0.206787109375;1.253173828125;;;;;;;;;;;;;;;
50.08807373046875;-0.331298828125;-0.1953125;0.962646484375;;;;;;;;;;;;;;;
50.091461181640625;0.2841796875;0.197509765625;1.042724609375;;;;;;;;;;;;;;;
50.094879150390625;-0.35400390625;0.1396484375;0.798583984375;;;;;;;;;;;;;;;
50.09820556640625;0.235107421875;0.200927734375;0.82470703125;;;;;;;;;;;;;;;
50.10162353515625;0.115966796875;0.09521484375;1.14208984375;;;;;;;;;;;;;;;
50.105072021484375;0.1298828125;-0.1845703125;1.107666015625;;;;;;;;;;;;;;;
50.1083984375;-0.206787109375;0.188232421875;1.156005859375;;;;;;;;;;;;;;;
50.11175537109375;-0.736083984375;-0.20703125;0.721923828125;;;;;;;;;;;;;;;
50.115142822265625;0.5361328125;0.107666015625;1.073486328125;;;;;;;;;;;;;;;
50.1185302734375;-0.12353515625;0.08154296875;1.0771484375;;;;;;;;;;;;;;;
50.12188720703125;0.183349609375;0.31103515625;1.1376953125;;;;;;;;;;;;;;;
50.125213623046875;-0.271240234375;0.193603515625;0.96337890625;;;;;;;;;;;;;;;
50.128662109375;0.10693359375;-0.0146484375;0.75927734375;;;;;;;;;;;;;;;
50.132110595703125;0.022216796875;0.099853515625;1.0947265625;;;;;;;;;;;;;;;
50.13543701171875;-0.321533203125;-0.06396484375;0.896728515625;;;;;;;;;;;;;;;
50.138916015625;0.650146484375;0.0107421875;1.19091796875;;;;;;;;;;;;;;;
50.142333984375;-0.238525390625;0.077392578125;0.90869140625;;;;;;;;;;;;;;;
50.145721435546875;0.216552734375;0.035400390625;0.885498046875;;;;;;;;;;;;;;;
50.149078369140625;-0.056884765625;0.19580078125;0.990478515625;;;;;;;;;;;;;;;
50.152435302734375;0.0703125;0.1015625;0.985107421875;;;;;;;;;;;;;;;
50.155792236328125;-0.01318359375;0.305419921875;1.264404296875;;;;;;;;;;;;;;;
50.1591796875;-0.37890625;-0.197509765625;0.954833984375;;;;;;;;;;;;;;;
50.162567138671875;0.07421875;0.076171875;1.008544921875;;;;;;;;;;;;;;;
50.165985107421875;-0.16748046875;0.1142578125;0.800537109375;;;;;;;;;;;;;;;
50.169342041015625;0.2490234375;0.20947265625;1.069091796875;;;;;;;;;;;;;;;
50.172760009765625;-0.024169921875;0.1064453125;1.101318359375;;;;;;;;;;;;;;;
50.17608642578125;0.10986328125;-0.123779296875;1.03662109375;;;;;;;;;;;;;;;
50.179595947265625;-0.279296875;0.162353515625;1.060791015625;;;;;;;;;;;;;;;
50.183013916015625;-0.494140625;-0.062255859375;0.776123046875;;;;;;;;;;;;;;;
50.1864013671875;0.31396484375;0.02001953125;1.2451171875;;;;;;;;;;;;;;;
50.189727783203125;-0.05517578125;0.029052734375;1.038330078125;;;;;;;;;;;;;;;
50.19317626953125;0.22802734375;0.361083984375;1.085205078125;;;;;;;;;;;;;;;
50.19659423828125;-0.23681640625;0.195556640625;0.815185546875;;;;;;;;;;;;;;;
50.20001220703125;-0.09912109375;0.08740234375;0.844970703125;;;;;;;;;;;;;;;
50.20343017578125;-0.000732421875;0.03173828125;1.172607421875;;;;;;;;;;;;;;;
50.20672607421875;-0.102783203125;-0.145751953125;1.09765625;;;;;;;;;;;;;;;
50.210113525390625;0.10400390625;0.0712890625;1.14990234375;;;;;;;;;;;;;;;
50.2135009765625;-0.197998046875;0.0322265625;0.826904296875;;;;;;;;;;;;;;;
50.2169189453125;-0.0205078125;0.387451171875;0.98095703125;;;;;;;;;;;;;;;
50.22027587890625;0.063720703125;0.1396484375;1.099609375;;;;;;;;;;;;;;;
50.22357177734375;-0.03369140625;-0.15673828125;1.126220703125;;;;;;;;;;;;;;;
50.226898193359375;-0.177490234375;0.099609375;1.087890625;;;;;;;;;;;;;;;
50.230316162109375;-0.29248046875;1.88232421875;0.811279296875;;;;;;;;;;;;;;;
50.233795166015625;0.224609375;0.205078125;1.136474609375;;;;;;;;;;;;;;;
50.237152099609375;-0.432373046875;0.080322265625;0.954345703125;;;;;;;;;;;;;;;
50.240509033203125;-0.10693359375;0.34130859375;1.119873046875;;;;;;;;;;;;;;;
50.243927001953125;-0.251953125;0.245361328125;0.984619140625;;;;;;;;;;;;;;;
50.247283935546875;0.05908203125;-0.04833984375;0.787353515625;;;;;;;;;;;;;;;
50.250732421875;-0.05078125;0.08642578125;1.062255859375;;;;;;;;;;;;;;;
50.254180908203125;-0.193603515625;-0.190185546875;0.973388671875;;;;;;;;;;;;;;;
50.257598876953125;0.156005859375;0.12451171875;1.244140625;;;;;;;;;;;;;;;
50.260986328125;-0.016357421875;0.021240234375;0.93310546875;;;;;;;;;;;;;;;
50.264434814453125;0.1787109375;0.285400390625;1.0126953125;;;;;;;;;;;;;;;
50.267822265625;-0.475341796875;0.27001953125;0.959228515625;;;;;;;;;;;;;;;
50.271240234375;-0.1533203125;-0.00244140625;1.014404296875;;;;;;;;;;;;;;;
50.27459716796875;-0.0712890625;0.100830078125;1.2158203125;;;;;;;;;;;;;;;
50.277984619140625;0.015869140625;-0.270263671875;0.9150390625;;;;;;;;;;;;;;;
50.281463623046875;0.236083984375;0.26123046875;1.05224609375;;;;;;;;;;;;;;;
50.284912109375;-0.106201171875;0.212646484375;0.854736328125;;;;;;;;;;;;;;;
50.28826904296875;0.013427734375;0.38427734375;1.072509765625;;;;;;;;;;;;;;;
50.29168701171875;0.023193359375;-0.0576171875;1.05419921875;;;;;;;;;;;;;;;
50.295074462890625;0.01904296875;-0.2138671875;1.085693359375;;;;;;;;;;;;;;;
50.298431396484375;-0.182373046875;0.08447265625;0.9638671875;;;;;;;;;;;;;;;
50.30181884765625;-0.054443359375;0.115966796875;0.831298828125;;;;;;;;;;;;;;;
50.30523681640625;0.038330078125;0.24169921875;1.248046875;;;;;;;;;;;;;;;
50.30859375;-0.126708984375;-0.042236328125;0.989013671875;;;;;;;;;;;;;;;
50.31195068359375;0.2822265625;0.2275390625;1.192138671875;;;;;;;;;;;;;;;
50.315338134765625;-0.362060546875;0.085205078125;0.785888671875;;;;;;;;;;;;;;;
50.31878662109375;0.039306640625;0.147705078125;0.80859375;;;;;;;;;;;;;;;
50.3221435546875;0.052734375;0.118408203125;1.150146484375;;;;;;;;;;;;;;;
50.325469970703125;-0.07080078125;-0.115966796875;1.017333984375;;;;;;;;;;;;;;;
50.328887939453125;0.26708984375;0.195556640625;1.199951171875;;;;;;;;;;;;;;;
50.332366943359375;-0.224365234375;-0.16796875;0.82470703125;;;;;;;;;;;;;;;
50.33575439453125;0.08642578125;0.392333984375;0.976318359375;;;;;;;;;;;;;;;
50.33917236328125;-0.107177734375;-0.00439453125;0.97607421875;;;;;;;;;;;;;;;
50.342529296875;0.15625;0.226806640625;1.16259765625;;;;;;;;;;;;;;;
50.345947265625;-0.161376953125;0.135498046875;1.04345703125;;;;;;;;;;;;;;;
50.349334716796875;-0.150390625;-0.044189453125;0.73291015625;;;;;;;;;;;;;;;
50.35272216796875;0.31103515625;0.205810546875;1.137939453125;;;;;;;;;;;;;;;
50.35614013671875;-0.279296875;0.098876953125;0.923583984375;;;;;;;;;;;;;;;
50.359527587890625;0.162841796875;0.226318359375;1.208251953125;;;;;;;;;;;;;;;
50.3629150390625;-0.398193359375;0.121826171875;0.91748046875;;;;;;;;;;;;;;;
50.36639404296875;0.21826171875;0.0791015625;0.970703125;;;;;;;;;;;;;;;
50.369720458984375;-0.049072265625;0.1005859375;0.984375;;;;;;;;;;;;;;;
50.37310791015625;0.035400390625;-0.15966796875;0.9228515625;;;;;;;;;;;;;;;
50.376556396484375;0.36669921875;0.128173828125;1.359130859375;;;;;;;;;;;;;;;
50.3798828125;-0.143310546875;-0.012939453125;0.951171875;;;;;;;;;;;;;;;
50.38330078125;0.060302734375;0.4091796875;1.028076171875;;;;;;;;;;;;;;;
50.38665771484375;-0.318603515625;0.16162109375;0.832763671875;;;;;;;;;;;;;;;
50.389984130859375;0.101806640625;0.256591796875;0.9990234375;;;;;;;;;;;;;;;
50.393402099609375;0.03271484375;0.074951171875;1.173583984375;;;;;;;;;;;;;;;
50.396759033203125;-0.0009765625;-0.189453125;0.975830078125;;;;;;;;;;;;;;;
50.400115966796875;0.07275390625;0.218505859375;1.08056640625;;;;;;;;;;;;;;;
50.40350341796875;-0.2548828125;0.167236328125;0.77783203125;;;;;;;;;;;;;;;
50.4068603515625;0.051513671875;0.418701171875;1.095947265625;;;;;;;;;;;;;;;
50.41033935546875;-0.116455078125;-0.156982421875;1.002685546875;;;;;;;;;;;;;;;
50.4136962890625;0.095703125;0.08837890625;1.15478515625;;;;;;;;;;;;;;;
50.4171142578125;-0.402587890625;0.04150390625;0.975830078125;;;;;;;;;;;;;;;
50.420501708984375;-0.125;0.107177734375;0.806396484375;;;;;;;;;;;;;;;
50.42388916015625;0.229248046875;0.159912109375;1.171630859375;;;;;;;;;;;;;;;
50.427276611328125;-0.1181640625;-0.083740234375;1.032470703125;;;;;;;;;;;;;;;
50.430694580078125;0.01123046875;0.27587890625;1.197021484375;;;;;;;;;;;;;;;
50.434173583984375;-0.371337890625;0.008056640625;0.78759765625;;;;;;;;;;;;;;;
50.437530517578125;0.00537109375;0.36181640625;0.894287109375;;;;;;;;;;;;;;;
50.440948486328125;-0.13720703125;0.012451171875;1.001220703125;;;;;;;;;;;;;;;
50.4443359375;0.07470703125;-0.141357421875;1.132080078125;;;;;;;;;;;;;;;
50.44775390625;-0.044189453125;0.14306640625;1.20654296875;;;;;;;;;;;;;;;
50.451171875;-0.16748046875;-0.09521484375;0.85498046875;;;;;;;;;;;;;;;
50.454620361328125;-0.081298828125;0.41845703125;0.986328125;;;;;;;;;;;;;;;
50.4580078125;-0.168701171875;-0.1181640625;0.91357421875;;;;;;;;;;;;;;;
50.461456298828125;0.06005859375;0.293701171875;1.182861328125;;;;;;;;;;;;;;;
50.464813232421875;-0.192626953125;0.018310546875;1.01318359375;;;;;;;;;;;;;;;
50.46826171875;0.1748046875;0.094970703125;0.856201171875;;;;;;;;;;;;;;;
50.471588134765625;-0.122314453125;0.16650390625;1.034912109375;;;;;;;;;;;;;;;
50.4749755859375;-0.200927734375;-0.050048828125;0.9111328125;;;;;;;;;;;;;;;
50.478363037109375;-0.031494140625;0.202880859375;1.20458984375;;;;;;;;;;;;;;;
50.48175048828125;-0.14599609375;-0.29296875;0.977294921875;;;;;;;;;;;;;;;
50.485137939453125;0.018798828125;0.198974609375;1.02490234375;;;;;;;;;;;;;;;
50.48858642578125;-0.172607421875;0.0625;0.867431640625;;;;;;;;;;;;;;;
50.491912841796875;0.091796875;0.311767578125;0.989990234375;;;;;;;;;;;;;;;
50.49530029296875;0.05322265625;0.157958984375;1.2177734375;;;;;;;;;;;;;;;
50.498626708984375;-0.06494140625;-0.1259765625;0.997314453125;;;;;;;;;;;;;;;
50.50201416015625;-0.034423828125;0.363037109375;1.066650390625;;;;;;;;;;;;;;;
50.50537109375;-0.237548828125;-0.025634765625;0.76953125;;;;;;;;;;;;;;;
50.508697509765625;0.141357421875;0.349609375;1.0625;;;;;;;;;;;;;;;
50.5120849609375;-0.076416015625;-0.029052734375;1.0751953125;;;;;;;;;;;;;;;
50.515380859375;0.05224609375;0.056640625;1.16748046875;;;;;;;;;;;;;;;
50.518829345703125;-0.02294921875;0.1240234375;1.03125;;;;;;;;;;;;;;;
50.52227783203125;-0.144775390625;0.01123046875;0.8388671875;;;;;;;;;;;;;;;
50.525634765625;-0.037109375;0.317626953125;1.068359375;;;;;;;;;;;;;;;
50.529144287109375;-0.067138671875;-0.323974609375;0.987548828125;;;;;;;;;;;;;;;
50.5325927734375;0.039306640625;0.211181640625;1.197509765625;;;;;;;;;;;;;;;
50.535888671875;-0.197265625;-0.02734375;0.880126953125;;;;;;;;;;;;;;;
50.539306640625;0.193359375;0.29931640625;0.930419921875;;;;;;;;;;;;;;;
50.54266357421875;-0.2001953125;0.201416015625;1.09716796875;;;;;;;;;;;;;;;
50.545989990234375;-0.17919921875;-0.176513671875;1.047607421875;;;;;;;;;;;;;;;
50.549346923828125;-0.175048828125;0.0986328125;1.215087890625;;;;;;;;;;;;;;;
50.552703857421875;-0.101806640625;-0.10546875;0.81005859375;;;;;;;;;;;;;;;
50.55615234375;-0.0361328125;0.47119140625;0.9404296875;;;;;;;;;;;;;;;
50.55963134765625;-0.17919921875;0.020751953125;0.956787109375;;;;;;;;;;;;;;;
50.56298828125;0.135498046875;0.08203125;1.21142578125;;;;;;;;;;;;;;;
50.56634521484375;-0.234619140625;0.085205078125;1.293212890625;;;;;;;;;;;;;;;
50.569671630859375;-0.288818359375;-0.115966796875;0.8564453125;;;;;;;;;;;;;;;
50.5731201171875;-0.1259765625;0.25830078125;1.001708984375;;;;;;;;;;;;;;;
50.5765380859375;-0.0732421875;-0.158447265625;0.85595703125;;;;;;;;;;;;;;;
50.579925537109375;0.083984375;0.3701171875;1.191650390625;;;;;;;;;;;;;;;
50.583282470703125;-0.141357421875;0.04345703125;1.034912109375;;;;;;;;;;;;;;;
50.58673095703125;0.1396484375;0.201171875;0.91845703125;;;;;;;;;;;;;;;
50.590179443359375;-0.0322265625;0.052978515625;1.043212890625;;;;;;;;;;;;;;;
50.59356689453125;-0.30615234375;-0.005859375;0.922119140625;;;;;;;;;;;;;;;
50.596923828125;-0.105224609375;0.012451171875;1.239990234375;;;;;;;;;;;;;;;
50.60028076171875;-0.117431640625;-0.309814453125;0.98388671875;;;;;;;;;;;;;;;
50.603729248046875;0.051513671875;0.3515625;1.071533203125;;;;;;;;;;;;;;;
50.60711669921875;-0.199951171875;-0.017333984375;0.815185546875;;;;;;;;;;;;;;;
50.61053466796875;0.244873046875;0.396484375;1.046142578125;;;;;;;;;;;;;;;
50.613983154296875;-0.14111328125;0.17138671875;1.165771484375;;;;;;;;;;;;;;;
50.61737060546875;-0.153076171875;-0.041748046875;1.0439453125;;;;;;;;;;;;;;;
50.620849609375;-0.21435546875;-0.0849609375;1.060791015625;;;;;;;;;;;;;;;
50.624237060546875;-0.11767578125;-0.215576171875;0.78125;;;;;;;;;;;;;;;
50.627593994140625;0.066162109375;0.319091796875;1.0693359375;;;;;;;;;;;;;;;
50.631011962890625;-0.161865234375;-0.180908203125;1.01220703125;;;;;;;;;;;;;;;
50.634429931640625;0.155029296875;0.151611328125;1.244873046875;;;;;;;;;;;;;;;
50.637847900390625;-0.101318359375;0.143798828125;1.011474609375;;;;;;;;;;;;;;;
50.641204833984375;-0.051513671875;0.111572265625;0.86767578125;;;;;;;;;;;;;;;
50.644500732421875;-0.108642578125;0.184814453125;0.991943359375;;;;;;;;;;;;;;;
50.6478271484375;-0.05810546875;-0.390869140625;1.01171875;;;;;;;;;;;;;;;
50.651153564453125;-0.075439453125;0.307861328125;1.18359375;;;;;;;;;;;;;;;
50.654510498046875;-0.1591796875;-0.1376953125;0.8671875;;;;;;;;;;;;;;;
50.657958984375;0.239013671875;0.36083984375;0.945068359375;;;;;;;;;;;;;;;
50.66131591796875;-0.12939453125;0.221435546875;0.9794921875;;;;;;;;;;;;;;;
50.664764404296875;0.023193359375;-0.01806640625;1.051025390625;;;;;;;;;;;;;;;
50.668182373046875;-0.143798828125;0.016357421875;1.206298828125;;;;;;;;;;;;;;;
50.6715087890625;-0.10986328125;-0.270751953125;0.880859375;;;;;;;;;;;;;;;
50.6749267578125;-0.017822265625;0.344970703125;0.933837890625;;;;;;;;;;;;;;;
50.67828369140625;-0.203125;-0.07958984375;0.843017578125;;;;;;;;;;;;;;;
50.6817626953125;0.26416015625;0.086181640625;1.249755859375;;;;;;;;;;;;;;;
50.68511962890625;0.013916015625;0.12939453125;1.1796875;;;;;;;;;;;;;;;
50.688507080078125;-0.0283203125;0.04833984375;0.929931640625;;;;;;;;;;;;;;;
50.69189453125;-0.0625;0.22314453125;0.941162109375;;;;;;;;;;;;;;;
50.6953125;0.0380859375;-0.218994140625;0.809814453125;;;;;;;;;;;;;;;
50.69866943359375;0.13916015625;0.217041015625;1.156005859375;;;;;;;;;;;;;;;
50.702056884765625;-0.032470703125;-0.0166015625;1.021240234375;;;;;;;;;;;;;;;
50.7054443359375;0.05517578125;0.287841796875;1.0205078125;;;;;;;;;;;;;;;
50.708770751953125;0.509765625;0.022216796875;0.90283203125;;;;;;;;;;;;;;;
50.712158203125;0.00341796875;0.052978515625;0.922119140625;;;;;;;;;;;;;;;
50.715606689453125;0.16357421875;0.014404296875;1.185791015625;;;;;;;;;;;;;;;
50.71905517578125;0.075439453125;-0.23388671875;1.062744140625;;;;;;;;;;;;;;;
50.7225341796875;-0.060302734375;0.289794921875;1.037841796875;;;;;;;;;;;;;;;
50.725921630859375;-0.13037109375;-0.055419921875;0.73193359375;;;;;;;;;;;;;;;
50.729278564453125;0.25390625;0.421630859375;1.115966796875;;;;;;;;;;;;;;;
50.732818603515625;-0.387939453125;0.115478515625;1.025634765625;;;;;;;;;;;;;;;
50.73614501953125;0.10791015625;-0.04541015625;1.12255859375;;;;;;;;;;;;;;;
50.739501953125;-0.37548828125;-0.02880859375;1.031982421875;;;;;;;;;;;;;;;
50.742828369140625;0.04248046875;-0.36181640625;0.80419921875;;;;;;;;;;;;;;;
50.746124267578125;-0.0537109375;0.33837890625;1.060302734375;;;;;;;;;;;;;;;
50.74951171875;-0.102294921875;-0.1083984375;0.921875;;;;;;;;;;;;;;;
50.7528076171875;0.141357421875;0.405029296875;1.324462890625;;;;;;;;;;;;;;;
50.75616455078125;-0.192138671875;-0.0234375;1.02880859375;;;;;;;;;;;;;;;
50.759613037109375;-0.08740234375;0.080078125;0.899169921875;;;;;;;;;;;;;;;
50.763031005859375;-0.20166015625;0.069091796875;0.916748046875;;;;;;;;;;;;;;;
50.766387939453125;0.02392578125;-0.256103515625;1.02587890625;;;;;;;;;;;;;;;
50.769744873046875;-0.1494140625;0.31787109375;1.169677734375;;;;;;;;;;;;;;;
50.77313232421875;-0.03662109375;-0.118896484375;0.932373046875;;;;;;;;;;;;;;;
50.7764892578125;0.0703125;0.385009765625;1.052001953125;;;;;;;;;;;;;;;
50.77984619140625;-0.50537109375;0.135986328125;0.83984375;;;;;;;;;;;;;;;
50.783233642578125;0.300537109375;-0.017578125;1.174072265625;;;;;;;;;;;;;;;
50.786590576171875;-0.119873046875;0.042724609375;1.170654296875;;;;;;;;;;;;;;;
50.790008544921875;0.1455078125;-0.29833984375;0.9716796875;;;;;;;;;;;;;;;
50.7933349609375;-0.257568359375;0.368408203125;0.931396484375;;;;;;;;;;;;;;;
50.7967529296875;-0.528076171875;-0.12939453125;0.77197265625;;;;;;;;;;;;;;;
50.800140380859375;0.244384765625;0.25048828125;1.24609375;;;;;;;;;;;;;;;
50.80352783203125;-0.216796875;-0.084228515625;1.214599609375;;;;;;;;;;;;;;;
50.806884765625;-0.032470703125;0.15234375;0.999267578125;;;;;;;;;;;;;;;
50.810302734375;-0.1953125;0.060791015625;0.875;;;;;;;;;;;;;;;
50.813720703125;0.013671875;0.038330078125;0.856689453125;;;;;;;;;;;;;;;
50.817108154296875;-0.03271484375;0.215576171875;1.13525390625;;;;;;;;;;;;;;;
50.8204345703125;-0.068603515625;-0.105712890625;1.0546875;;;;;;;;;;;;;;;
50.823822021484375;-0.17431640625;0.23193359375;1.156005859375;;;;;;;;;;;;;;;
50.827301025390625;-0.529052734375;-0.152099609375;0.82421875;;;;;;;;;;;;;;;
50.8306884765625;0.187744140625;0.1005859375;1.02294921875;;;;;;;;;;;;;;;
50.834014892578125;-0.03515625;-0.006591796875;1.148193359375;;;;;;;;;;;;;;;
50.83746337890625;0.24853515625;0.14599609375;1.1123046875;;;;;;;;;;;;;;;
50.840850830078125;-0.234619140625;0.29736328125;1.061767578125;;;;;;;;;;;;;;;
50.844268798828125;-0.14599609375;-0.1240234375;0.744140625;;;;;;;;;;;;;;;
50.847625732421875;0.031005859375;0.293212890625;1.109375;;;;;;;;;;;;;;;
50.850982666015625;-0.471923828125;0.00732421875;0.94384765625;;;;;;;;;;;;;;;
50.854339599609375;0.362548828125;0.01806640625;1.133056640625;;;;;;;;;;;;;;;
50.857696533203125;-0.209228515625;-0.056396484375;0.98583984375;;;;;;;;;;;;;;;
50.86102294921875;0.188232421875;-0.136962890625;0.893798828125;;;;;;;;;;;;;;;
50.864501953125;-0.184326171875;0.23876953125;0.9931640625;;;;;;;;;;;;;;;
50.867919921875;-0.0380859375;-0.026123046875;0.968505859375;;;;;;;;;;;;;;;
50.87127685546875;-0.03564453125;0.36572265625;1.274658203125;;;;;;;;;;;;;;;
50.8746337890625;-0.280029296875;-0.0712890625;0.99169921875;;;;;;;;;;;;;;;
50.878021240234375;-0.038330078125;0.078857421875;0.990478515625;;;;;;;;;;;;;;;
50.881378173828125;-0.225830078125;0.008544921875;0.8359375;;;;;;;;;;;;;;;
50.884796142578125;0.019775390625;0.023193359375;1.030029296875;;;;;;;;;;;;;;;
50.88824462890625;0.038330078125;0.13427734375;1.13330078125;;;;;;;;;;;;;;;
50.891571044921875;0.107421875;-0.169677734375;1.019287109375;;;;;;;;;;;;;;;
50.894927978515625;0.1416015625;0.307861328125;1.0693359375;;;;;;;;;;;;;;;
50.8983154296875;-0.4306640625;-0.070556640625;0.851318359375;;;;;;;;;;;;;;;
50.901702880859375;0.13330078125;0.099853515625;1.201416015625;;;;;;;;;;;;;;;
50.905029296875;0.008056640625;-0.068359375;1.129638671875;;;;;;;;;;;;;;;
50.908416748046875;0.09619140625;-0.18408203125;1.04833984375;;;;;;;;;;;;;;;
50.91180419921875;-0.15673828125;0.134521484375;0.875244140625;;;;;;;;;;;;;;;
50.915130615234375;-0.169189453125;-0.01806640625;0.80810546875;;;;;;;;;;;;;;;
50.918487548828125;0.018798828125;0.261962890625;1.186767578125;;;;;;;;;;;;;;;
50.921875;-0.045654296875;-0.058837890625;1.099609375;;;;;;;;;;;;;;;
50.925262451171875;0.140380859375;0.130615234375;1.121337890625;;;;;;;;;;;;;;;
50.928619384765625;-0.16064453125;-0.0302734375;0.848876953125;;;;;;;;;;;;;;;
50.93206787109375;0.021728515625;0.243896484375;0.8525390625;;;;;;;;;;;;;;;
50.9354248046875;0.05419921875;0.169921875;1.115234375;;;;;;;;;;;;;;;
50.938751220703125;-0.05615234375;-0.130126953125;1.0654296875;;;;;;;;;;;;;;;
50.942138671875;-0.142822265625;0.15185546875;1.16650390625;;;;;;;;;;;;;;;
50.945526123046875;-0.2685546875;-0.17138671875;0.8427734375;;;;;;;;;;;;;;;
50.948974609375;0.132080078125;0.165283203125;1.03759765625;;;;;;;;;;;;;;;
50.952423095703125;-0.076416015625;0.052734375;1.0751953125;;;;;;;;;;;;;;;
50.95574951171875;0.113037109375;0.2822265625;1.135498046875;;;;;;;;;;;;;;;
50.959136962890625;-0.1650390625;0.277587890625;1.013916015625;;;;;;;;;;;;;;;
50.962493896484375;-0.009765625;-0.1298828125;0.763916015625;;;;;;;;;;;;;;;
50.96588134765625;-0.08740234375;0.119873046875;1.067626953125;;;;;;;;;;;;;;;
50.96929931640625;-0.209228515625;-0.08642578125;0.962646484375;;;;;;;;;;;;;;;
50.97259521484375;0.148193359375;0.086181640625;1.1904296875;;;;;;;;;;;;;;;
50.976043701171875;-0.1455078125;0.061279296875;0.986083984375;;;;;;;;;;;;;;;
50.9793701171875;0.132080078125;0.03271484375;0.938720703125;;;;;;;;;;;;;;;
50.982818603515625;-0.1953125;0.28564453125;0.9599609375;;;;;;;;;;;;;;;
50.9862060546875;-0.034423828125;-0.06298828125;0.96923828125;;;;;;;;;;;;;;;
50.989532470703125;0.003173828125;0.265380859375;1.23876953125;;;;;;;;;;;;;;;
50.992919921875;-0.119140625;-0.22412109375;0.9853515625;;;;;;;;;;;;;;;
50.996368408203125;0.09814453125;0.1640625;1.03515625;;;;;;;;;;;;;;;
50.999786376953125;-0.20654296875;0.12939453125;0.80078125;;;;;;;;;;;;;;;
51.003173828125;0.1396484375;0.22412109375;1.019287109375;;;;;;;;;;;;;;;
51.006561279296875;0.014892578125;0.10546875;1.1083984375;;;;;;;;;;;;;;;
51.00994873046875;0.037353515625;-0.25927734375;1.07470703125;;;;;;;;;;;;;;;
51.013397216796875;-0.12451171875;0.227783203125;1.02490234375;;;;;;;;;;;;;;;
51.016754150390625;-0.26806640625;-0.057861328125;0.74658203125;;;;;;;;;;;;;;;
51.020111083984375;0.467529296875;0.24755859375;1.249267578125;;;;;;;;;;;;;;;
51.023529052734375;-0.0771484375;-0.02783203125;1.047607421875;;;;;;;;;;;;;;;
51.02685546875;0.178466796875;0.26904296875;1.10888671875;;;;;;;;;;;;;;;
51.030242919921875;-0.292236328125;0.11181640625;0.8173828125;;;;;;;;;;;;;;;
51.033660888671875;-0.096923828125;0.024169921875;0.7431640625;;;;;;;;;;;;;;;
51.03704833984375;0.2060546875;0.16357421875;1.1923828125;;;;;;;;;;;;;;;
51.0404052734375;-0.306396484375;-0.1572265625;0.971435546875;;;;;;;;;;;;;;;
51.04376220703125;0.05126953125;0.22216796875;1.17333984375;;;;;;;;;;;;;;;
51.04705810546875;-0.283447265625;0.103271484375;0.807373046875;;;;;;;;;;;;;;;
51.05047607421875;0.1826171875;0.414306640625;0.947265625;;;;;;;;;;;;;;;
51.05377197265625;-0.07568359375;0.05810546875;1.021728515625;;;;;;;;;;;;;;;
51.057098388671875;0.111083984375;-0.286865234375;1.14697265625;;;;;;;;;;;;;;;
51.06060791015625;-0.228759765625;0.140380859375;1.10107421875;;;;;;;;;;;;;;;
51.063995361328125;-0.3955078125;-0.14453125;0.75439453125;;;;;;;;;;;;;;;
51.0675048828125;0.364501953125;0.27880859375;1.078369140625;;;;;;;;;;;;;;;
51.07086181640625;-0.1455078125;0.236328125;0.927001953125;;;;;;;;;;;;;;;
51.074188232421875;0.258544921875;0.30859375;1.205810546875;;;;;;;;;;;;;;;
51.0775146484375;-0.42822265625;0.179443359375;0.951416015625;;;;;;;;;;;;;;;
51.080841064453125;0.163818359375;-0.09521484375;0.823974609375;;;;;;;;;;;;;;;
51.08416748046875;-0.18115234375;0.068603515625;0.99560546875;;;;;;;;;;;;;;;
51.087554931640625;-0.142333984375;-0.228759765625;0.867431640625;;;;;;;;;;;;;;;
51.0909423828125;0.485107421875;0.14599609375;1.255615234375;;;;;;;;;;;;;;;
51.0943603515625;-0.107666015625;0.119873046875;0.95751953125;;;;;;;;;;;;;;;
51.09771728515625;0.17236328125;0.36865234375;1.015869140625;;;;;;;;;;;;;;;
51.101043701171875;-0.348876953125;0.165283203125;0.891357421875;;;;;;;;;;;;;;;
51.104461669921875;0.0634765625;0.138671875;0.95751953125;;;;;;;;;;;;;;;
51.107879638671875;0.003662109375;0.148681640625;1.177734375;;;;;;;;;;;;;;;
51.111297607421875;-0.075439453125;-0.28271484375;0.98974609375;;;;;;;;;;;;;;;
51.114776611328125;0.077880859375;0.151611328125;1.078125;;;;;;;;;;;;;;;
51.118133544921875;-0.1611328125;0.169189453125;0.781005859375;;;;;;;;;;;;;;;
51.121490478515625;0.12255859375;0.3994140625;1.046875;;;;;;;;;;;;;;;
51.124908447265625;-0.091064453125;-0.054443359375;1.05078125;;;;;;;;;;;;;;;
51.12823486328125;0.11865234375;-0.063232421875;1.132080078125;;;;;;;;;;;;;;;
51.131744384765625;-0.342041015625;0.109375;1.015869140625;;;;;;;;;;;;;;;
51.135101318359375;-0.347412109375;-0.0302734375;0.765380859375;;;;;;;;;;;;;;;
51.13848876953125;0.1767578125;0.183349609375;1.166259765625;;;;;;;;;;;;;;;
51.141937255859375;0.025146484375;-0.0625;1.024658203125;;;;;;;;;;;;;;;
51.145263671875;0.163330078125;0.31787109375;1.177734375;;;;;;;;;;;;;;;
51.148712158203125;-0.290771484375;0.0224609375;0.810791015625;;;;;;;;;;;;;;;
51.152130126953125;0.004638671875;0.218994140625;0.86669921875;;;;;;;;;;;;;;;
51.15545654296875;-0.1435546875;0.114501953125;1.05029296875;;;;;;;;;;;;;;;
51.158966064453125;-0.053466796875;-0.151611328125;1.070068359375;;;;;;;;;;;;;;;
51.16229248046875;-0.093017578125;0.14697265625;1.235595703125;;;;;;;;;;;;;;;
51.165679931640625;-0.183349609375;-0.1162109375;0.855712890625;;;;;;;;;;;;;;;
51.169036865234375;0.020751953125;0.43896484375;0.970703125;;;;;;;;;;;;;;;
51.17242431640625;-0.085693359375;0.00048828125;0.9375;;;;;;;;;;;;;;;
51.17578125;0.121337890625;0.248291015625;1.15283203125;;;;;;;;;;;;;;;
51.179168701171875;-0.176025390625;0.10009765625;1.09228515625;;;;;;;;;;;;;;;
51.182586669921875;-0.21044921875;-0.04248046875;0.824462890625;;;;;;;;;;;;;;;
51.18603515625;-0.00048828125;0.28759765625;1.054443359375;;;;;;;;;;;;;;;
51.189422607421875;-0.14697265625;0.07568359375;0.912353515625;;;;;;;;;;;;;;;
51.19281005859375;0.071044921875;0.275146484375;1.194091796875;;;;;;;;;;;;;;;
51.196258544921875;-0.1796875;0.056640625;0.958740234375;;;;;;;;;;;;;;;
51.19964599609375;0.08203125;0.048828125;1.024658203125;;;;;;;;;;;;;;;
51.2030029296875;-0.150634765625;0.068115234375;0.93408203125;;;;;;;;;;;;;;;
51.206451416015625;-0.002197265625;-0.108642578125;0.91845703125;;;;;;;;;;;;;;;
51.20977783203125;0.045654296875;0.17822265625;1.294189453125;;;;;;;;;;;;;;;
51.213104248046875;-0.057373046875;-0.078125;1.007568359375;;;;;;;;;;;;;;;
51.216552734375;-0.03271484375;0.41748046875;1.070068359375;;;;;;;;;;;;;;;
51.219940185546875;-0.31494140625;0.0;0.826416015625;;;;;;;;;;;;;;;
51.22344970703125;0.035400390625;0.251953125;1.020263671875;;;;;;;;;;;;;;;
51.22674560546875;-0.078125;-0.02392578125;1.1142578125;;;;;;;;;;;;;;;
51.230072021484375;0.057861328125;-0.0927734375;1.040771484375;;;;;;;;;;;;;;;
51.23345947265625;-0.0439453125;0.23193359375;1.06982421875;;;;;;;;;;;;;;;
51.23681640625;-0.102783203125;0.147216796875;0.847412109375;;;;;;;;;;;;;;;
51.240203857421875;-0.167236328125;0.41845703125;1.07568359375;;;;;;;;;;;;;;;
51.24359130859375;-0.116455078125;-0.2646484375;1.01123046875;;;;;;;;;;;;;;;
51.2470703125;-0.06396484375;0.010498046875;1.161376953125;;;;;;;;;;;;;;;
51.25048828125;-0.20263671875;-0.048583984375;0.969970703125;;;;;;;;;;;;;;;
51.25384521484375;0.052490234375;0.20849609375;0.853271484375;;;;;;;;;;;;;;;
51.257232666015625;-0.053466796875;0.2353515625;1.091552734375;;;;;;;;;;;;;;;
51.26055908203125;-0.046630859375;-0.097900390625;1.03955078125;;;;;;;;;;;;;;;
51.263885498046875;-0.041259765625;0.194580078125;1.22412109375;;;;;;;;;;;;;;;
51.267181396484375;-0.238037109375;0.002685546875;0.81298828125;;;;;;;;;;;;;;;
51.270660400390625;-0.0029296875;0.321533203125;0.89013671875;;;;;;;;;;;;;;;
51.274017333984375;-0.09765625;0.065185546875;0.974365234375;;;;;;;;;;;;;;;
51.27740478515625;0.1357421875;-0.08447265625;1.15087890625;;;;;;;;;;;;;;;
51.280792236328125;0.13232421875;0.08984375;1.301513671875;;;;;;;;;;;;;;;
51.284210205078125;-0.16357421875;-0.09814453125;0.87744140625;;;;;;;;;;;;;;;
51.287628173828125;-0.076416015625;0.349365234375;1.04541015625;;;;;;;;;;;;;;;
51.291046142578125;-0.225830078125;-0.010498046875;0.873291015625;;;;;;;;;;;;;;;
51.29443359375;-0.0263671875;0.287353515625;1.13818359375;;;;;;;;;;;;;;;
51.29779052734375;-0.123046875;0.027587890625;1.060791015625;;;;;;;;;;;;;;;
51.301116943359375;0.11376953125;0.13916015625;0.90234375;;;;;;;;;;;;;;;
51.3045654296875;-0.093505859375;0.264404296875;1.056396484375;;;;;;;;;;;;;;;
51.308074951171875;-0.224609375;-0.02685546875;0.904052734375;;;;;;;;;;;;;;;
51.3115234375;0.077392578125;0.044677734375;1.21142578125;;;;;;;;;;;;;;;
51.31488037109375;-0.009765625;-0.059814453125;1.020751953125;;;;;;;;;;;;;;;
51.3182373046875;-0.08349609375;0.247802734375;1.046875;;;;;;;;;;;;;;;
51.321563720703125;-0.08837890625;0.142578125;0.88623046875;;;;;;;;;;;;;;;
51.325042724609375;0.051025390625;0.136474609375;1.012451171875;;;;;;;;;;;;;;;
51.328338623046875;-0.24462890625;0.146240234375;1.17626953125;;;;;;;;;;;;;;;
51.33172607421875;-0.272216796875;-0.20703125;1.035888671875;;;;;;;;;;;;;;;
51.335113525390625;-0.0537109375;0.2744140625;1.0966796875;;;;;;;;;;;;;;;
51.33843994140625;-0.12060546875;-0.11572265625;0.7548828125;;;;;;;;;;;;;;;
51.341827392578125;0.141845703125;0.392822265625;1.0185546875;;;;;;;;;;;;;;;
51.34515380859375;-0.16943359375;-0.045166015625;1.0458984375;;;;;;;;;;;;;;;
51.34857177734375;0.12841796875;0.156494140625;1.0107421875;;;;;;;;;;;;;;;
51.351898193359375;0.1435546875;0.130615234375;1.1025390625;;;;;;;;;;;;;;;
51.355194091796875;-0.21484375;0.054443359375;0.842529296875;;;;;;;;;;;;;;;
51.358551025390625;-0.14990234375;0.218505859375;1.074462890625;;;;;;;;;;;;;;;
51.362030029296875;-0.149658203125;-0.341796875;0.977294921875;;;;;;;;;;;;;;;
51.365386962890625;0.03076171875;0.218994140625;1.193603515625;;;;;;;;;;;;;;;
51.3687744140625;-0.197021484375;-0.031005859375;0.911376953125;;;;;;;;;;;;;;;
51.372161865234375;0.264404296875;0.30712890625;0.8935546875;;;;;;;;;;;;;;;
51.37554931640625;-0.012451171875;0.228759765625;1.0849609375;;;;;;;;;;;;;;;
51.378997802734375;-0.281982421875;-0.005859375;1.043212890625;;;;;;;;;;;;;;;
51.382354736328125;-0.16943359375;-0.019775390625;1.238037109375;;;;;;;;;;;;;;;
51.385711669921875;-0.183837890625;-0.1103515625;0.8720703125;;;;;;;;;;;;;;;
51.38909912109375;0.050048828125;0.338134765625;0.906005859375;;;;;;;;;;;;;;;
51.39251708984375;-0.228515625;-0.0087890625;0.87451171875;;;;;;;;;;;;;;;
51.395904541015625;0.230712890625;-0.07861328125;1.17138671875;;;;;;;;;;;;;;;
51.399261474609375;0.02783203125;0.153564453125;1.216796875;;;;;;;;;;;;;;;
51.402618408203125;-0.013916015625;0.074462890625;0.927734375;;;;;;;;;;;;;;;
51.406097412109375;-0.114501953125;0.30126953125;0.9873046875;;;;;;;;;;;;;;;
51.409515380859375;-0.150634765625;-0.11376953125;0.816650390625;;;;;;;;;;;;;;;
51.41290283203125;0.080078125;0.24658203125;1.174072265625;;;;;;;;;;;;;;;
51.41632080078125;-0.191650390625;0.034423828125;1.00341796875;;;;;;;;;;;;;;;
51.419830322265625;0.070556640625;0.105712890625;1.007080078125;;;;;;;;;;;;;;;
51.4232177734375;-0.1689453125;0.107177734375;0.933349609375;;;;;;;;;;;;;;;
51.42657470703125;-0.039794921875;0.052978515625;0.9013671875;;;;;;;;;;;;;;;
51.42987060546875;-0.062744140625;0.078125;1.18798828125;;;;;;;;;;;;;;;
51.433258056640625;-0.01953125;-0.25;1.050048828125;;;;;;;;;;;;;;;
51.43658447265625;-0.06103515625;0.334716796875;1.07763671875;;;;;;;;;;;;;;;
51.440093994140625;-0.296875;0.034423828125;0.78076171875;;;;;;;;;;;;;;;
51.443634033203125;0.1748046875;0.29833984375;1.04833984375;;;;;;;;;;;;;;;
51.447052001953125;-0.117919921875;0.09130859375;1.04931640625;;;;;;;;;;;;;;;
51.450439453125;-0.01806640625;-0.057861328125;1.0791015625;;;;;;;;;;;;;;;
51.453948974609375;-0.159912109375;0.22021484375;1.0791015625;;;;;;;;;;;;;;;
51.457366943359375;-0.11865234375;-0.2060546875;0.796875;;;;;;;;;;;;;;;
51.46075439453125;-0.02294921875;0.363525390625;1.007568359375;;;;;;;;;;;;;;;
51.46417236328125;-0.130859375;-0.021484375;0.94287109375;;;;;;;;;;;;;;;
51.46759033203125;0.20068359375;0.210205078125;1.291748046875;;;;;;;;;;;;;;;
51.471038818359375;-0.23095703125;0.095458984375;1.02392578125;;;;;;;;;;;;;;;
51.474365234375;-0.035400390625;-0.01318359375;0.87646484375;;;;;;;;;;;;;;;
51.47772216796875;-0.1279296875;0.161376953125;0.93603515625;;;;;;;;;;;;;;;
51.4810791015625;-0.026611328125;-0.3232421875;0.981201171875;;;;;;;;;;;;;;;
51.484466552734375;-0.02490234375;0.274169921875;1.191162109375;;;;;;;;;;;;;;;
51.487823486328125;-0.076171875;-0.0400390625;0.888427734375;;;;;;;;;;;;;;;
51.491180419921875;0.159912109375;0.371337890625;0.968017578125;;;;;;;;;;;;;;;
51.494476318359375;-0.29736328125;0.259521484375;0.93994140625;;;;;;;;;;;;;;;
51.49786376953125;0.0458984375;-0.07421875;1.042236328125;;;;;;;;;;;;;;;
51.501373291015625;-0.124755859375;0.036865234375;1.199951171875;;;;;;;;;;;;;;;
51.504730224609375;0.044677734375;-0.238037109375;0.940185546875;;;;;;;;;;;;;;;
51.508148193359375;-0.141845703125;0.374267578125;0.980224609375;;;;;;;;;;;;;;;
51.511505126953125;-0.25634765625;-0.0625;0.816162109375;;;;;;;;;;;;;;;
51.514923095703125;0.145751953125;0.200927734375;1.2216796875;;;;;;;;;;;;;;;
51.51824951171875;-0.220458984375;0.00537109375;1.24853515625;;;;;;;;;;;;;;;
51.521636962890625;-0.156494140625;0.050537109375;0.953369140625;;;;;;;;;;;;;;;
51.524993896484375;-0.14794921875;0.194580078125;0.961669921875;;;;;;;;;;;;;;;
51.52838134765625;-0.045654296875;-0.058349609375;0.810302734375;;;;;;;;;;;;;;;
51.531707763671875;0.04833984375;0.23974609375;1.138916015625;;;;;;;;;;;;;;;
51.535125732421875;-0.0517578125;-0.09521484375;1.03662109375;;;;;;;;;;;;;;;
51.538482666015625;-0.055908203125;0.270751953125;1.1025390625;;;;;;;;;;;;;;;
51.5418701171875;-0.2900390625;-0.070556640625;0.9169921875;;;;;;;;;;;;;;;
51.545257568359375;-0.10791015625;0.048583984375;0.937744140625;;;;;;;;;;;;;;;
51.548583984375;-0.096923828125;0.073974609375;1.16845703125;;;;;;;;;;;;;;;
51.551910400390625;0.111083984375;-0.055419921875;1.086669921875;;;;;;;;;;;;;;;
51.555389404296875;-0.193359375;0.38427734375;1.140625;;;;;;;;;;;;;;;
51.558868408203125;-0.2568359375;-0.118408203125;0.782470703125;;;;;;;;;;;;;;;
51.562225341796875;0.107177734375;0.332275390625;1.081787109375;;;;;;;;;;;;;;;
51.565673828125;-0.447021484375;-0.027587890625;0.99755859375;;;;;;;;;;;;;;;
51.56903076171875;-0.165283203125;-0.019287109375;1.078369140625;;;;;;;;;;;;;;;
51.5723876953125;-0.177734375;0.04248046875;1.10400390625;;;;;;;;;;;;;;;
51.57574462890625;-0.058349609375;-0.156005859375;0.84814453125;;;;;;;;;;;;;;;
51.57916259765625;-0.087646484375;0.30810546875;1.02490234375;;;;;;;;;;;;;;;
51.58258056640625;-0.360107421875;-0.151611328125;0.90673828125;;;;;;;;;;;;;;;
51.5859375;0.1923828125;0.28466796875;1.274658203125;;;;;;;;;;;;;;;
51.589324951171875;0.04052734375;-0.04296875;1.10986328125;;;;;;;;;;;;;;;
51.592681884765625;-0.156982421875;0.110107421875;0.896484375;;;;;;;;;;;;;;;
51.59600830078125;-0.229736328125;0.07080078125;0.88427734375;;;;;;;;;;;;;;;
51.59942626953125;-0.052490234375;-0.130859375;0.983154296875;;;;;;;;;;;;;;;
51.602752685546875;0.00390625;0.296875;1.193359375;;;;;;;;;;;;;;;
51.606201171875;-0.011474609375;-0.200927734375;0.9853515625;;;;;;;;;;;;;;;
51.60955810546875;0.174560546875;0.388427734375;1.05517578125;;;;;;;;;;;;;;;
51.61285400390625;-0.335205078125;0.208740234375;0.89501953125;;;;;;;;;;;;;;;
51.616180419921875;-0.0283203125;0.126953125;1.119140625;;;;;;;;;;;;;;;
51.61956787109375;-0.088623046875;-0.1484375;1.173828125;;;;;;;;;;;;;;;
51.623016357421875;0.070556640625;-0.29345703125;0.9833984375;;;;;;;;;;;;;;;
51.62646484375;-0.060791015625;0.159423828125;0.961181640625;;;;;;;;;;;;;;;
51.62982177734375;-0.19482421875;-0.09619140625;0.7744140625;;;;;;;;;;;;;;;
51.633270263671875;0.083251953125;0.25390625;1.197509765625;;;;;;;;;;;;;;;
51.636627197265625;-0.048583984375;0.08837890625;1.12158203125;;;;;;;;;;;;;;;
51.640106201171875;0.067138671875;0.16943359375;1.089599609375;;;;;;;;;;;;;;;
51.643463134765625;-0.189697265625;-0.027587890625;0.88671875;;;;;;;;;;;;;;;
51.646820068359375;0.04833984375;-0.008056640625;0.81298828125;;;;;;;;;;;;;;;
51.650177001953125;0.02783203125;0.108642578125;1.103759765625;;;;;;;;;;;;;;;
51.653533935546875;0.023681640625;-0.143310546875;1.052001953125;;;;;;;;;;;;;;;
51.65704345703125;-0.113525390625;0.267333984375;1.172607421875;;;;;;;;;;;;;;;
51.660369873046875;-0.281982421875;-0.001953125;0.84716796875;;;;;;;;;;;;;;;
51.663787841796875;0.1044921875;0.1875;1.01953125;;;;;;;;;;;;;;;
51.667144775390625;-0.1279296875;-0.021240234375;1.11572265625;;;;;;;;;;;;;;;
51.670623779296875;0.095947265625;0.089599609375;1.103759765625;;;;;;;;;;;;;;;
51.674072265625;-0.14111328125;0.226806640625;1.067138671875;;;;;;;;;;;;;;;
51.677490234375;0.023681640625;-0.157470703125;0.7470703125;;;;;;;;;;;;;;;
51.680877685546875;0.03466796875;0.259033203125;1.072509765625;;;;;;;;;;;;;;;
51.684234619140625;-0.17431640625;0.074462890625;0.977294921875;;;;;;;;;;;;;;;
51.687652587890625;0.133544921875;0.026123046875;1.17138671875;;;;;;;;;;;;;;;
51.6910400390625;-0.15380859375;0.051025390625;1.047607421875;;;;;;;;;;;;;;;
51.6943359375;0.0283203125;-0.139892578125;0.89111328125;;;;;;;;;;;;;;;
51.697723388671875;-0.094970703125;0.2890625;0.967529296875;;;;;;;;;;;;;;;
51.701171875;-0.03955078125;-0.112060546875;0.907470703125;;;;;;;;;;;;;;;
51.704498291015625;0.038330078125;0.302001953125;1.277587890625;;;;;;;;;;;;;;;
51.70794677734375;-0.0810546875;-0.138427734375;1.011474609375;;;;;;;;;;;;;;;
51.711273193359375;0.165771484375;0.1044921875;1.00244140625;;;;;;;;;;;;;;;
51.714599609375;-0.154296875;0.1279296875;0.86279296875;;;;;;;;;;;;;;;
51.718017578125;0.02880859375;0.1044921875;0.993896484375;;;;;;;;;;;;;;;
51.72137451171875;-0.00048828125;0.1484375;1.17236328125;;;;;;;;;;;;;;;
51.72479248046875;-0.03564453125;-0.196533203125;1.0380859375;;;;;;;;;;;;;;;
51.7281494140625;0.033447265625;0.256103515625;1.069580078125;;;;;;;;;;;;;;;
51.731536865234375;-0.36865234375;-0.130615234375;0.80859375;;;;;;;;;;;;;;;
51.73492431640625;0.186279296875;0.106689453125;1.156982421875;;;;;;;;;;;;;;;
51.738311767578125;-0.090087890625;0.045654296875;1.12158203125;;;;;;;;;;;;;;;
51.74169921875;0.120361328125;0.208251953125;1.0673828125;;;;;;;;;;;;;;;
51.745025634765625;-0.177734375;0.194091796875;0.901123046875;;;;;;;;;;;;;;;
51.748443603515625;-0.1640625;-0.11767578125;0.78271484375;;;;;;;;;;;;;;;
51.751922607421875;-0.010009765625;0.303955078125;1.17724609375;;;;;;;;;;;;;;;
51.755279541015625;-0.24951171875;-0.076904296875;0.98681640625;;;;;;;;;;;;;;;
51.758636474609375;0.053955078125;0.175537109375;1.13525390625;;;;;;;;;;;;;;;
51.762054443359375;-0.26708984375;0.13330078125;0.85107421875;;;;;;;;;;;;;;;
51.76544189453125;0.17431640625;0.1337890625;0.88623046875;;;;;;;;;;;;;;;
51.768829345703125;-0.0263671875;0.110595703125;1.083251953125;;;;;;;;;;;;;;;
51.772216796875;0.0419921875;-0.2998046875;1.06884765625;;;;;;;;;;;;;;;
51.775634765625;-0.13037109375;0.2666015625;1.187744140625;;;;;;;;;;;;;;;
51.779022216796875;-0.49462890625;-0.145263671875;0.826904296875;;;;;;;;;;;;;;;
51.782379150390625;0.1572265625;0.257568359375;1.022216796875;;;;;;;;;;;;;;;
51.78570556640625;-0.148193359375;0.195068359375;1.02685546875;;;;;;;;;;;;;;;
51.789031982421875;0.2197265625;0.16015625;1.12451171875;;;;;;;;;;;;;;;
51.792388916015625;-0.237060546875;0.23193359375;1.06103515625;;;;;;;;;;;;;;;
51.795745849609375;0.076171875;-0.22900390625;0.773681640625;;;;;;;;;;;;;;;
51.799072265625;-0.092041015625;0.197265625;1.030517578125;;;;;;;;;;;;;;;
51.80242919921875;-0.324462890625;-0.110595703125;0.859375;;;;;;;;;;;;;;;
51.8057861328125;0.471923828125;0.15185546875;1.162109375;;;;;;;;;;;;;;;
51.809234619140625;-0.15478515625;0.121337890625;1.005859375;;;;;;;;;;;;;;;
51.812591552734375;0.20068359375;0.099365234375;0.965576171875;;;;;;;;;;;;;;;
51.81597900390625;-0.3046875;0.29541015625;0.950439453125;;;;;;;;;;;;;;;
51.819305419921875;-0.109130859375;0.0126953125;0.86865234375;;;;;;;;;;;;;;;
51.822662353515625;0.154052734375;0.315185546875;1.24462890625;;;;;;;;;;;;;;;
51.8260498046875;-0.22216796875;-0.3076171875;1.061279296875;;;;;;;;;;;;;;;
51.829437255859375;-0.0048828125;0.1259765625;1.0322265625;;;;;;;;;;;;;;;
51.832794189453125;-0.256103515625;0.0380859375;0.790283203125;;;;;;;;;;;;;;;
51.836212158203125;0.176513671875;0.37646484375;0.972412109375;;;;;;;;;;;;;;;
51.839599609375;-0.0625;0.1162109375;1.097900390625;;;;;;;;;;;;;;;
51.842987060546875;0.119384765625;-0.141845703125;1.1044921875;;;;;;;;;;;;;;;
51.8463134765625;-0.23779296875;0.22119140625;1.070068359375;;;;;;;;;;;;;;;
51.849761962890625;-0.348876953125;-0.206298828125;0.799072265625;;;;;;;;;;;;;;;
51.8531494140625;0.103515625;0.140380859375;1.1376953125;;;;;;;;;;;;;;;
51.856475830078125;0.001953125;-0.02294921875;1.051513671875;;;;;;;;;;;;;;;
51.85980224609375;0.18310546875;0.39453125;1.120849609375;;;;;;;;;;;;;;;
51.863189697265625;-0.29541015625;0.16357421875;0.87451171875;;;;;;;;;;;;;;;
51.86651611328125;-0.152587890625;0.05615234375;0.793701171875;;;;;;;;;;;;;;;
51.869903564453125;-0.071533203125;0.126708984375;1.10205078125;;;;;;;;;;;;;;;
51.873260498046875;-0.027587890625;-0.177001953125;1.079345703125;;;;;;;;;;;;;;;
51.87664794921875;-0.003173828125;0.12939453125;1.214111328125;;;;;;;;;;;;;;;
51.8800048828125;-0.144775390625;-0.062744140625;0.853271484375;;;;;;;;;;;;;;;
51.88330078125;0.047119140625;0.383544921875;0.967041015625;;;;;;;;;;;;;;;
51.886627197265625;-0.04931640625;0.160400390625;0.98779296875;;;;;;;;;;;;;;;
51.890106201171875;0.08544921875;0.039306640625;1.11962890625;;;;;;;;;;;;;;;
51.8934326171875;-0.158447265625;0.2265625;1.1494140625;;;;;;;;;;;;;;;
51.896820068359375;-0.166015625;-0.180908203125;0.8662109375;;;;;;;;;;;;;;;
51.90020751953125;-0.0322265625;0.2451171875;1.0361328125;;;;;;;;;;;;;;;
51.903564453125;-0.077880859375;0.09033203125;0.884765625;;;;;;;;;;;;;;;
51.906982421875;0.139892578125;0.303955078125;1.142578125;;;;;;;;;;;;;;;
51.91033935546875;-0.152587890625;0.1484375;0.996826171875;;;;;;;;;;;;;;;
51.913726806640625;0.0869140625;-0.078857421875;1.033203125;;;;;;;;;;;;;;;
51.91717529296875;-0.20751953125;0.1416015625;1.00439453125;;;;;;;;;;;;;;;
51.9205322265625;-0.10791015625;-0.07177734375;0.910888671875;;;;;;;;;;;;;;;
51.923980712890625;0.000244140625;0.131103515625;1.234619140625;;;;;;;;;;;;;;;
51.92742919921875;-0.12109375;-0.016357421875;1.0087890625;;;;;;;;;;;;;;;
51.930755615234375;0.095703125;0.22314453125;1.031982421875;;;;;;;;;;;;;;;
51.9342041015625;-0.249755859375;0.163330078125;0.872314453125;;;;;;;;;;;;;;;
51.9375;0.01953125;0.10546875;0.94287109375;;;;;;;;;;;;;;;
51.940887451171875;-0.056884765625;0.11328125;1.17041015625;;;;;;;;;;;;;;;
51.94427490234375;-0.00439453125;-0.197509765625;1.0751953125;;;;;;;;;;;;;;;
51.947662353515625;-0.007080078125;0.202392578125;1.08349609375;;;;;;;;;;;;;;;
51.9510498046875;-0.167236328125;0.163330078125;0.83349609375;;;;;;;;;;;;;;;
51.954498291015625;-0.07666015625;0.392578125;1.005615234375;;;;;;;;;;;;;;;
51.95782470703125;-0.08935546875;-0.012451171875;1.031005859375;;;;;;;;;;;;;;;
51.96124267578125;0.068603515625;-0.162353515625;1.134033203125;;;;;;;;;;;;;;;
51.96466064453125;-0.156982421875;0.104736328125;1.037841796875;;;;;;;;;;;;;;;
51.967987060546875;-0.17138671875;-0.02783203125;0.84423828125;;;;;;;;;;;;;;;
51.971405029296875;-0.023193359375;0.206787109375;1.112060546875;;;;;;;;;;;;;;;
51.974761962890625;-0.042236328125;-0.072509765625;1.040283203125;;;;;;;;;;;;;;;
51.97821044921875;0.057861328125;0.287353515625;1.18359375;;;;;;;;;;;;;;;
51.98162841796875;-0.278564453125;0.110107421875;0.829833984375;;;;;;;;;;;;;;;
51.985015869140625;0.12939453125;0.13623046875;0.818115234375;;;;;;;;;;;;;;;
51.988494873046875;-0.062744140625;0.12109375;1.0341796875;;;;;;;;;;;;;;;
51.991790771484375;-0.010498046875;-0.15234375;1.072509765625;;;;;;;;;;;;;;;
51.9951171875;-0.0244140625;0.083740234375;1.265380859375;;;;;;;;;;;;;;;
51.998504638671875;-0.208251953125;-0.169189453125;0.85693359375;;;;;;;;;;;;;;;
52.00189208984375;0.06787109375;0.271240234375;1.00634765625;;;;;;;;;;;;;;;
52.00537109375;-0.2626953125;0.131591796875;0.90771484375;;;;;;;;;;;;;;;
52.008758544921875;0.108642578125;0.23291015625;1.131103515625;;;;;;;;;;;;;;;
52.01214599609375;-0.1064453125;0.189453125;1.09814453125;;;;;;;;;;;;;;;
52.015472412109375;0.18115234375;-0.08984375;0.85693359375;;;;;;;;;;;;;;;
52.0189208984375;0.2236328125;0.123291015625;1.0693359375;;;;;;;;;;;;;;;
52.022216796875;-0.2119140625;0.10302734375;0.8720703125;;;;;;;;;;;;;;;
52.025604248046875;0.178955078125;0.183349609375;1.187744140625;;;;;;;;;;;;;;;
52.02911376953125;-0.31689453125;-0.1298828125;0.96923828125;;;;;;;;;;;;;;;
52.032440185546875;0.171875;-0.058837890625;1.065673828125;;;;;;;;;;;;;;;
52.03582763671875;-0.212646484375;0.106201171875;0.920654296875;;;;;;;;;;;;;;;
52.039215087890625;0.129150390625;0.2470703125;0.90869140625;;;;;;;;;;;;;;;
52.042572021484375;0.238525390625;0.188720703125;1.319580078125;;;;;;;;;;;;;;;
52.0460205078125;-0.14111328125;-0.076904296875;1.01416015625;;;;;;;;;;;;;;;
52.0494384765625;0.072509765625;0.133544921875;1.1044921875;;;;;;;;;;;;;;;
52.052886962890625;-0.26171875;0.068115234375;0.7197265625;;;;;;;;;;;;;;;
52.056243896484375;0.199951171875;0.263427734375;0.94482421875;;;;;;;;;;;;;;;
52.059661865234375;0.029541015625;0.0517578125;1.13818359375;;;;;;;;;;;;;;;
52.063140869140625;-0.1025390625;-0.137939453125;1.126708984375;;;;;;;;;;;;;;;
52.066558837890625;-0.032470703125;0.148681640625;1.096435546875;;;;;;;;;;;;;;;
52.0699462890625;-0.185302734375;0.092041015625;0.799560546875;;;;;;;;;;;;;;;
52.0733642578125;0.041259765625;0.445556640625;1.03564453125;;;;;;;;;;;;;;;
52.076751708984375;-0.100830078125;-0.092529296875;0.956298828125;;;;;;;;;;;;;;;
52.080108642578125;0.175048828125;0.00732421875;1.223876953125;;;;;;;;;;;;;;;
52.08343505859375;-0.322998046875;0.011474609375;0.903076171875;;;;;;;;;;;;;;;
52.08685302734375;-0.083251953125;0.034423828125;0.792724609375;;;;;;;;;;;;;;;
52.09033203125;0.17578125;0.158203125;1.087646484375;;;;;;;;;;;;;;;
52.09375;-0.09130859375;0.016357421875;0.993896484375;;;;;;;;;;;;;;;
52.09722900390625;0.1181640625;0.242431640625;1.262939453125;;;;;;;;;;;;;;;
52.10064697265625;-0.343505859375;0.126953125;0.8486328125;;;;;;;;;;;;;;;
52.103973388671875;0.083740234375;0.26171875;0.88134765625;;;;;;;;;;;;;;;
52.107391357421875;-0.2177734375;-0.0068359375;0.90673828125;;;;;;;;;;;;;;;
52.110748291015625;0.134765625;-0.23828125;1.104736328125;;;;;;;;;;;;;;;
52.11407470703125;0.106201171875;0.085205078125;1.243896484375;;;;;;;;;;;;;;;
52.117523193359375;-0.044921875;0.019287109375;0.9033203125;;;;;;;;;;;;;;;
52.120880126953125;-0.04150390625;0.423828125;1.03662109375;;;;;;;;;;;;;;;
52.124267578125;-0.207763671875;0.083984375;0.833251953125;;;;;;;;;;;;;;;
52.127685546875;0.148681640625;0.22607421875;1.138671875;;;;;;;;;;;;;;;
52.13104248046875;-0.1689453125;0.05517578125;1.020263671875;;;;;;;;;;;;;;;
52.134490966796875;0.197998046875;-0.087158203125;0.950439453125;;;;;;;;;;;;;;;
52.137908935546875;-0.068359375;0.121826171875;1.001708984375;;;;;;;;;;;;;;;
52.141357421875;-0.118408203125;0.05859375;0.8583984375;;;;;;;;;;;;;;;
52.144744873046875;-0.0205078125;0.233154296875;1.180908203125;;;;;;;;;;;;;;;
52.148162841796875;-0.14013671875;-0.283447265625;1.002685546875;;;;;;;;;;;;;;;
52.151519775390625;0.012939453125;0.197021484375;1.09912109375;;;;;;;;;;;;;;;
52.1549072265625;-0.244140625;-0.011962890625;0.849609375;;;;;;;;;;;;;;;
52.158233642578125;0.11962890625;0.277587890625;0.9345703125;;;;;;;;;;;;;;;
52.16162109375;0.01708984375;0.125244140625;1.124755859375;;;;;;;;;;;;;;;
52.165008544921875;0.044921875;-0.07177734375;1.04296875;;;;;;;;;;;;;;;
52.16839599609375;-0.079833984375;0.087890625;1.140869140625;;;;;;;;;;;;;;;
52.171844482421875;-0.21044921875;-0.01123046875;0.789306640625;;;;;;;;;;;;;;;
52.175262451171875;0.026611328125;0.377197265625;0.982421875;;;;;;;;;;;;;;;
52.178619384765625;-0.1630859375;-0.038818359375;1.011962890625;;;;;;;;;;;;;;;
52.18194580078125;0.192626953125;0.0009765625;1.207275390625;;;;;;;;;;;;;;;
52.185302734375;-0.05419921875;0.17626953125;1.12158203125;;;;;;;;;;;;;;;
52.188690185546875;-0.1015625;-0.03369140625;0.820556640625;;;;;;;;;;;;;;;
52.19207763671875;-0.12109375;0.337890625;1.026123046875;;;;;;;;;;;;;;;
52.195404052734375;-0.106689453125;-0.265380859375;0.935302734375;;;;;;;;;;;;;;;
52.19879150390625;0.0361328125;0.320068359375;1.197998046875;;;;;;;;;;;;;;;
52.202178955078125;-0.174072265625;0.005859375;0.9423828125;;;;;;;;;;;;;;;
52.205596923828125;0.103759765625;0.253173828125;0.87841796875;;;;;;;;;;;;;;;
52.208984375;-0.164306640625;0.235595703125;1.05224609375;;;;;;;;;;;;;;;
52.212432861328125;-0.16015625;-0.139892578125;1.005126953125;;;;;;;;;;;;;;;
52.21575927734375;-0.041015625;0.154296875;1.26123046875;;;;;;;;;;;;;;;
52.21917724609375;-0.0537109375;-0.072265625;0.88330078125;;;;;;;;;;;;;;;
52.222625732421875;-0.045166015625;0.447265625;1.039306640625;;;;;;;;;;;;;;;
52.226043701171875;-0.210693359375;-0.0322265625;0.88232421875;;;;;;;;;;;;;;;
52.2294921875;0.1728515625;0.047119140625;1.1494140625;;;;;;;;;;;;;;;
52.232879638671875;-0.296630859375;0.05322265625;1.200927734375;;;;;;;;;;;;;;;
52.236358642578125;-0.31640625;-0.06884765625;0.91259765625;;;;;;;;;;;;;;;
52.23980712890625;-0.090576171875;0.287353515625;1.033447265625;;;;;;;;;;;;;;;
52.243133544921875;-0.245361328125;-0.0615234375;0.797119140625;;;;;;;;;;;;;;;
52.246490478515625;0.060546875;0.375732421875;1.13134765625;;;;;;;;;;;;;;;
52.24981689453125;-0.143310546875;-0.065673828125;1.048095703125;;;;;;;;;;;;;;;
52.253173828125;0.159423828125;0.175537109375;1.012451171875;;;;;;;;;;;;;;;
52.256591796875;-0.146728515625;0.02587890625;1.042236328125;;;;;;;;;;;;;;;
52.25994873046875;-0.243408203125;0.01171875;0.863525390625;;;;;;;;;;;;;;;
52.263336181640625;-0.121826171875;0.159423828125;1.208251953125;;;;;;;;;;;;;;;
52.266754150390625;-0.074951171875;-0.26220703125;1.03271484375;;;;;;;;;;;;;;;
52.270050048828125;-0.158203125;0.372802734375;1.14501953125;;;;;;;;;;;;;;;
52.273468017578125;-0.370361328125;-0.060302734375;0.845947265625;;;;;;;;;;;;;;;
52.27685546875;0.120849609375;0.37255859375;0.98828125;;;;;;;;;;;;;;;
52.28021240234375;-0.392333984375;0.04541015625;1.035888671875;;;;;;;;;;;;;;;
52.283721923828125;0.287353515625;-0.12841796875;1.050048828125;;;;;;;;;;;;;;;
52.287109375;-0.119140625;0.05810546875;1.214599609375;;;;;;;;;;;;;;;
52.290557861328125;-0.395751953125;-0.222412109375;0.7265625;;;;;;;;;;;;;;;
52.293914794921875;0.16162109375;0.448974609375;0.95263671875;;;;;;;;;;;;;;;
52.297332763671875;-0.116455078125;-0.04248046875;0.932373046875;;;;;;;;;;;;;;;
52.300750732421875;0.34130859375;0.253173828125;1.293212890625;;;;;;;;;;;;;;;
52.304107666015625;-0.575439453125;0.000732421875;1.20361328125;;;;;;;;;;;;;;;
52.307403564453125;-0.33154296875;0.00732421875;0.861572265625;;;;;;;;;;;;;;;
52.310821533203125;-0.20068359375;0.149658203125;0.966796875;;;;;;;;;;;;;;;
52.314208984375;-0.063720703125;-0.269775390625;0.946533203125;;;;;;;;;;;;;;;
52.317626953125;-0.098388671875;0.231689453125;1.17138671875;;;;;;;;;;;;;;;
52.321014404296875;-0.06689453125;-0.0498046875;0.970703125;;;;;;;;;;;;;;;
52.324462890625;0.19140625;0.404541015625;1.006103515625;;;;;;;;;;;;;;;
52.327850341796875;-0.43505859375;0.0498046875;0.899658203125;;;;;;;;;;;;;;;
52.331268310546875;0.133056640625;0.000732421875;1.055419921875;;;;;;;;;;;;;;;
52.334564208984375;-0.11865234375;-0.132568359375;1.23046875;;;;;;;;;;;;;;;
52.33795166015625;-0.017333984375;-0.150146484375;1.009521484375;;;;;;;;;;;;;;;
52.341339111328125;-0.21923828125;0.25;0.967529296875;;;;;;;;;;;;;;;
52.3447265625;-0.26416015625;0.07666015625;0.7822265625;;;;;;;;;;;;;;;
52.348114013671875;0.19970703125;0.221923828125;1.210205078125;;;;;;;;;;;;;;;
52.3514404296875;-0.43896484375;0.203857421875;1.06298828125;;;;;;;;;;;;;;;
52.354827880859375;-0.195556640625;-0.088623046875;1.0390625;;;;;;;;;;;;;;;
52.35821533203125;-0.271484375;0.13134765625;0.953125;;;;;;;;;;;;;;;
52.361572265625;-0.014892578125;-0.1982421875;0.81201171875;;;;;;;;;;;;;;;
52.365020751953125;-0.011474609375;0.215087890625;1.087890625;;;;;;;;;;;;;;;
52.368377685546875;0.004638671875;-0.085693359375;1.03466796875;;;;;;;;;;;;;;;
52.371795654296875;0.035888671875;0.298095703125;1.24365234375;;;;;;;;;;;;;;;
52.375244140625;-0.210205078125;0.066162109375;0.965576171875;;;;;;;;;;;;;;;
52.378631591796875;-0.16552734375;0.099853515625;0.87841796875;;;;;;;;;;;;;;;
52.381988525390625;-0.005615234375;0.044189453125;1.126220703125;;;;;;;;;;;;;;;
52.385284423828125;0.078369140625;-0.239013671875;1.089599609375;;;;;;;;;;;;;;;
52.388641357421875;-0.068115234375;0.29345703125;1.12353515625;;;;;;;;;;;;;;;
52.39208984375;-0.124755859375;-0.12646484375;0.7734375;;;;;;;;;;;;;;;
52.395477294921875;0.211669921875;0.401611328125;1.036865234375;;;;;;;;;;;;;;;
52.39892578125;-0.24853515625;0.145751953125;1.017333984375;;;;;;;;;;;;;;;
52.402313232421875;0.030029296875;0.0517578125;1.0869140625;;;;;;;;;;;;;;;
52.405670166015625;-0.2138671875;-0.028076171875;1.126708984375;;;;;;;;;;;;;;;
52.4090576171875;-0.03564453125;-0.227294921875;0.872802734375;;;;;;;;;;;;;;;
52.412445068359375;-0.031005859375;0.27587890625;0.96337890625;;;;;;;;;;;;;;;
52.415863037109375;-0.118896484375;-0.14697265625;0.876708984375;;;;;;;;;;;;;;;
52.4193115234375;0.168701171875;0.172119140625;1.281005859375;;;;;;;;;;;;;;;
52.4227294921875;-0.164306640625;0.110107421875;1.074462890625;;;;;;;;;;;;;;;
52.426055908203125;-0.004150390625;0.125;0.917236328125;;;;;;;;;;;;;;;
52.429473876953125;-0.169677734375;0.17529296875;0.888916015625;;;;;;;;;;;;;;;
52.432861328125;0.05859375;-0.168212890625;0.942626953125;;;;;;;;;;;;;;;
52.436279296875;0.013671875;0.129150390625;1.190673828125;;;;;;;;;;;;;;;
52.439666748046875;-0.028564453125;-0.1142578125;0.99853515625;;;;;;;;;;;;;;;
52.443023681640625;-0.062255859375;0.3359375;1.026611328125;;;;;;;;;;;;;;;
52.44647216796875;-0.29345703125;0.0537109375;0.871826171875;;;;;;;;;;;;;;;
52.449859619140625;0.10205078125;0.038818359375;1.047119140625;;;;;;;;;;;;;;;
52.45318603515625;0.0380859375;-0.02880859375;1.187744140625;;;;;;;;;;;;;;;
52.456634521484375;0.0458984375;0.01123046875;1.04833984375;;;;;;;;;;;;;;;
52.460052490234375;-0.08251953125;0.328857421875;0.9736328125;;;;;;;;;;;;;;;
52.46337890625;-0.24169921875;-0.06982421875;0.74169921875;;;;;;;;;;;;;;;
52.466766357421875;0.14453125;0.319580078125;1.1748046875;;;;;;;;;;;;;;;
52.470123291015625;-0.205078125;0.095703125;1.0556640625;;;;;;;;;;;;;;;
52.473480224609375;0.004150390625;-0.02294921875;1.08544921875;;;;;;;;;;;;;;;
52.476898193359375;-0.206787109375;-0.011474609375;0.927978515625;;;;;;;;;;;;;;;
52.480194091796875;0.109619140625;-0.16015625;0.8330078125;;;;;;;;;;;;;;;
52.483612060546875;0.126708984375;0.3056640625;1.1025390625;;;;;;;;;;;;;;;
52.486968994140625;-0.072021484375;-0.092529296875;1.012451171875;;;;;;;;;;;;;;;
52.490325927734375;-0.034912109375;0.409912109375;1.23681640625;;;;;;;;;;;;;;;
52.493682861328125;-0.353759765625;-0.075439453125;0.88134765625;;;;;;;;;;;;;;;
52.49713134765625;0.14501953125;0.11181640625;0.945068359375;;;;;;;;;;;;;;;
52.50054931640625;-0.140869140625;0.091796875;0.923095703125;;;;;;;;;;;;;;;
52.503936767578125;0.10205078125;-0.08447265625;1.07861328125;;;;;;;;;;;;;;;
52.507293701171875;-0.1484375;0.322265625;1.1337890625;;;;;;;;;;;;;;;
52.51068115234375;-0.06103515625;-0.1953125;0.888427734375;;;;;;;;;;;;;;;
52.514068603515625;0.015380859375;0.31982421875;1.065673828125;;;;;;;;;;;;;;;
52.517486572265625;-0.43115234375;0.063720703125;0.845947265625;;;;;;;;;;;;;;;
52.520843505859375;0.595703125;0.051025390625;1.10986328125;;;;;;;;;;;;;;;
52.52423095703125;-0.2099609375;0.183837890625;1.081298828125;;;;;;;;;;;;;;;
52.527618408203125;0.184814453125;-0.111572265625;0.874755859375;;;;;;;;;;;;;;;
52.530975341796875;0.044921875;0.304443359375;1.00390625;;;;;;;;;;;;;;;
52.53436279296875;-0.25341796875;-0.19287109375;0.839111328125;;;;;;;;;;;;;;;
52.537750244140625;0.145263671875;0.251220703125;1.289306640625;;;;;;;;;;;;;;;
52.541107177734375;-0.385009765625;-0.123046875;1.129638671875;;;;;;;;;;;;;;;
52.54449462890625;-0.0224609375;0.225830078125;0.957275390625;;;;;;;;;;;;;;;
52.5479736328125;-0.286865234375;0.182373046875;0.826416015625;;;;;;;;;;;;;;;
52.5513916015625;0.1103515625;0.1435546875;0.954345703125;;;;;;;;;;;;;;;
52.554718017578125;-0.07470703125;0.0927734375;1.130126953125;;;;;;;;;;;;;;;
52.55804443359375;0.08740234375;-0.18896484375;1.087890625;;;;;;;;;;;;;;;
52.561431884765625;-0.185302734375;0.22412109375;1.106201171875;;;;;;;;;;;;;;;
52.564788818359375;-0.505126953125;-0.135009765625;0.74658203125;;;;;;;;;;;;;;;
52.56817626953125;0.413330078125;0.143798828125;1.131103515625;;;;;;;;;;;;;;;
52.571563720703125;-0.15234375;0.059326171875;1.130126953125;;;;;;;;;;;;;;;
52.574951171875;0.137939453125;0.2763671875;1.0947265625;;;;;;;;;;;;;;;
52.57830810546875;-0.28857421875;0.193115234375;0.93017578125;;;;;;;;;;;;;;;
52.5816650390625;0.1015625;-0.02783203125;0.72216796875;;;;;;;;;;;;;;;
52.585113525390625;0.122802734375;0.135986328125;1.139404296875;;;;;;;;;;;;;;;
52.5885009765625;-0.30615234375;-0.100830078125;0.988525390625;;;;;;;;;;;;;;;
52.5919189453125;0.3681640625;0.054443359375;1.1484375;;;;;;;;;;;;;;;
52.5953369140625;-0.256591796875;0.1083984375;0.8681640625;;;;;;;;;;;;;;;
52.598663330078125;0.152587890625;0.09326171875;0.88720703125;;;;;;;;;;;;;;;
52.602020263671875;-0.0869140625;0.18603515625;1.046630859375;;;;;;;;;;;;;;;
52.60546875;-0.105224609375;-0.054443359375;0.997802734375;;;;;;;;;;;;;;;
52.60882568359375;-0.005126953125;0.319091796875;1.216064453125;;;;;;;;;;;;;;;
52.61224365234375;-0.264892578125;-0.140625;0.947998046875;;;;;;;;;;;;;;;
52.615692138671875;0.064697265625;0.05419921875;0.996337890625;;;;;;;;;;;;;;;
52.619171142578125;-0.113525390625;0.04833984375;0.868896484375;;;;;;;;;;;;;;;
52.622589111328125;0.1611328125;0.1611328125;1.10791015625;;;;;;;;;;;;;;;
52.6259765625;-0.10791015625;0.2177734375;1.08984375;;;;;;;;;;;;;;;
52.62939453125;0.00830078125;-0.17724609375;0.9697265625;;;;;;;;;;;;;;;
52.63275146484375;-0.081298828125;0.271728515625;1.020263671875;;;;;;;;;;;;;;;
52.636077880859375;-0.31201171875;0.1279296875;0.92529296875;;;;;;;;;;;;;;;
52.63946533203125;0.11572265625;0.06298828125;1.240478515625;;;;;;;;;;;;;;;
52.64288330078125;-0.1552734375;-0.034423828125;1.041015625;;;;;;;;;;;;;;;
52.6463623046875;0.2138671875;-0.075439453125;0.983154296875;;;;;;;;;;;;;;;
52.6497802734375;-0.154296875;0.240478515625;0.817138671875;;;;;;;;;;;;;;;
52.653167724609375;-0.00439453125;0.032958984375;0.915283203125;;;;;;;;;;;;;;;
52.656585693359375;-0.08642578125;0.268310546875;1.205810546875;;;;;;;;;;;;;;;
52.659942626953125;-0.074951171875;-0.14990234375;1.06982421875;;;;;;;;;;;;;;;
52.66339111328125;0.088623046875;0.09326171875;1.078369140625;;;;;;;;;;;;;;;
52.666839599609375;-0.196044921875;0.070068359375;0.797119140625;;;;;;;;;;;;;;;
52.6702880859375;0.097412109375;0.34912109375;0.921142578125;;;;;;;;;;;;;;;
52.67364501953125;0.07470703125;0.076904296875;1.12158203125;;;;;;;;;;;;;;;
52.677032470703125;0.0390625;-0.1875;1.126220703125;;;;;;;;;;;;;;;
52.680419921875;-0.186767578125;0.135498046875;1.0986328125;;;;;;;;;;;;;;;
52.68389892578125;-0.30029296875;-0.1494140625;0.8154296875;;;;;;;;;;;;;;;
52.687255859375;0.13916015625;0.151123046875;1.116455078125;;;;;;;;;;;;;;;
52.69061279296875;-0.030029296875;0.0654296875;1.071533203125;;;;;;;;;;;;;;;
52.69415283203125;0.11962890625;0.366455078125;1.13134765625;;;;;;;;;;;;;;;
52.69744873046875;-0.16162109375;0.198974609375;0.911865234375;;;;;;;;;;;;;;;
52.700775146484375;0.017822265625;-0.040283203125;0.7763671875;;;;;;;;;;;;;;;
52.704254150390625;-0.025146484375;0.06396484375;1.09375;;;;;;;;;;;;;;;
52.70758056640625;-0.134765625;-0.17822265625;1.033935546875;;;;;;;;;;;;;;;
52.711029052734375;0.0283203125;0.033203125;1.261962890625;;;;;;;;;;;;;;;
52.714385986328125;-0.2490234375;0.071533203125;0.872802734375;;;;;;;;;;;;;;;
52.7177734375;0.144775390625;0.302490234375;0.960693359375;;;;;;;;;;;;;;;
52.721099853515625;-0.305419921875;0.2587890625;1.011962890625;;;;;;;;;;;;;;;
52.724578857421875;-0.08154296875;-0.05126953125;1.0390625;;;;;;;;;;;;;;;
52.727996826171875;-0.049560546875;0.164306640625;1.21142578125;;;;;;;;;;;;;;;
52.7314453125;-0.0673828125;-0.287353515625;0.919677734375;;;;;;;;;;;;;;;
52.734771728515625;0.139892578125;0.151123046875;1.05419921875;;;;;;;;;;;;;;;
52.738128662109375;-0.215087890625;0.191650390625;0.85400390625;;;;;;;;;;;;;;;
52.74151611328125;0.129150390625;0.2421875;1.11572265625;;;;;;;;;;;;;;;
52.744842529296875;-0.11962890625;0.0595703125;1.057373046875;;;;;;;;;;;;;;;
52.748260498046875;0.067138671875;-0.17138671875;1.03759765625;;;;;;;;;;;;;;;
52.751617431640625;-0.142333984375;0.1318359375;0.9892578125;;;;;;;;;;;;;;;
52.75494384765625;-0.10400390625;0.010498046875;0.8505859375;;;;;;;;;;;;;;;
52.75836181640625;0.260009765625;0.081787109375;1.298583984375;;;;;;;;;;;;;;;
52.761688232421875;-0.241455078125;0.02490234375;0.97705078125;;;;;;;;;;;;;;;
52.765106201171875;0.3681640625;0.22021484375;1.125732421875;;;;;;;;;;;;;;;
52.7685546875;-0.4091796875;0.1611328125;0.79443359375;;;;;;;;;;;;;;;
52.7718505859375;-0.150146484375;0.095458984375;0.852294921875;;;;;;;;;;;;;;;
52.775299072265625;0.00830078125;0.13671875;1.2001953125;;;;;;;;;;;;;;;
52.778656005859375;-0.0712890625;-0.17919921875;1.031982421875;;;;;;;;;;;;;;;
52.782135009765625;0.2958984375;0.1650390625;1.130126953125;;;;;;;;;;;;;;;
52.785491943359375;-0.20703125;0.191162109375;0.80322265625;;;;;;;;;;;;;;;
52.78887939453125;0.19775390625;0.386962890625;1.044921875;;;;;;;;;;;;;;;
52.792205810546875;0.19873046875;-0.0068359375;1.076904296875;;;;;;;;;;;;;;;
52.795654296875;0.009765625;-0.1708984375;1.172607421875;;;;;;;;;;;;;;;
52.799072265625;-0.263427734375;0.03857421875;0.996337890625;;;;;;;;;;;;;;;
52.8026123046875;-0.228515625;-0.01708984375;0.736328125;;;;;;;;;;;;;;;
52.80596923828125;0.406005859375;0.280517578125;1.17529296875;;;;;;;;;;;;;;;
52.80938720703125;-0.2421875;0.085205078125;0.99365234375;;;;;;;;;;;;;;;
52.81280517578125;0.150390625;0.316650390625;1.20654296875;;;;;;;;;;;;;;;
52.816192626953125;-0.311279296875;0.150634765625;0.86083984375;;;;;;;;;;;;;;;
52.81951904296875;0.313720703125;0.0595703125;0.779541015625;;;;;;;;;;;;;;;
52.822967529296875;0.149169921875;-0.069580078125;1.0546875;;;;;;;;;;;;;;;
52.826385498046875;-0.16748046875;-0.279541015625;0.922607421875;;;;;;;;;;;;;;;
52.8297119140625;0.3779296875;0.14501953125;1.294921875;;;;;;;;;;;;;;;
52.833099365234375;-0.232666015625;0.050537109375;0.88232421875;;;;;;;;;;;;;;;
52.836517333984375;0.140625;0.5048828125;1.002685546875;;;;;;;;;;;;;;;
52.8399658203125;-0.2373046875;0.155029296875;0.864501953125;;;;;;;;;;;;;;;
52.8433837890625;0.158447265625;0.1376953125;1.063232421875;;;;;;;;;;;;;;;
52.8468017578125;0.10205078125;0.032470703125;1.16796875;;;;;;;;;;;;;;;
52.85015869140625;-0.03369140625;-0.25830078125;0.947021484375;;;;;;;;;;;;;;;
52.853515625;0.105712890625;0.183349609375;1.0166015625;;;;;;;;;;;;;;;
52.856903076171875;-0.17724609375;0.192138671875;0.81884765625;;;;;;;;;;;;;;;
52.8602294921875;-0.05615234375;0.423828125;1.157958984375;;;;;;;;;;;;;;;
52.863555908203125;-0.279052734375;-0.109375;0.995849609375;;;;;;;;;;;;;;;
52.867034912109375;0.1455078125;0.029052734375;1.10498046875;;;;;;;;;;;;;;;
52.87042236328125;-0.2548828125;-0.012939453125;0.958740234375;;;;;;;;;;;;;;;
52.873779296875;-0.093505859375;0.06787109375;0.868896484375;;;;;;;;;;;;;;;
52.877166748046875;0.077392578125;-0.006103515625;1.17138671875;;;;;;;;;;;;;;;
52.88055419921875;0.015869140625;0.00244140625;1.020751953125;;;;;;;;;;;;;;;
52.884063720703125;0.044189453125;0.269287109375;1.14501953125;;;;;;;;;;;;;;;
52.887542724609375;-0.376220703125;0.1396484375;0.77685546875;;;;;;;;;;;;;;;
52.890899658203125;-0.066650390625;0.239990234375;0.9130859375;;;;;;;;;;;;;;;
52.89422607421875;-0.091796875;0.036376953125;1.067626953125;;;;;;;;;;;;;;;
52.897705078125;0.108642578125;-0.159423828125;1.163818359375;;;;;;;;;;;;;;;
52.901092529296875;-0.0947265625;0.135986328125;1.160888671875;;;;;;;;;;;;;;;
52.90447998046875;-0.12744140625;-0.084716796875;0.81103515625;;;;;;;;;;;;;;;
52.907958984375;-0.115966796875;0.450439453125;1.02880859375;;;;;;;;;;;;;;;
52.911376953125;-0.119140625;-0.082763671875;0.985107421875;;;;;;;;;;;;;;;
52.914825439453125;0.0458984375;0.271728515625;1.1669921875;;;;;;;;;;;;;;;
52.91815185546875;-0.208251953125;0.039794921875;0.991943359375;;;;;;;;;;;;;;;
52.9215087890625;-0.136474609375;0.072265625;0.84375;;;;;;;;;;;;;;;
52.924896240234375;-0.093505859375;0.25732421875;1.0439453125;;;;;;;;;;;;;;;
52.92828369140625;-0.042724609375;-0.03662109375;0.98681640625;;;;;;;;;;;;;;;
52.93170166015625;-0.015869140625;0.225341796875;1.228515625;;;;;;;;;;;;;;;
52.93511962890625;-0.1943359375;0.028076171875;0.900634765625;;;;;;;;;;;;;;;
52.938568115234375;-0.000244140625;0.16357421875;0.96826171875;;;;;;;;;;;;;;;
52.94195556640625;-0.15673828125;0.0859375;0.9365234375;;;;;;;;;;;;;;;
52.94537353515625;0.035400390625;-0.141845703125;1.05078125;;;;;;;;;;;;;;;
52.948760986328125;0.00048828125;0.170166015625;1.22314453125;;;;;;;;;;;;;;;
52.952178955078125;-0.11083984375;-0.087158203125;0.9423828125;;;;;;;;;;;;;;;
52.95556640625;-0.044921875;0.35400390625;1.04052734375;;;;;;;;;;;;;;;
52.959014892578125;-0.259033203125;0.05126953125;0.808837890625;;;;;;;;;;;;;;;
52.96246337890625;0.132080078125;0.27685546875;1.088623046875;;;;;;;;;;;;;;;
52.96575927734375;-0.02880859375;0.001220703125;1.107421875;;;;;;;;;;;;;;;
52.969207763671875;-0.013671875;-0.0107421875;0.9951171875;;;;;;;;;;;;;;;
52.972625732421875;-0.1455078125;0.169677734375;1.025146484375;;;;;;;;;;;;;;;
52.97601318359375;-0.174560546875;0.088134765625;0.845458984375;;;;;;;;;;;;;;;
52.979339599609375;-0.05810546875;0.269287109375;1.15771484375;;;;;;;;;;;;;;;
52.982666015625;-0.12890625;-0.216796875;0.991455078125;;;;;;;;;;;;;;;
52.986053466796875;0.04931640625;0.113525390625;1.134033203125;;;;;;;;;;;;;;;
52.989410400390625;-0.145751953125;0.03271484375;0.88232421875;;;;;;;;;;;;;;;
52.9927978515625;0.134033203125;0.2607421875;0.91943359375;;;;;;;;;;;;;;;
52.996246337890625;-0.00927734375;0.127685546875;1.15966796875;;;;;;;;;;;;;;;
52.999542236328125;-0.147705078125;-0.1591796875;1.046630859375;;;;;;;;;;;;;;;
53.002899169921875;-0.091552734375;0.187744140625;1.202392578125;;;;;;;;;;;;;;;
53.006317138671875;-0.291748046875;0.0283203125;0.76171875;;;;;;;;;;;;;;;
53.009674072265625;0.06005859375;0.425048828125;0.95458984375;;;;;;;;;;;;;;;
53.01312255859375;-0.06201171875;0.00244140625;1.05908203125;;;;;;;;;;;;;;;
53.0164794921875;-0.04833984375;0.000244140625;1.1630859375;;;;;;;;;;;;;;;
53.019927978515625;-0.076171875;0.105224609375;1.178466796875;;;;;;;;;;;;;;;
53.023345947265625;-0.179931640625;-0.093994140625;0.8173828125;;;;;;;;;;;;;;;
53.0267333984375;-0.044921875;0.325927734375;1.01025390625;;;;;;;;;;;;;;;
53.030059814453125;-0.033447265625;-0.22119140625;0.907958984375;;;;;;;;;;;;;;;
53.033477783203125;0.10400390625;0.3330078125;1.211669921875;;;;;;;;;;;;;;;
53.036895751953125;-0.161376953125;0.0732421875;0.955322265625;;;;;;;;;;;;;;;
53.040283203125;0.150390625;0.28076171875;0.872802734375;;;;;;;;;;;;;;;
53.04364013671875;0.06201171875;0.141845703125;1.060791015625;;;;;;;;;;;;;;;
53.046966552734375;-0.316650390625;-0.01904296875;0.93896484375;;;;;;;;;;;;;;;
53.05035400390625;-0.047119140625;-0.009765625;1.254150390625;;;;;;;;;;;;;;;
53.05364990234375;-0.229248046875;-0.354736328125;0.902099609375;;;;;;;;;;;;;;;
53.05694580078125;0.215087890625;0.22900390625;1.039306640625;;;;;;;;;;;;;;;
53.060333251953125;-0.061767578125;0.10205078125;0.880859375;;;;;;;;;;;;;;;
53.063690185546875;0.104248046875;0.468017578125;1.05810546875;;;;;;;;;;;;;;;
53.067108154296875;0.01806640625;0.203369140625;1.244384765625;;;;;;;;;;;;;;;
53.070526123046875;-0.19384765625;-0.06640625;0.96875;;;;;;;;;;;;;;;
53.07391357421875;-0.12890625;0.31884765625;1.034423828125;;;;;;;;;;;;;;;
53.077301025390625;-0.109619140625;-0.120849609375;0.79345703125;;;;;;;;;;;;;;;
53.080718994140625;0.139892578125;0.3046875;1.116943359375;;;;;;;;;;;;;;;
53.084014892578125;-0.10595703125;-0.027587890625;1.028076171875;;;;;;;;;;;;;;;
53.08740234375;0.096435546875;0.1396484375;1.18994140625;;;;;;;;;;;;;;;
53.09088134765625;0.016357421875;0.173828125;1.013427734375;;;;;;;;;;;;;;;
53.0943603515625;-0.154296875;0.12841796875;0.83056640625;;;;;;;;;;;;;;;
53.097747802734375;-0.09130859375;0.2080078125;1.086181640625;;;;;;;;;;;;;;;
53.101165771484375;-0.141357421875;-0.4091796875;1.011474609375;;;;;;;;;;;;;;;
53.104522705078125;-0.010009765625;0.26220703125;1.152099609375;;;;;;;;;;;;;;;
53.10784912109375;-0.189208984375;-0.087890625;0.817626953125;;;;;;;;;;;;;;;
53.111297607421875;0.1875;0.364013671875;0.933349609375;;;;;;;;;;;;;;;
53.114776611328125;-0.023193359375;0.161376953125;1.072998046875;;;;;;;;;;;;;;;
53.11810302734375;-0.024658203125;0.0078125;1.056396484375;;;;;;;;;;;;;;;
53.1214599609375;-0.17236328125;0.040771484375;1.205810546875;;;;;;;;;;;;;;;
53.124786376953125;-0.17822265625;-0.160400390625;0.819580078125;;;;;;;;;;;;;;;
53.128173828125;-0.044921875;0.35498046875;0.9482421875;;;;;;;;;;;;;;;
53.131591796875;-0.161376953125;-0.080322265625;0.892822265625;;;;;;;;;;;;;;;
53.134979248046875;0.208251953125;0.066650390625;1.240478515625;;;;;;;;;;;;;;;
53.1383056640625;-0.173828125;0.164306640625;1.158203125;;;;;;;;;;;;;;;
53.1417236328125;-0.09521484375;-0.000244140625;0.870849609375;;;;;;;;;;;;;;;
53.14508056640625;-0.125244140625;0.25634765625;0.966552734375;;;;;;;;;;;;;;;
53.148468017578125;0.025146484375;-0.313720703125;0.894775390625;;;;;;;;;;;;;;;
53.15179443359375;0.080078125;0.255859375;1.191650390625;;;;;;;;;;;;;;;
53.155120849609375;-0.0908203125;0.02587890625;0.974609375;;;;;;;;;;;;;;;
53.158538818359375;0.069091796875;0.343505859375;0.929443359375;;;;;;;;;;;;;;;
53.16192626953125;-0.179443359375;0.078857421875;0.9443359375;;;;;;;;;;;;;;;
53.165252685546875;-0.012451171875;-0.061279296875;0.97802734375;;;;;;;;;;;;;;;
53.16864013671875;0.018310546875;-0.00927734375;1.227783203125;;;;;;;;;;;;;;;
53.1719970703125;0.020263671875;-0.28662109375;1.02099609375;;;;;;;;;;;;;;;
53.17535400390625;-0.077392578125;0.332275390625;1.017333984375;;;;;;;;;;;;;;;
53.17877197265625;-0.194091796875;0.06982421875;0.7734375;;;;;;;;;;;;;;;
53.182159423828125;0.193359375;0.447265625;1.12744140625;;;;;;;;;;;;;;;
53.18560791015625;-0.207275390625;0.20166015625;1.12890625;;;;;;;;;;;;;;;
53.188934326171875;0.0595703125;-0.175048828125;1.03271484375;;;;;;;;;;;;;;;
53.19232177734375;-0.1611328125;0.02197265625;1.01806640625;;;;;;;;;;;;;;;
53.195770263671875;-0.031005859375;-0.257080078125;0.8095703125;;;;;;;;;;;;;;;
53.199249267578125;0.087158203125;0.416748046875;1.095458984375;;;;;;;;;;;;;;;
53.2027587890625;-0.11962890625;-0.1630859375;1.004638671875;;;;;;;;;;;;;;;
53.206146240234375;0.032958984375;0.37060546875;1.2724609375;;;;;;;;;;;;;;;
53.209625244140625;-0.222900390625;0.068359375;0.98974609375;;;;;;;;;;;;;;;
53.213043212890625;-0.099365234375;0.041259765625;0.8779296875;;;;;;;;;;;;;;;
53.2164306640625;-0.176025390625;0.175048828125;0.968994140625;;;;;;;;;;;;;;;
53.219757080078125;-0.00048828125;-0.405029296875;1.00048828125;;;;;;;;;;;;;;;
53.223175048828125;-0.13134765625;0.341552734375;1.1572265625;;;;;;;;;;;;;;;
53.226531982421875;-0.1279296875;-0.10107421875;0.884765625;;;;;;;;;;;;;;;
53.229949951171875;0.101806640625;0.457763671875;1.033935546875;;;;;;;;;;;;;;;
53.2333984375;-0.624755859375;0.200439453125;0.897216796875;;;;;;;;;;;;;;;
53.23675537109375;0.45556640625;-0.142822265625;1.194580078125;;;;;;;;;;;;;;;
53.240264892578125;-0.181884765625;0.13232421875;1.21044921875;;;;;;;;;;;;;;;
53.243682861328125;-0.072021484375;-0.349365234375;0.8037109375;;;;;;;;;;;;;;;
53.247100830078125;0.074951171875;0.481201171875;0.965087890625;;;;;;;;;;;;;;;
53.250457763671875;-0.33837890625;-0.080810546875;0.87109375;;;;;;;;;;;;;;;
53.253814697265625;0.266845703125;0.2958984375;1.29443359375;;;;;;;;;;;;;;;
53.257171630859375;-0.600830078125;-0.06787109375;1.257080078125;;;;;;;;;;;;;;;
53.26055908203125;-0.232666015625;0.022705078125;0.873779296875;;;;;;;;;;;;;;;
53.263946533203125;-0.240234375;0.1962890625;0.940673828125;;;;;;;;;;;;;;;
53.267333984375;-0.02685546875;-0.1484375;0.836669921875;;;;;;;;;;;;;;;
53.270721435546875;0.041015625;0.308837890625;1.163818359375;;;;;;;;;;;;;;;
53.274078369140625;0.03662109375;-0.049072265625;1.0361328125;;;;;;;;;;;;;;;
53.27740478515625;-0.0234375;0.295654296875;1.064453125;;;;;;;;;;;;;;;
53.28076171875;-0.657470703125;-0.135498046875;0.86181640625;;;;;;;;;;;;;;;
53.284088134765625;0.251953125;-0.0087890625;0.995361328125;;;;;;;;;;;;;;;
53.2874755859375;-0.1748046875;0.061279296875;1.21435546875;;;;;;;;;;;;;;;
53.290802001953125;-0.073486328125;0.010009765625;1.0576171875;;;;;;;;;;;;;;;
53.294097900390625;-0.232666015625;0.388427734375;0.993896484375;;;;;;;;;;;;;;;
53.297454833984375;-0.024169921875;-0.052734375;0.716796875;;;;;;;;;;;;;;;
53.300811767578125;0.264404296875;0.2470703125;1.1796875;;;;;;;;;;;;;;;
53.304229736328125;-0.498046875;-0.03564453125;0.960205078125;;;;;;;;;;;;;;;
53.30755615234375;0.646240234375;-0.07373046875;1.08056640625;;;;;;;;;;;;;;;
53.310943603515625;-0.240478515625;0.07421875;0.99560546875;;;;;;;;;;;;;;;
53.314300537109375;0.06591796875;-0.201904296875;0.7470703125;;;;;;;;;;;;;;;
53.317626953125;0.30029296875;0.346435546875;1.081787109375;;;;;;;;;;;;;;;
53.321014404296875;-0.0224609375;-0.113037109375;0.974609375;;;;;;;;;;;;;;;
53.324432373046875;0.06884765625;0.427001953125;1.313232421875;;;;;;;;;;;;;;;
53.327911376953125;-0.604736328125;-0.19189453125;1.014404296875;;;;;;;;;;;;;;;
53.331329345703125;-0.105224609375;0.10400390625;0.8857421875;;;;;;;;;;;;;;;
53.334747314453125;-0.09814453125;-0.022216796875;0.89013671875;;;;;;;;;;;;;;;
53.338134765625;0.12744140625;-0.062744140625;1.076171875;;;;;;;;;;;;;;;
53.341552734375;-0.143798828125;0.26123046875;1.143310546875;;;;;;;;;;;;;;;
53.3448486328125;-0.058837890625;-0.0966796875;0.92333984375;;;;;;;;;;;;;;;
53.34820556640625;0.05078125;0.317626953125;1.06884765625;;;;;;;;;;;;;;;
53.35162353515625;-0.452392578125;-0.124755859375;0.861328125;;;;;;;;;;;;;;;
53.355010986328125;0.375732421875;-0.080078125;1.230224609375;;;;;;;;;;;;;;;
53.35833740234375;-0.182373046875;-0.0458984375;1.0791015625;;;;;;;;;;;;;;;
53.36181640625;0.185302734375;0.22802734375;0.96533203125;;;;;;;;;;;;;;;
53.365142822265625;-0.080322265625;0.26611328125;0.899169921875;;;;;;;;;;;;;;;
53.368499755859375;-0.143310546875;0.0068359375;0.84326171875;;;;;;;;;;;;;;;
53.37188720703125;0.08837890625;0.315185546875;1.26513671875;;;;;;;;;;;;;;;
53.37530517578125;-0.32080078125;0.0029296875;1.091552734375;;;;;;;;;;;;;;;
53.37872314453125;-0.0986328125;0.004150390625;0.984130859375;;;;;;;;;;;;;;;
53.382080078125;-0.128662109375;0.045654296875;0.849609375;;;;;;;;;;;;;;;
53.385406494140625;0.1552734375;0.059326171875;0.908447265625;;;;;;;;;;;;;;;
53.3887939453125;0.104248046875;0.20849609375;1.13720703125;;;;;;;;;;;;;;;
53.3922119140625;0.054443359375;-0.125732421875;1.089599609375;;;;;;;;;;;;;;;
53.39556884765625;-0.204345703125;0.239501953125;1.124267578125;;;;;;;;;;;;;;;
53.39898681640625;-0.3671875;-0.115966796875;0.835205078125;;;;;;;;;;;;;;;
53.4024658203125;0.2490234375;0.115234375;1.077880859375;;;;;;;;;;;;;;;
53.405914306640625;-0.04541015625;0.044189453125;1.1796875;;;;;;;;;;;;;;;
53.409210205078125;0.044677734375;0.140625;1.083740234375;;;;;;;;;;;;;;;
53.41265869140625;-0.152099609375;0.302490234375;1.01904296875;;;;;;;;;;;;;;;
53.4161376953125;-0.037353515625;-0.1923828125;0.725830078125;;;;;;;;;;;;;;;
53.4195556640625;0.080810546875;0.230224609375;1.130126953125;;;;;;;;;;;;;;;
53.4229736328125;-0.314453125;-0.069580078125;1.03955078125;;;;;;;;;;;;;;;
53.4263916015625;0.119873046875;0.108154296875;1.151611328125;;;;;;;;;;;;;;;
53.429718017578125;-0.22998046875;0.0361328125;0.934814453125;;;;;;;;;;;;;;;
53.43310546875;0.2578125;0.0263671875;0.91064453125;;;;;;;;;;;;;;;
53.4365234375;-0.095703125;0.335205078125;1.0244140625;;;;;;;;;;;;;;;
53.43988037109375;-0.06591796875;-0.239013671875;0.9921875;;;;;;;;;;;;;;;
53.44329833984375;-0.0107421875;0.258056640625;1.266357421875;;;;;;;;;;;;;;;
53.446685791015625;-0.1845703125;-0.247802734375;0.931884765625;;;;;;;;;;;;;;;
53.45001220703125;0.210693359375;0.163330078125;0.98046875;;;;;;;;;;;;;;;
53.453460693359375;-0.15869140625;0.13134765625;0.83544921875;;;;;;;;;;;;;;;
53.456817626953125;0.187255859375;0.18310546875;1.047119140625;;;;;;;;;;;;;;;
53.460235595703125;0.03369140625;0.18505859375;1.149169921875;;;;;;;;;;;;;;;
53.463592529296875;-0.01025390625;-0.213134765625;0.98388671875;;;;;;;;;;;;;;;
53.4669189453125;-0.0830078125;0.164306640625;1.041015625;;;;;;;;;;;;;;;
53.470367431640625;-0.35791015625;-0.14501953125;0.858642578125;;;;;;;;;;;;;;;
53.4737548828125;0.327880859375;-0.05224609375;1.24951171875;;;;;;;;;;;;;;;
53.477142333984375;-0.1396484375;0.065673828125;1.054931640625;;;;;;;;;;;;;;;
53.480560302734375;0.24951171875;0.344970703125;1.0224609375;;;;;;;;;;;;;;;
53.48388671875;-0.134765625;0.35400390625;0.843505859375;;;;;;;;;;;;;;;
53.4873046875;-0.193115234375;-0.0537109375;0.798095703125;;;;;;;;;;;;;;;
53.490692138671875;0.179443359375;0.053955078125;1.231201171875;;;;;;;;;;;;;;;
53.494049072265625;-0.0908203125;-0.1513671875;1.0712890625;;;;;;;;;;;;;;;
53.497406005859375;0.302978515625;0.06982421875;1.117431640625;;;;;;;;;;;;;;;
53.50079345703125;-0.255126953125;0.03271484375;0.79736328125;;;;;;;;;;;;;;;
53.504119873046875;0.13818359375;0.217529296875;0.9609375;;;;;;;;;;;;;;;
53.507598876953125;0.122314453125;0.170166015625;1.11962890625;;;;;;;;;;;;;;;
53.511077880859375;0.013671875;-0.272216796875;1.11181640625;;;;;;;;;;;;;;;
53.514434814453125;-0.164794921875;0.1982421875;1.079345703125;;;;;;;;;;;;;;;
53.517822265625;-0.41357421875;-0.156982421875;0.725341796875;;;;;;;;;;;;;;;
53.521270751953125;0.5;0.22802734375;1.137939453125;;;;;;;;;;;;;;;
53.524749755859375;-0.185302734375;0.147216796875;0.942138671875;;;;;;;;;;;;;;;
53.528106689453125;0.1884765625;0.23828125;1.15771484375;;;;;;;;;;;;;;;
53.53143310546875;-0.2177734375;0.2197265625;0.95166015625;;;;;;;;;;;;;;;
53.53485107421875;0.22998046875;-0.16015625;0.899658203125;;;;;;;;;;;;;;;
53.5382080078125;0.165283203125;0.110595703125;1.106201171875;;;;;;;;;;;;;;;
53.541595458984375;-0.175537109375;-0.175048828125;0.895751953125;;;;;;;;;;;;;;;
53.544952392578125;0.4814453125;0.18115234375;1.2626953125;;;;;;;;;;;;;;;
53.548370361328125;-0.3759765625;0.100830078125;0.871337890625;;;;;;;;;;;;;;;
53.5517578125;0.29638671875;0.287841796875;0.939453125;;;;;;;;;;;;;;;
53.555084228515625;-0.12890625;0.204833984375;0.962890625;;;;;;;;;;;;;;;
53.5584716796875;0.004638671875;-0.09033203125;0.964599609375;;;;;;;;;;;;;;;
53.561859130859375;0.120361328125;0.0947265625;1.255126953125;;;;;;;;;;;;;;;
53.565277099609375;-0.1806640625;-0.28759765625;0.9228515625;;;;;;;;;;;;;;;
53.568695068359375;0.29052734375;0.302001953125;1.015380859375;;;;;;;;;;;;;;;
53.572113037109375;-0.211669921875;0.2646484375;0.802001953125;;;;;;;;;;;;;;;
53.57550048828125;0.082763671875;0.39990234375;1.107666015625;;;;;;;;;;;;;;;
53.578857421875;-0.192626953125;-0.04541015625;1.040283203125;;;;;;;;;;;;;;;
53.582305908203125;0.146240234375;-0.194580078125;1.099853515625;;;;;;;;;;;;;;;
53.58575439453125;-0.18505859375;0.019775390625;1.005126953125;;;;;;;;;;;;;;;
53.589111328125;-0.19775390625;0.003173828125;0.7666015625;;;;;;;;;;;;;;;
53.592529296875;0.49365234375;0.11474609375;1.281494140625;;;;;;;;;;;;;;;
53.59588623046875;-0.126708984375;0.053466796875;1.0107421875;;;;;;;;;;;;;;;
53.599273681640625;0.2060546875;0.389892578125;1.11865234375;;;;;;;;;;;;;;;
53.602752685546875;-0.3681640625;0.16357421875;0.750732421875;;;;;;;;;;;;;;;
53.60614013671875;0.20068359375;0.157470703125;0.814697265625;;;;;;;;;;;;;;;
53.609527587890625;0.04833984375;-0.0087890625;1.157958984375;;;;;;;;;;;;;;;
53.6129150390625;-0.170654296875;-0.1669921875;1.0751953125;;;;;;;;;;;;;;;
53.616302490234375;-0.00634765625;0.0791015625;1.169189453125;;;;;;;;;;;;;;;
53.61962890625;-0.25244140625;-0.06982421875;0.77490234375;;;;;;;;;;;;;;;
53.62298583984375;0.148681640625;0.42578125;0.986572265625;;;;;;;;;;;;;;;
53.62640380859375;0.009765625;0.068115234375;1.03466796875;;;;;;;;;;;;;;;
53.629791259765625;0.104248046875;0.1552734375;1.1591796875;;;;;;;;;;;;;;;
53.63323974609375;-0.267822265625;0.1171875;1.052001953125;;;;;;;;;;;;;;;
53.636627197265625;-0.298095703125;-0.096923828125;0.80908203125;;;;;;;;;;;;;;;
53.63995361328125;0.051513671875;0.206787109375;1.097412109375;;;;;;;;;;;;;;;
53.643310546875;-0.2119140625;0.02880859375;0.917236328125;;;;;;;;;;;;;;;
53.646697998046875;0.052734375;0.321044921875;1.175048828125;;;;;;;;;;;;;;;
53.6500244140625;-0.236328125;0.144775390625;0.9697265625;;;;;;;;;;;;;;;
53.65350341796875;0.076904296875;-0.036376953125;0.936767578125;;;;;;;;;;;;;;;
53.656890869140625;-0.072265625;0.093017578125;1.00439453125;;;;;;;;;;;;;;;
53.660247802734375;-0.141845703125;-0.16259765625;0.968994140625;;;;;;;;;;;;;;;
53.66363525390625;0.167724609375;0.142822265625;1.27685546875;;;;;;;;;;;;;;;
53.666961669921875;-0.147705078125;-0.0615234375;0.93994140625;;;;;;;;;;;;;;;
53.67041015625;0.102783203125;0.384033203125;1.026123046875;;;;;;;;;;;;;;;
53.6737060546875;-0.322021484375;0.167724609375;0.743896484375;;;;;;;;;;;;;;;
53.677032470703125;0.054443359375;0.094482421875;1.032958984375;;;;;;;;;;;;;;;
53.68048095703125;0.010986328125;0.019775390625;1.175048828125;;;;;;;;;;;;;;;
53.683837890625;-0.010498046875;-0.209716796875;0.945068359375;;;;;;;;;;;;;;;
53.687255859375;0.189453125;0.228759765625;1.08544921875;;;;;;;;;;;;;;;
53.690673828125;-0.234130859375;0.19482421875;0.821533203125;;;;;;;;;;;;;;;
53.694061279296875;-0.02880859375;0.460205078125;1.11279296875;;;;;;;;;;;;;;;
53.69744873046875;-0.052490234375;-0.174072265625;1.010498046875;;;;;;;;;;;;;;;
53.700775146484375;0.026123046875;-0.082763671875;1.139892578125;;;;;;;;;;;;;;;
53.704254150390625;-0.18408203125;-0.0498046875;0.96484375;;;;;;;;;;;;;;;
53.70770263671875;0.032958984375;0.149169921875;0.8203125;;;;;;;;;;;;;;;
53.711090087890625;0.06298828125;0.12939453125;1.239990234375;;;;;;;;;;;;;;;
53.71441650390625;-0.180908203125;-0.023193359375;0.9921875;;;;;;;;;;;;;;;
53.717803955078125;0.11083984375;0.278564453125;1.2119140625;;;;;;;;;;;;;;;
53.72113037109375;-0.417236328125;0.079345703125;0.767578125;;;;;;;;;;;;;;;
53.724609375;0.0126953125;0.248291015625;0.85595703125;;;;;;;;;;;;;;;
53.727996826171875;0.0390625;0.009521484375;1.1142578125;;;;;;;;;;;;;;;
53.7313232421875;-0.0595703125;-0.11474609375;1.0615234375;;;;;;;;;;;;;;;
53.73480224609375;0.0830078125;0.137939453125;1.24169921875;;;;;;;;;;;;;;;
53.738128662109375;-0.2265625;-0.150390625;0.835693359375;;;;;;;;;;;;;;;
53.741546630859375;0.034912109375;0.401611328125;1.005615234375;;;;;;;;;;;;;;;
53.7449951171875;-0.239013671875;-0.05712890625;0.969970703125;;;;;;;;;;;;;;;
53.748321533203125;0.018798828125;0.312255859375;1.203125;;;;;;;;;;;;;;;
53.75177001953125;-0.15380859375;0.090576171875;1.024658203125;;;;;;;;;;;;;;;
53.755157470703125;0.21875;0.070556640625;0.79296875;;;;;;;;;;;;;;;
53.758514404296875;0.16015625;0.1943359375;1.137939453125;;;;;;;;;;;;;;;
53.761932373046875;-0.338623046875;0.061279296875;0.915283203125;;;;;;;;;;;;;;;
53.76531982421875;0.049072265625;0.139892578125;1.232666015625;;;;;;;;;;;;;;;
53.7686767578125;-0.206298828125;-0.305419921875;0.92529296875;;;;;;;;;;;;;;;
53.772064208984375;0.18408203125;0.11767578125;1.060791015625;;;;;;;;;;;;;;;
53.775543212890625;0.026611328125;0.094970703125;0.983154296875;;;;;;;;;;;;;;;
53.77899169921875;-0.107421875;0.3203125;0.958251953125;;;;;;;;;;;;;;;
53.7823486328125;0.04248046875;0.246337890625;1.294677734375;;;;;;;;;;;;;;;
53.785797119140625;-0.2919921875;-0.1162109375;0.944091796875;;;;;;;;;;;;;;;
53.789215087890625;0.086669921875;0.43359375;1.072265625;;;;;;;;;;;;;;;
53.792572021484375;-0.2294921875;-0.059326171875;0.766845703125;;;;;;;;;;;;;;;
53.795989990234375;0.138916015625;0.31396484375;1.056396484375;;;;;;;;;;;;;;;
53.799407958984375;-0.02783203125;-0.049560546875;1.13525390625;;;;;;;;;;;;;;;
53.802764892578125;0.01318359375;-0.028076171875;1.13134765625;;;;;;;;;;;;;;;
53.806121826171875;0.002197265625;0.22021484375;1.032470703125;;;;;;;;;;;;;;;
53.809600830078125;-0.14599609375;0.156005859375;0.849365234375;;;;;;;;;;;;;;;
53.813018798828125;-0.15673828125;0.353759765625;1.09228515625;;;;;;;;;;;;;;;
53.816436767578125;-0.13525390625;-0.317626953125;0.9921875;;;;;;;;;;;;;;;
53.819854736328125;-0.02783203125;0.16259765625;1.144775390625;;;;;;;;;;;;;;;
53.823211669921875;-0.175537109375;-0.055419921875;0.90380859375;;;;;;;;;;;;;;;
53.826629638671875;0.153564453125;0.253662109375;0.856201171875;;;;;;;;;;;;;;;
53.8299560546875;0.076904296875;0.177978515625;1.160888671875;;;;;;;;;;;;;;;
53.83331298828125;-0.17431640625;-0.0869140625;1.046142578125;;;;;;;;;;;;;;;
53.836700439453125;-0.14306640625;0.193603515625;1.219482421875;;;;;;;;;;;;;;;
53.840057373046875;-0.29296875;-0.046875;0.79931640625;;;;;;;;;;;;;;;
53.843475341796875;-0.0009765625;0.41357421875;0.909423828125;;;;;;;;;;;;;;;
53.8468017578125;-0.122314453125;-0.03173828125;0.95947265625;;;;;;;;;;;;;;;
53.8502197265625;0.135986328125;-0.089111328125;1.166748046875;;;;;;;;;;;;;;;
53.853607177734375;-0.052978515625;0.078369140625;1.2177734375;;;;;;;;;;;;;;;
53.856964111328125;-0.096923828125;-0.00537109375;0.837890625;;;;;;;;;;;;;;;
53.860321044921875;-0.09033203125;0.478759765625;0.996337890625;;;;;;;;;;;;;;;
53.8636474609375;-0.13818359375;-0.1201171875;0.90283203125;;;;;;;;;;;;;;;
53.866973876953125;0.02392578125;0.25634765625;1.177490234375;;;;;;;;;;;;;;;
53.87042236328125;-0.193359375;0.010498046875;0.99169921875;;;;;;;;;;;;;;;
53.87384033203125;0.21044921875;0.106689453125;0.872314453125;;;;;;;;;;;;;;;
53.877166748046875;-0.06787109375;0.1435546875;0.99560546875;;;;;;;;;;;;;;;
53.880523681640625;-0.10498046875;-0.02783203125;0.915771484375;;;;;;;;;;;;;;;
53.883880615234375;-0.046142578125;0.168212890625;1.22900390625;;;;;;;;;;;;;;;
53.88720703125;-0.11669921875;-0.335693359375;0.98583984375;;;;;;;;;;;;;;;
53.89056396484375;-0.02880859375;0.304931640625;1.034423828125;;;;;;;;;;;;;;;
53.893951416015625;-0.2314453125;0.047607421875;0.83935546875;;;;;;;;;;;;;;;
53.897369384765625;0.13720703125;0.32958984375;1.03271484375;;;;;;;;;;;;;;;
53.9007568359375;-0.004150390625;0.122314453125;1.17236328125;;;;;;;;;;;;;;;
53.9041748046875;-0.017333984375;-0.129150390625;1.030517578125;;;;;;;;;;;;;;;
53.907562255859375;-0.20068359375;0.027587890625;1.03857421875;;;;;;;;;;;;;;;
53.910919189453125;-0.135009765625;-0.171875;0.78515625;;;;;;;;;;;;;;;
53.914276123046875;0.020751953125;0.4443359375;1.04833984375;;;;;;;;;;;;;;;
53.91766357421875;-0.1298828125;-0.046875;1.0126953125;;;;;;;;;;;;;;;
53.920989990234375;0.1416015625;0.15869140625;1.22119140625;;;;;;;;;;;;;;;
53.92431640625;-0.151123046875;0.13037109375;1.04345703125;;;;;;;;;;;;;;;
53.927734375;-0.16796875;-0.029541015625;0.81103515625;;;;;;;;;;;;;;;
53.93115234375;-0.0576171875;0.2421875;1.0166015625;;;;;;;;;;;;;;;
53.9345703125;-0.080078125;-0.44482421875;0.9892578125;;;;;;;;;;;;;;;
53.937896728515625;-0.003173828125;0.237060546875;1.15869140625;;;;;;;;;;;;;;;
53.94122314453125;-0.161376953125;0.03076171875;0.85498046875;;;;;;;;;;;;;;;
53.944671630859375;0.090576171875;0.4013671875;0.9345703125;;;;;;;;;;;;;;;
53.948028564453125;-0.271240234375;0.270263671875;1.01806640625;;;;;;;;;;;;;;;
53.951416015625;0.0517578125;-0.169677734375;1.10302734375;;;;;;;;;;;;;;;
53.954803466796875;-0.21533203125;0.082763671875;1.197021484375;;;;;;;;;;;;;;;
53.958160400390625;-0.10107421875;-0.23291015625;0.838134765625;;;;;;;;;;;;;;;
53.9615478515625;-0.052734375;0.494140625;0.939697265625;;;;;;;;;;;;;;;
53.964874267578125;-0.233154296875;0.014404296875;0.89794921875;;;;;;;;;;;;;;;
53.968292236328125;0.135009765625;0.13330078125;1.2138671875;;;;;;;;;;;;;;;
53.971771240234375;-0.197021484375;0.09619140625;1.2412109375;;;;;;;;;;;;;;;
53.975128173828125;-0.15673828125;-0.0546875;0.88427734375;;;;;;;;;;;;;;;
53.97845458984375;-0.103271484375;0.243896484375;0.979248046875;;;;;;;;;;;;;;;
53.981781005859375;-0.0615234375;-0.15771484375;0.83837890625;;;;;;;;;;;;;;;
53.98516845703125;0.0595703125;0.3759765625;1.16552734375;;;;;;;;;;;;;;;
53.98858642578125;-0.100830078125;0.009033203125;1.015869140625;;;;;;;;;;;;;;;
53.991973876953125;0.047119140625;0.2373046875;0.982666015625;;;;;;;;;;;;;;;
53.995269775390625;-0.25537109375;-0.002685546875;0.97509765625;;;;;;;;;;;;;;;
53.9986572265625;-0.14013671875;-0.04296875;0.920654296875;;;;;;;;;;;;;;;
54.00201416015625;-0.091796875;-0.0048828125;1.2392578125;;;;;;;;;;;;;;;
54.00543212890625;-0.001708984375;-0.13427734375;1.022705078125;;;;;;;;;;;;;;;
54.008880615234375;-0.09814453125;0.467041015625;1.076904296875;;;;;;;;;;;;;;;
54.01226806640625;-0.372802734375;-0.00048828125;0.787353515625;;;;;;;;;;;;;;;
54.01568603515625;0.10400390625;0.3115234375;1.099853515625;;;;;;;;;;;;;;;
54.019073486328125;-0.391845703125;-0.00537109375;1.08447265625;;;;;;;;;;;;;;;
54.022430419921875;0.2001953125;-0.105712890625;1.0322265625;;;;;;;;;;;;;;;
54.025848388671875;-0.124267578125;-0.00732421875;1.0791015625;;;;;;;;;;;;;;;
54.02923583984375;-0.154296875;-0.2216796875;0.784912109375;;;;;;;;;;;;;;;
54.032562255859375;-0.044189453125;0.448486328125;1.06396484375;;;;;;;;;;;;;;;
54.035919189453125;-0.214599609375;-0.10888671875;0.965576171875;;;;;;;;;;;;;;;
54.039306640625;0.10986328125;0.35400390625;1.272216796875;;;;;;;;;;;;;;;
54.042694091796875;-0.2548828125;-0.0380859375;1.04052734375;;;;;;;;;;;;;;;
54.046173095703125;-0.108154296875;0.038818359375;0.85986328125;;;;;;;;;;;;;;;
54.049468994140625;-0.12744140625;0.021240234375;0.949462890625;;;;;;;;;;;;;;;
54.052886962890625;0.015625;-0.2890625;1.042236328125;;;;;;;;;;;;;;;
54.05621337890625;-0.0947265625;0.286376953125;1.170166015625;;;;;;;;;;;;;;;
54.05950927734375;-0.09423828125;-0.054931640625;0.88525390625;;;;;;;;;;;;;;;
54.062957763671875;0.216796875;0.43310546875;1.04931640625;;;;;;;;;;;;;;;
54.06634521484375;-0.47705078125;0.022705078125;0.96240234375;;;;;;;;;;;;;;;
54.0697021484375;0.035888671875;-0.051513671875;1.109375;;;;;;;;;;;;;;;
54.073089599609375;-0.185791015625;-0.132568359375;1.18994140625;;;;;;;;;;;;;;;
54.0765380859375;0.126953125;-0.04248046875;0.925048828125;;;;;;;;;;;;;;;
54.07989501953125;-0.092529296875;0.322265625;0.954345703125;;;;;;;;;;;;;;;
54.083251953125;-0.31689453125;-0.0283203125;0.83837890625;;;;;;;;;;;;;;;
54.08660888671875;0.12890625;0.211669921875;1.21044921875;;;;;;;;;;;;;;;
54.09002685546875;-0.052001953125;0.13427734375;1.151611328125;;;;;;;;;;;;;;;
54.09344482421875;-0.037109375;0.079833984375;0.956787109375;;;;;;;;;;;;;;;
54.096893310546875;-0.12890625;0.104248046875;0.921875;;;;;;;;;;;;;;;
54.100311279296875;-0.011474609375;-0.166748046875;0.890380859375;;;;;;;;;;;;;;;
54.1036376953125;0.01318359375;0.18017578125;1.156005859375;;;;;;;;;;;;;;;
54.1070556640625;-0.0029296875;-0.075439453125;1.033203125;;;;;;;;;;;;;;;
54.110504150390625;-0.042724609375;0.2724609375;1.170166015625;;;;;;;;;;;;;;;
54.11383056640625;-0.224365234375;0.06591796875;0.90966796875;;;;;;;;;;;;;;;
54.11724853515625;-0.02685546875;0.136474609375;1.001708984375;;;;;;;;;;;;;;;
54.12066650390625;-0.12109375;-0.052734375;1.202392578125;;;;;;;;;;;;;;;
54.1240234375;0.030029296875;-0.114501953125;1.074462890625;;;;;;;;;;;;;;;
54.127410888671875;-0.099853515625;0.258056640625;1.02392578125;;;;;;;;;;;;;;;
54.130767822265625;0.007080078125;-0.105224609375;0.719970703125;;;;;;;;;;;;;;;
54.134185791015625;0.18798828125;0.341796875;1.123046875;;;;;;;;;;;;;;;
54.13763427734375;-0.268798828125;0.09716796875;1.04150390625;;;;;;;;;;;;;;;
54.140960693359375;0.0654296875;-0.00634765625;1.122314453125;;;;;;;;;;;;;;;
54.144378662109375;-0.2431640625;-0.033935546875;1.0146484375;;;;;;;;;;;;;;;
54.147735595703125;0.062255859375;-0.24169921875;0.84765625;;;;;;;;;;;;;;;
54.151123046875;-0.031982421875;0.344482421875;1.01123046875;;;;;;;;;;;;;;;
54.154510498046875;-0.044921875;-0.142333984375;0.96044921875;;;;;;;;;;;;;;;
54.157867431640625;0.043701171875;0.36474609375;1.297607421875;;;;;;;;;;;;;;;
54.1612548828125;-0.20166015625;-0.072265625;0.995361328125;;;;;;;;;;;;;;;
54.164642333984375;0.047607421875;0.0830078125;0.915771484375;;;;;;;;;;;;;;;
54.167999267578125;-0.130615234375;0.0458984375;0.878662109375;;;;;;;;;;;;;;;
54.17132568359375;0.1123046875;-0.07763671875;1.03466796875;;;;;;;;;;;;;;;
54.174713134765625;-0.024658203125;0.281982421875;1.161865234375;;;;;;;;;;;;;;;
54.1781005859375;-0.05859375;-0.083251953125;0.969970703125;;;;;;;;;;;;;;;
54.1815185546875;-0.151123046875;0.32470703125;1.042236328125;;;;;;;;;;;;;;;
54.18487548828125;-0.353515625;-0.0986328125;0.890869140625;;;;;;;;;;;;;;;
54.18829345703125;0.224609375;-0.104736328125;1.187255859375;;;;;;;;;;;;;;;
54.191680908203125;-0.078369140625;0.0146484375;1.139892578125;;;;;;;;;;;;;;;
54.195037841796875;0.118408203125;0.154541015625;0.990478515625;;;;;;;;;;;;;;;
54.19842529296875;-0.154052734375;0.345458984375;0.904541015625;;;;;;;;;;;;;;;
54.201812744140625;-0.078369140625;-0.031005859375;0.80810546875;;;;;;;;;;;;;;;
54.2052001953125;0.054443359375;0.166259765625;1.224365234375;;;;;;;;;;;;;;;
54.2086181640625;-0.184326171875;-0.0078125;1.0859375;;;;;;;;;;;;;;;
54.21197509765625;0.032958984375;0.015625;1.04443359375;;;;;;;;;;;;;;;
54.215301513671875;-0.20458984375;0.08544921875;0.843017578125;;;;;;;;;;;;;;;
54.21875;0.078857421875;-0.028564453125;0.89794921875;;;;;;;;;;;;;;;
54.222137451171875;0.06103515625;0.20703125;1.12548828125;;;;;;;;;;;;;;;
54.225494384765625;0.01904296875;-0.146240234375;1.081787109375;;;;;;;;;;;;;;;
54.228912353515625;-0.22607421875;0.364013671875;1.149658203125;;;;;;;;;;;;;;;
54.232391357421875;-0.65185546875;-0.14501953125;0.78076171875;;;;;;;;;;;;;;;
54.2357177734375;0.322265625;0.232666015625;1.052490234375;;;;;;;;;;;;;;;
54.239013671875;-0.088623046875;0.076171875;0.926025390625;;;;;;;;;;;;;;;
54.24237060546875;0.200439453125;0.1240234375;1.117431640625;;;;;;;;;;;;;;;
54.24578857421875;-0.2275390625;0.280029296875;1.022216796875;;;;;;;;;;;;;;;
54.2491455078125;-0.001708984375;-0.130859375;0.817626953125;;;;;;;;;;;;;;;
54.252532958984375;-0.000732421875;0.1904296875;1.078369140625;;;;;;;;;;;;;;;
54.255889892578125;-0.225830078125;-0.06591796875;0.90771484375;;;;;;;;;;;;;;;
54.259246826171875;0.64599609375;0.064697265625;1.408935546875;;;;;;;;;;;;;;;
54.262664794921875;-0.389892578125;0.13525390625;0.947509765625;;;;;;;;;;;;;;;
54.266021728515625;0.29248046875;-0.01953125;0.84716796875;;;;;;;;;;;;;;;
54.2694091796875;0.123046875;0.276123046875;0.945068359375;;;;;;;;;;;;;;;
54.272796630859375;-0.05859375;-0.119140625;0.94873046875;;;;;;;;;;;;;;;
54.276214599609375;-0.0380859375;0.263427734375;1.29296875;;;;;;;;;;;;;;;
54.279541015625;-0.52685546875;-0.23974609375;0.993408203125;;;;;;;;;;;;;;;
54.282958984375;0.03564453125;0.216064453125;0.94384765625;;;;;;;;;;;;;;;
54.286285400390625;-0.189453125;0.125732421875;0.822021484375;;;;;;;;;;;;;;;
54.289703369140625;0.211181640625;0.23388671875;1.04248046875;;;;;;;;;;;;;;;
54.2930908203125;-0.076904296875;0.13671875;1.118896484375;;;;;;;;;;;;;;;
54.296478271484375;0.057373046875;-0.132568359375;1.043701171875;;;;;;;;;;;;;;;
54.29986572265625;-0.1181640625;0.094482421875;1.061279296875;;;;;;;;;;;;;;;
54.30322265625;-0.35595703125;-0.155029296875;0.734130859375;;;;;;;;;;;;;;;
54.306671142578125;0.698974609375;0.02099609375;1.30322265625;;;;;;;;;;;;;;;
54.30999755859375;-0.30517578125;0.1142578125;1.08154296875;;;;;;;;;;;;;;;
54.313446044921875;0.077880859375;0.44140625;1.03759765625;;;;;;;;;;;;;;;
54.316864013671875;-0.201904296875;0.247314453125;0.84228515625;;;;;;;;;;;;;;;
54.320281982421875;0.208251953125;0.1103515625;0.74365234375;;;;;;;;;;;;;;;
54.3236083984375;0.180908203125;-0.015869140625;1.241943359375;;;;;;;;;;;;;;;
54.3270263671875;-0.4560546875;-0.182373046875;0.97802734375;;;;;;;;;;;;;;;
54.33038330078125;0.302734375;-0.004638671875;1.126220703125;;;;;;;;;;;;;;;
54.333740234375;-0.248046875;0.08984375;0.772216796875;;;;;;;;;;;;;;;
54.33709716796875;0.275390625;0.29833984375;0.945556640625;;;;;;;;;;;;;;;
54.34051513671875;-0.22509765625;0.176025390625;1.05859375;;;;;;;;;;;;;;;
54.343841552734375;0.079833984375;0.104248046875;1.124755859375;;;;;;;;;;;;;;;
54.34735107421875;-0.25830078125;0.25439453125;1.135498046875;;;;;;;;;;;;;;;
54.35076904296875;-0.032470703125;-0.195556640625;0.815185546875;;;;;;;;;;;;;;;
54.35418701171875;0.1796875;0.076904296875;1.03955078125;;;;;;;;;;;;;;;
54.357513427734375;0.023681640625;-0.041259765625;0.911865234375;;;;;;;;;;;;;;;
54.36083984375;0.258544921875;0.32958984375;1.153564453125;;;;;;;;;;;;;;;
54.364227294921875;-0.1875;0.120361328125;1.001953125;;;;;;;;;;;;;;;
54.367645263671875;0.008544921875;0.031494140625;0.907958984375;;;;;;;;;;;;;;;
54.370941162109375;-0.11376953125;0.1357421875;1.054931640625;;;;;;;;;;;;;;;
54.374298095703125;-0.2587890625;-0.136962890625;0.957763671875;;;;;;;;;;;;;;;
54.37762451171875;0.14453125;0.0107421875;1.279296875;;;;;;;;;;;;;;;
54.381072998046875;-0.04736328125;0.010498046875;0.953857421875;;;;;;;;;;;;;;;
54.384429931640625;0.134521484375;0.41015625;0.977783203125;;;;;;;;;;;;;;;
54.387786865234375;-0.244384765625;0.204833984375;0.797607421875;;;;;;;;;;;;;;;
54.39117431640625;-0.032958984375;0.044921875;0.9990234375;;;;;;;;;;;;;;;
54.394561767578125;-0.092529296875;0.168701171875;1.219482421875;;;;;;;;;;;;;;;
54.39794921875;-0.084716796875;-0.21533203125;1.075927734375;;;;;;;;;;;;;;;
54.401397705078125;0.140625;0.1962890625;1.076904296875;;;;;;;;;;;;;;;
54.404815673828125;-0.201171875;0.155517578125;0.855224609375;;;;;;;;;;;;;;;
54.408172607421875;-0.13427734375;0.4140625;1.064453125;;;;;;;;;;;;;;;
54.411529541015625;-0.040283203125;-0.02587890625;1.108154296875;;;;;;;;;;;;;;;
54.414886474609375;-0.03857421875;-0.2041015625;1.0732421875;;;;;;;;;;;;;;;
54.418304443359375;-0.14501953125;0.04931640625;0.95947265625;;;;;;;;;;;;;;;
54.421722412109375;-0.306640625;-0.049072265625;0.821533203125;;;;;;;;;;;;;;;
54.425140380859375;0.1650390625;0.172607421875;1.188232421875;;;;;;;;;;;;;;;
54.428558349609375;0.0810546875;0.0361328125;1.063232421875;;;;;;;;;;;;;;;
54.43194580078125;0.107421875;0.415771484375;1.116943359375;;;;;;;;;;;;;;;
54.43524169921875;-0.236572265625;0.197509765625;0.82177734375;;;;;;;;;;;;;;;
54.438720703125;-0.0732421875;0.036376953125;0.84033203125;;;;;;;;;;;;;;;
54.442047119140625;-0.08740234375;-0.01708984375;1.148681640625;;;;;;;;;;;;;;;
54.445526123046875;-0.1083984375;-0.26318359375;1.04443359375;;;;;;;;;;;;;;;
54.448883056640625;0.04931640625;0.15283203125;1.19189453125;;;;;;;;;;;;;;;
54.4522705078125;-0.146484375;0.0185546875;0.831787109375;;;;;;;;;;;;;;;
54.4556884765625;0.069091796875;0.505615234375;0.99462890625;;;;;;;;;;;;;;;
54.459014892578125;-0.322265625;0.0849609375;1.042236328125;;;;;;;;;;;;;;;
54.46246337890625;-0.0576171875;-0.010986328125;1.12158203125;;;;;;;;;;;;;;;
54.4658203125;-0.108642578125;0.02587890625;1.12744140625;;;;;;;;;;;;;;;
54.46923828125;0.06689453125;-0.18115234375;0.790771484375;;;;;;;;;;;;;;;
54.472625732421875;0.2578125;0.2724609375;1.087158203125;;;;;;;;;;;;;;;
54.4759521484375;-0.128173828125;0.0947265625;0.90966796875;;;;;;;;;;;;;;;
54.479339599609375;-0.0107421875;0.3291015625;1.18017578125;;;;;;;;;;;;;;;
54.48272705078125;-0.16357421875;-0.06591796875;0.98046875;;;;;;;;;;;;;;;
54.486114501953125;0.14111328125;0.002685546875;0.95556640625;;;;;;;;;;;;;;;
54.489501953125;-0.16162109375;0.074462890625;1.012451171875;;;;;;;;;;;;;;;
54.492889404296875;-0.166015625;0.051025390625;0.9072265625;;;;;;;;;;;;;;;
54.49627685546875;0.17578125;0.0283203125;1.30517578125;;;;;;;;;;;;;;;
54.49969482421875;-0.170654296875;-0.0419921875;0.959228515625;;;;;;;;;;;;;;;
54.5030517578125;0.1552734375;0.27001953125;1.009521484375;;;;;;;;;;;;;;;
54.50640869140625;-0.24462890625;0.1142578125;0.774169921875;;;;;;;;;;;;;;;
54.5098876953125;0.111328125;0.197998046875;0.971435546875;;;;;;;;;;;;;;;
54.513275146484375;0.1845703125;-0.03125;1.226806640625;;;;;;;;;;;;;;;
54.5166015625;-0.156494140625;-0.1357421875;1.09423828125;;;;;;;;;;;;;;;
54.519989013671875;0.1123046875;0.148681640625;1.123046875;;;;;;;;;;;;;;;
54.52337646484375;-0.298583984375;-0.00439453125;0.7919921875;;;;;;;;;;;;;;;
54.52679443359375;-0.012451171875;0.369140625;1.084716796875;;;;;;;;;;;;;;;
54.53021240234375;-0.1005859375;-0.138427734375;1.034423828125;;;;;;;;;;;;;;;
54.5335693359375;0.034912109375;0.3115234375;1.13623046875;;;;;;;;;;;;;;;
54.53692626953125;-0.15185546875;0.03369140625;0.88916015625;;;;;;;;;;;;;;;
54.540374755859375;-0.003173828125;0.0888671875;0.793212890625;;;;;;;;;;;;;;;
54.543731689453125;0.256591796875;0.248291015625;1.217529296875;;;;;;;;;;;;;;;
54.54718017578125;-0.27099609375;0.033203125;1.0341796875;;;;;;;;;;;;;;;
54.550537109375;0.03271484375;0.266357421875;1.195556640625;;;;;;;;;;;;;;;
54.55389404296875;-0.35302734375;-0.2900390625;0.775390625;;;;;;;;;;;;;;;
54.5572509765625;0.215087890625;0.162353515625;0.9794921875;;;;;;;;;;;;;;;
54.560638427734375;0.08837890625;-0.013916015625;1.106201171875;;;;;;;;;;;;;;;
54.563995361328125;-0.027587890625;-0.2392578125;1.032470703125;;;;;;;;;;;;;;;
54.567413330078125;0.1513671875;0.2119140625;1.2900390625;;;;;;;;;;;;;;;
54.570770263671875;-0.1904296875;-0.015625;0.839599609375;;;;;;;;;;;;;;;
54.574249267578125;0.029296875;0.55029296875;1.000244140625;;;;;;;;;;;;;;;
54.57757568359375;-0.244873046875;0.001708984375;0.83544921875;;;;;;;;;;;;;;;
54.5810546875;0.065673828125;0.17333984375;1.146484375;;;;;;;;;;;;;;;
54.584442138671875;-0.1328125;-0.054443359375;1.078125;;;;;;;;;;;;;;;
54.587799072265625;0.20166015625;-0.080810546875;0.81591796875;;;;;;;;;;;;;;;
54.5911865234375;0.1474609375;0.252197265625;1.046142578125;;;;;;;;;;;;;;;
54.59454345703125;-0.11767578125;0.166015625;0.9228515625;;;;;;;;;;;;;;;
54.59796142578125;-0.146484375;0.301513671875;1.23193359375;;;;;;;;;;;;;;;
54.601348876953125;-0.2822265625;-0.2021484375;0.96630859375;;;;;;;;;;;;;;;
54.604705810546875;0.08984375;0.100341796875;1.007080078125;;;;;;;;;;;;;;;
54.60809326171875;-0.196044921875;-0.005615234375;0.916259765625;;;;;;;;;;;;;;;
54.611541748046875;-0.039794921875;0.216796875;0.9443359375;;;;;;;;;;;;;;;
54.614898681640625;0.0966796875;0.0947265625;1.227294921875;;;;;;;;;;;;;;;
54.6182861328125;-0.0146484375;-0.0341796875;0.9873046875;;;;;;;;;;;;;;;
54.62164306640625;0.01171875;0.156982421875;1.0595703125;;;;;;;;;;;;;;;
54.625030517578125;-0.219970703125;0.1181640625;0.7568359375;;;;;;;;;;;;;;;
54.628448486328125;0.0205078125;0.277099609375;1.00732421875;;;;;;;;;;;;;;;
54.631805419921875;-0.068359375;0.005859375;1.073486328125;;;;;;;;;;;;;;;
54.63519287109375;0.0830078125;-0.08203125;1.173828125;;;;;;;;;;;;;;;
54.6385498046875;-0.191650390625;0.12646484375;1.0634765625;;;;;;;;;;;;;;;
54.641937255859375;-0.135009765625;-0.02490234375;0.801025390625;;;;;;;;;;;;;;;
54.645416259765625;-0.0703125;0.400146484375;1.044677734375;;;;;;;;;;;;;;;
54.648834228515625;-0.0087890625;-0.20654296875;1.01025390625;;;;;;;;;;;;;;;
54.652191162109375;0.05712890625;0.337646484375;1.16650390625;;;;;;;;;;;;;;;
54.65557861328125;-0.240478515625;0.031005859375;0.86669921875;;;;;;;;;;;;;;;
54.658905029296875;0.164306640625;0.16845703125;0.841552734375;;;;;;;;;;;;;;;
54.6622314453125;-0.021240234375;0.169921875;1.067626953125;;;;;;;;;;;;;;;
54.66571044921875;-0.030029296875;-0.162841796875;1.04443359375;;;;;;;;;;;;;;;
54.669036865234375;-0.013916015625;0.26416015625;1.19482421875;;;;;;;;;;;;;;;
54.672454833984375;-0.20556640625;-0.318359375;0.867431640625;;;;;;;;;;;;;;;
54.67584228515625;-0.002685546875;0.32666015625;0.946533203125;;;;;;;;;;;;;;;
54.6793212890625;-0.177490234375;0.04736328125;0.94970703125;;;;;;;;;;;;;;;
54.68267822265625;0.168701171875;0.27685546875;1.116943359375;;;;;;;;;;;;;;;
54.686004638671875;-0.026123046875;0.150634765625;1.177001953125;;;;;;;;;;;;;;;
54.68939208984375;-0.061767578125;-0.05029296875;0.884765625;;;;;;;;;;;;;;;
54.692779541015625;-0.124755859375;0.09423828125;0.984375;;;;;;;;;;;;;;;
54.696136474609375;-0.156494140625;-0.07177734375;0.827392578125;;;;;;;;;;;;;;;
54.699615478515625;0.082763671875;0.229248046875;1.155029296875;;;;;;;;;;;;;;;
54.703125;-0.112548828125;-0.048583984375;1.041748046875;;;;;;;;;;;;;;;
54.70648193359375;0.16455078125;0.1044921875;1.13525390625;;;;;;;;;;;;;;;
54.7098388671875;-0.031005859375;0.201171875;1.036376953125;;;;;;;;;;;;;;;
54.71319580078125;-0.23974609375;0.037109375;0.900146484375;;;;;;;;;;;;;;;
54.71661376953125;-0.07666015625;0.15673828125;1.154296875;;;;;;;;;;;;;;;
54.72003173828125;-0.10888671875;-0.292236328125;0.970458984375;;;;;;;;;;;;;;;
54.723388671875;0.068359375;0.265869140625;1.070068359375;;;;;;;;;;;;;;;
54.726776123046875;-0.2333984375;0.038818359375;0.7568359375;;;;;;;;;;;;;;;
54.730224609375;0.143310546875;0.330810546875;0.99853515625;;;;;;;;;;;;;;;
54.733642578125;-0.088623046875;0.110595703125;1.197021484375;;;;;;;;;;;;;;;
54.737030029296875;-0.13330078125;-0.130126953125;1.046142578125;;;;;;;;;;;;;;;
54.740447998046875;-0.167724609375;0.0458984375;1.086669921875;;;;;;;;;;;;;;;
54.74383544921875;-0.130615234375;-0.0537109375;0.761962890625;;;;;;;;;;;;;;;
54.747283935546875;-0.052978515625;0.470947265625;1.0263671875;;;;;;;;;;;;;;;
54.750701904296875;-0.135009765625;-0.08935546875;1.03515625;;;;;;;;;;;;;;;
54.754058837890625;0.07763671875;0.09619140625;1.20947265625;;;;;;;;;;;;;;;
54.757476806640625;-0.1533203125;0.052978515625;1.096435546875;;;;;;;;;;;;;;;
54.7608642578125;-0.171142578125;-0.011474609375;0.836669921875;;;;;;;;;;;;;;;
54.764251708984375;-0.08935546875;0.161865234375;1.01708984375;;;;;;;;;;;;;;;
54.76776123046875;0.068115234375;-0.296142578125;0.974609375;;;;;;;;;;;;;;;
54.771209716796875;0.035888671875;0.369873046875;1.222412109375;;;;;;;;;;;;;;;
54.77459716796875;-0.20458984375;0.027587890625;0.84326171875;;;;;;;;;;;;;;;
54.777923583984375;0.10888671875;0.333251953125;0.90576171875;;;;;;;;;;;;;;;
54.78125;-0.087890625;0.116943359375;1.055419921875;;;;;;;;;;;;;;;
54.78472900390625;-0.15966796875;-0.079833984375;1.07373046875;;;;;;;;;;;;;;;
54.78826904296875;-0.16357421875;-0.12841796875;1.249267578125;;;;;;;;;;;;;;;
54.79168701171875;-0.122802734375;-0.236083984375;0.868408203125;;;;;;;;;;;;;;;
54.7950439453125;-0.0107421875;0.328857421875;0.9990234375;;;;;;;;;;;;;;;
54.798431396484375;-0.390869140625;0.075439453125;0.9033203125;;;;;;;;;;;;;;;
54.801849365234375;0.06591796875;0.384033203125;1.158447265625;;;;;;;;;;;;;;;
54.80523681640625;-0.0615234375;0.215087890625;1.15087890625;;;;;;;;;;;;;;;
54.808624267578125;0.13916015625;-0.06640625;0.906005859375;;;;;;;;;;;;;;;
54.81201171875;-0.04296875;-0.129638671875;0.98876953125;;;;;;;;;;;;;;;
54.815399169921875;-0.05615234375;-0.170654296875;0.858154296875;;;;;;;;;;;;;;;
54.81878662109375;0.093017578125;0.251708984375;1.162353515625;;;;;;;;;;;;;;;
54.82220458984375;-0.1572265625;-0.1328125;1.03271484375;;;;;;;;;;;;;;;
54.825653076171875;0.0849609375;0.18896484375;1.160888671875;;;;;;;;;;;;;;;
54.829010009765625;-0.149658203125;0.11767578125;0.926513671875;;;;;;;;;;;;;;;
54.832427978515625;-0.075927734375;0.180908203125;0.93115234375;;;;;;;;;;;;;;;
54.8358154296875;-0.0361328125;-0.021484375;1.0673828125;;;;;;;;;;;;;;;
54.83929443359375;-0.04296875;-0.23828125;1.055908203125;;;;;;;;;;;;;;;
54.842681884765625;-0.006103515625;0.16845703125;1.05859375;;;;;;;;;;;;;;;
54.84600830078125;-0.111083984375;-0.022216796875;0.78759765625;;;;;;;;;;;;;;;
54.849456787109375;0.270263671875;0.36474609375;1.059814453125;;;;;;;;;;;;;;;
54.852874755859375;-0.12548828125;0.160888671875;1.107421875;;;;;;;;;;;;;;;
54.856292724609375;-0.078857421875;-0.0556640625;1.18994140625;;;;;;;;;;;;;;;
54.859649658203125;-0.252197265625;-0.0556640625;1.07470703125;;;;;;;;;;;;;;;
54.863006591796875;-0.065673828125;-0.2275390625;0.833984375;;;;;;;;;;;;;;;
54.866424560546875;-0.05908203125;0.342529296875;0.9306640625;;;;;;;;;;;;;;;
54.86981201171875;-0.10400390625;-0.109619140625;0.947998046875;;;;;;;;;;;;;;;
54.873199462890625;0.15673828125;0.17236328125;1.30126953125;;;;;;;;;;;;;;;
54.87664794921875;-0.166015625;0.0380859375;1.005615234375;;;;;;;;;;;;;;;
54.879974365234375;-0.03759765625;0.075927734375;0.869384765625;;;;;;;;;;;;;;;
54.88330078125;-0.087158203125;0.162353515625;0.963134765625;;;;;;;;;;;;;;;
54.88677978515625;0.0498046875;-0.31005859375;0.999267578125;;;;;;;;;;;;;;;
54.89019775390625;-0.026123046875;0.225341796875;1.1767578125;;;;;;;;;;;;;;;
54.8935546875;-0.082275390625;-0.017333984375;0.919921875;;;;;;;;;;;;;;;
54.896881103515625;0.00732421875;0.337158203125;0.954833984375;;;;;;;;;;;;;;;
54.90032958984375;-0.177490234375;0.055419921875;0.945068359375;;;;;;;;;;;;;;;
54.90380859375;0.02734375;-0.082275390625;1.108154296875;;;;;;;;;;;;;;;
54.907257080078125;-0.027099609375;-0.056640625;1.20556640625;;;;;;;;;;;;;;;
54.910614013671875;0.0009765625;-0.066162109375;0.969970703125;;;;;;;;;;;;;;;
54.91400146484375;-0.096435546875;0.349365234375;0.939453125;;;;;;;;;;;;;;;
54.91741943359375;-0.10595703125;0.032470703125;0.794921875;;;;;;;;;;;;;;;
54.92083740234375;0.19580078125;0.251953125;1.20654296875;;;;;;;;;;;;;;;
54.9241943359375;-0.08935546875;0.08056640625;1.10546875;;;;;;;;;;;;;;;
54.9276123046875;0.08984375;-0.0595703125;0.985595703125;;;;;;;;;;;;;;;
54.9310302734375;-0.115234375;-0.00244140625;0.924560546875;;;;;;;;;;;;;;;
54.934417724609375;-0.020263671875;-0.157958984375;0.85546875;;;;;;;;;;;;;;;
54.937744140625;-0.024169921875;0.29638671875;1.14111328125;;;;;;;;;;;;;;;
54.941192626953125;-0.078857421875;-0.185302734375;1.0263671875;;;;;;;;;;;;;;;
54.94451904296875;-0.013427734375;0.299560546875;1.20947265625;;;;;;;;;;;;;;;
54.947906494140625;-0.225830078125;-0.013916015625;0.864990234375;;;;;;;;;;;;;;;
54.95135498046875;0.05517578125;0.194580078125;0.95751953125;;;;;;;;;;;;;;;
54.9547119140625;-0.052001953125;0.016845703125;0.9970703125;;;;;;;;;;;;;;;
54.9581298828125;0.12451171875;-0.072998046875;1.090576171875;;;;;;;;;;;;;;;
54.9615478515625;-0.130859375;0.181640625;1.099853515625;;;;;;;;;;;;;;;
54.964935302734375;-0.19677734375;-0.061279296875;0.804931640625;;;;;;;;;;;;;;;
54.96844482421875;-0.12255859375;0.290771484375;1.09716796875;;;;;;;;;;;;;;;
54.971771240234375;-0.35546875;-0.061279296875;0.983154296875;;;;;;;;;;;;;;;
54.97515869140625;0.2451171875;-0.02001953125;1.22900390625;;;;;;;;;;;;;;;
54.97857666015625;-0.094970703125;0.139892578125;1.07080078125;;;;;;;;;;;;;;;
54.98199462890625;0.033203125;0.1689453125;0.851806640625;;;;;;;;;;;;;;;
54.98541259765625;-0.14892578125;0.375244140625;0.930908203125;;;;;;;;;;;;;;;
54.988739013671875;-0.28271484375;-0.26318359375;0.92578125;;;;;;;;;;;;;;;
54.992156982421875;0.103515625;0.1240234375;1.30029296875;;;;;;;;;;;;;;;
54.99554443359375;-0.2216796875;-0.072509765625;0.986083984375;;;;;;;;;;;;;;;
54.9989013671875;0.031982421875;0.151123046875;0.9169921875;;;;;;;;;;;;;;;
55.002227783203125;-0.20263671875;0.1240234375;0.87255859375;;;;;;;;;;;;;;;
55.005645751953125;0.117919921875;-0.010498046875;1.000732421875;;;;;;;;;;;;;;;
55.009002685546875;-0.038818359375;0.1640625;1.177734375;;;;;;;;;;;;;;;
55.01239013671875;-0.01806640625;-0.103515625;1.00048828125;;;;;;;;;;;;;;;
55.015716552734375;-0.173583984375;0.265869140625;1.02734375;;;;;;;;;;;;;;;
55.019195556640625;-0.607177734375;-0.086669921875;0.818603515625;;;;;;;;;;;;;;;
55.02264404296875;0.320556640625;-0.03662109375;1.154296875;;;;;;;;;;;;;;;
55.026123046875;-0.0634765625;-0.00830078125;1.0048828125;;;;;;;;;;;;;;;
55.029632568359375;0.22998046875;0.263916015625;1.025146484375;;;;;;;;;;;;;;;
55.0330810546875;-0.27587890625;0.361572265625;0.916259765625;;;;;;;;;;;;;;;
55.03643798828125;-0.03076171875;-0.003662109375;0.739013671875;;;;;;;;;;;;;;;
55.039886474609375;0.2080078125;0.1220703125;1.212890625;;;;;;;;;;;;;;;
55.043243408203125;-0.16455078125;-0.082275390625;1.0908203125;;;;;;;;;;;;;;;
55.04656982421875;0.05419921875;0.0283203125;1.0712890625;;;;;;;;;;;;;;;
55.049957275390625;-0.25146484375;0.0966796875;0.878173828125;;;;;;;;;;;;;;;
55.05328369140625;0.04248046875;0.06396484375;0.875;;;;;;;;;;;;;;;
55.056640625;-0.130859375;0.25439453125;1.101318359375;;;;;;;;;;;;;;;
55.060089111328125;-0.01806640625;-0.17724609375;1.056396484375;;;;;;;;;;;;;;;
55.0634765625;-0.127197265625;0.319580078125;1.193603515625;;;;;;;;;;;;;;;
55.06695556640625;-0.133056640625;-0.125244140625;0.87841796875;;;;;;;;;;;;;;;
55.0703125;0.080322265625;0.1943359375;0.99267578125;;;;;;;;;;;;;;;
55.073638916015625;-0.05029296875;-0.03271484375;0.935791015625;;;;;;;;;;;;;;;
55.077056884765625;0.10986328125;0.14501953125;1.1162109375;;;;;;;;;;;;;;;
55.0804443359375;-0.21728515625;0.1669921875;1.09326171875;;;;;;;;;;;;;;;
55.083770751953125;-0.1015625;-0.125732421875;0.8486328125;;;;;;;;;;;;;;;
55.08709716796875;-0.08642578125;0.22802734375;1.056884765625;;;;;;;;;;;;;;;
55.090484619140625;-0.13623046875;-0.096435546875;0.978759765625;;;;;;;;;;;;;;;
55.093902587890625;0.13916015625;0.056396484375;1.268798828125;;;;;;;;;;;;;;;
55.0972900390625;-0.0927734375;0.08251953125;1.03564453125;;;;;;;;;;;;;;;
55.100616455078125;0.067138671875;0.3564453125;0.8701171875;;;;;;;;;;;;;;;
55.10400390625;-0.141357421875;0.297119140625;0.862548828125;;;;;;;;;;;;;;;
55.10736083984375;0.025390625;-0.151123046875;0.912841796875;;;;;;;;;;;;;;;
55.110809326171875;0.03369140625;0.051513671875;1.271240234375;;;;;;;;;;;;;;;
55.11419677734375;-0.078125;-0.133544921875;1.046630859375;;;;;;;;;;;;;;;
55.117584228515625;0.09033203125;0.18408203125;0.988037109375;;;;;;;;;;;;;;;
55.120941162109375;-0.1142578125;0.171875;0.819091796875;;;;;;;;;;;;;;;
55.12432861328125;0.053466796875;0.223876953125;1.01708984375;;;;;;;;;;;;;;;
55.127716064453125;-0.0263671875;0.149658203125;1.1396484375;;;;;;;;;;;;;;;
55.131195068359375;-0.01806640625;-0.154541015625;1.047607421875;;;;;;;;;;;;;;;
55.134552001953125;-0.170654296875;0.14501953125;1.024169921875;;;;;;;;;;;;;;;
55.137908935546875;-0.30712890625;-0.11572265625;0.821044921875;;;;;;;;;;;;;;;
55.14129638671875;0.137939453125;0.27294921875;1.1669921875;;;;;;;;;;;;;;;
55.144744873046875;0.010498046875;0.015869140625;1.016357421875;;;;;;;;;;;;;;;
55.14813232421875;0.134033203125;0.343994140625;1.085693359375;;;;;;;;;;;;;;;
55.151519775390625;-0.221435546875;0.228759765625;0.868408203125;;;;;;;;;;;;;;;
55.15496826171875;0.056396484375;-0.055908203125;0.8642578125;;;;;;;;;;;;;;;
55.15838623046875;-0.046875;0.1279296875;1.185546875;;;;;;;;;;;;;;;
55.16168212890625;-0.181640625;-0.098876953125;1.05419921875;;;;;;;;;;;;;;;
55.165008544921875;0.038330078125;0.121826171875;1.264404296875;;;;;;;;;;;;;;;
55.168426513671875;-0.234130859375;0.035888671875;0.843017578125;;;;;;;;;;;;;;;
55.17181396484375;0.1123046875;0.176513671875;0.905517578125;;;;;;;;;;;;;;;
55.1751708984375;-0.1962890625;0.19580078125;1.05908203125;;;;;;;;;;;;;;;
55.178558349609375;0.061767578125;-0.066650390625;1.071533203125;;;;;;;;;;;;;;;
55.181915283203125;-0.152587890625;0.267333984375;1.1708984375;;;;;;;;;;;;;;;
55.185302734375;-0.100830078125;-0.1796875;0.84912109375;;;;;;;;;;;;;;;
55.188720703125;0.048828125;0.2158203125;1.049560546875;;;;;;;;;;;;;;;
55.19219970703125;-0.166015625;0.08251953125;0.892822265625;;;;;;;;;;;;;;;
55.195587158203125;0.103759765625;0.1640625;1.14599609375;;;;;;;;;;;;;;;
55.198974609375;-0.232666015625;0.105712890625;1.06298828125;;;;;;;;;;;;;;;
55.202301025390625;0.069091796875;-0.17919921875;0.921142578125;;;;;;;;;;;;;;;
55.2056884765625;-0.191162109375;0.227783203125;1.04052734375;;;;;;;;;;;;;;;
55.20904541015625;-0.3037109375;-0.063232421875;0.89892578125;;;;;;;;;;;;;;;
55.212371826171875;0.2431640625;0.115234375;1.297119140625;;;;;;;;;;;;;;;
55.21575927734375;-0.0556640625;0.0673828125;0.9921875;;;;;;;;;;;;;;;
55.219085693359375;0.171142578125;0.2451171875;0.9931640625;;;;;;;;;;;;;;;
55.2225341796875;-0.292236328125;0.1826171875;0.780517578125;;;;;;;;;;;;;;;
55.22589111328125;0.134033203125;-0.02294921875;0.93408203125;;;;;;;;;;;;;;;
55.229339599609375;-0.024658203125;0.05810546875;1.187255859375;;;;;;;;;;;;;;;
55.23272705078125;-0.087890625;-0.20556640625;1.060302734375;;;;;;;;;;;;;;;
55.236083984375;0.012451171875;0.168212890625;1.04443359375;;;;;;;;;;;;;;;
55.23944091796875;-0.23291015625;0.109130859375;0.792724609375;;;;;;;;;;;;;;;
55.2427978515625;0.054443359375;0.339111328125;1.056640625;;;;;;;;;;;;;;;
55.24615478515625;-0.142578125;0.01953125;1.109375;;;;;;;;;;;;;;;
55.249542236328125;0.056884765625;0.043212890625;1.123779296875;;;;;;;;;;;;;;;
55.252899169921875;-0.282470703125;0.0888671875;0.927978515625;;;;;;;;;;;;;;;
55.256256103515625;0.149658203125;-0.065185546875;0.740478515625;;;;;;;;;;;;;;;
55.2596435546875;0.417724609375;0.288330078125;1.203369140625;;;;;;;;;;;;;;;
55.2630615234375;-0.0869140625;0.15283203125;1.01953125;;;;;;;;;;;;;;;
55.2664794921875;0.237060546875;0.328125;1.148193359375;;;;;;;;;;;;;;;
55.269927978515625;-0.364990234375;-0.087646484375;0.84814453125;;;;;;;;;;;;;;;
55.273284912109375;0.134033203125;0.025146484375;0.901123046875;;;;;;;;;;;;;;;
55.276611328125;-0.0673828125;0.023681640625;1.0986328125;;;;;;;;;;;;;;;
55.2799072265625;-0.10498046875;-0.0205078125;0.988525390625;;;;;;;;;;;;;;;
55.2833251953125;0.390380859375;0.129150390625;1.34326171875;;;;;;;;;;;;;;;
55.2867431640625;-0.205078125;0.059814453125;0.831298828125;;;;;;;;;;;;;;;
55.290069580078125;0.16259765625;0.280029296875;0.978759765625;;;;;;;;;;;;;;;
55.293426513671875;-0.261962890625;0.109619140625;0.7958984375;;;;;;;;;;;;;;;
55.296844482421875;0.184326171875;0.132568359375;1.109130859375;;;;;;;;;;;;;;;
55.300262451171875;-0.155517578125;0.165771484375;1.140625;;;;;;;;;;;;;;;
55.30364990234375;0.011962890625;-0.182373046875;0.929931640625;;;;;;;;;;;;;;;
55.30706787109375;0.2294921875;0.14453125;1.06982421875;;;;;;;;;;;;;;;
55.3104248046875;-0.117919921875;0.19384765625;0.870361328125;;;;;;;;;;;;;;;
55.31390380859375;0.090087890625;0.24755859375;1.232177734375;;;;;;;;;;;;;;;
55.317291259765625;-0.223876953125;-0.01318359375;1.012451171875;;;;;;;;;;;;;;;
55.3206787109375;0.16015625;-0.033935546875;0.989501953125;;;;;;;;;;;;;;;
55.32421875;-0.25634765625;0.126708984375;0.831298828125;;;;;;;;;;;;;;;
55.32763671875;-0.264404296875;0.0400390625;0.871337890625;;;;;;;;;;;;;;;
55.33099365234375;0.310302734375;0.07958984375;1.288330078125;;;;;;;;;;;;;;;
55.3343505859375;-0.0751953125;0.015625;0.982421875;;;;;;;;;;;;;;;
55.33770751953125;0.18408203125;0.268310546875;1.05810546875;;;;;;;;;;;;;;;
55.34112548828125;-0.26806640625;0.12890625;0.73486328125;;;;;;;;;;;;;;;
55.344512939453125;0.164306640625;0.18603515625;0.9296875;;;;;;;;;;;;;;;
55.347930908203125;0.14111328125;0.005126953125;1.184326171875;;;;;;;;;;;;;;;
55.35137939453125;-0.181640625;-0.17578125;1.103515625;;;;;;;;;;;;;;;
55.354766845703125;-0.187744140625;0.10546875;1.093017578125;;;;;;;;;;;;;;;
55.358062744140625;-0.209228515625;-0.01220703125;0.808837890625;;;;;;;;;;;;;;;
55.3614501953125;-0.008056640625;0.456787109375;1.051025390625;;;;;;;;;;;;;;;
55.364837646484375;-0.017822265625;-0.05517578125;1.037841796875;;;;;;;;;;;;;;;
55.368194580078125;0.1103515625;0.255126953125;1.178466796875;;;;;;;;;;;;;;;
55.371551513671875;-0.24951171875;0.079345703125;0.91162109375;;;;;;;;;;;;;;;
55.3748779296875;0.135986328125;-0.031494140625;0.80859375;;;;;;;;;;;;;;;
55.378265380859375;0.007568359375;0.228515625;1.105712890625;;;;;;;;;;;;;;;
55.381683349609375;0.008544921875;-0.014892578125;1.057861328125;;;;;;;;;;;;;;;
55.38507080078125;-0.187255859375;0.341552734375;1.182373046875;;;;;;;;;;;;;;;
55.38848876953125;-0.29541015625;-0.21875;0.854736328125;;;;;;;;;;;;;;;
55.391876220703125;0.026611328125;0.139892578125;0.93359375;;;;;;;;;;;;;;;
55.395294189453125;-0.1943359375;0.069091796875;1.00830078125;;;;;;;;;;;;;;;
55.398590087890625;0.077880859375;0.08349609375;1.074951171875;;;;;;;;;;;;;;;
55.40191650390625;-0.073486328125;0.17822265625;1.193603515625;;;;;;;;;;;;;;;
55.405242919921875;-0.0302734375;-0.056884765625;0.908447265625;;;;;;;;;;;;;;;
55.408599853515625;-0.1123046875;0.1708984375;0.972900390625;;;;;;;;;;;;;;;
55.4119873046875;-0.258544921875;0.105712890625;0.822998046875;;;;;;;;;;;;;;;
55.415557861328125;0.037841796875;0.137939453125;1.141357421875;;;;;;;;;;;;;;;
55.4189453125;-0.1611328125;0.07275390625;1.08837890625;;;;;;;;;;;;;;;
55.42236328125;0.193603515625;-0.10400390625;1.03955078125;;;;;;;;;;;;;;;
55.425750732421875;-0.001220703125;0.240478515625;1.040771484375;;;;;;;;;;;;;;;
55.4290771484375;-0.106201171875;0.02099609375;0.897216796875;;;;;;;;;;;;;;;
55.43243408203125;-0.14013671875;0.2861328125;1.14501953125;;;;;;;;;;;;;;;
55.43585205078125;-0.155029296875;-0.135009765625;0.998779296875;;;;;;;;;;;;;;;
55.4393310546875;0.038330078125;0.036865234375;1.04736328125;;;;;;;;;;;;;;;
55.442718505859375;-0.219970703125;0.080810546875;0.784423828125;;;;;;;;;;;;;;;
55.446075439453125;0.066650390625;0.204833984375;0.92041015625;;;;;;;;;;;;;;;
55.44940185546875;0.0224609375;0.182861328125;1.228271484375;;;;;;;;;;;;;;;
55.45281982421875;-0.046142578125;-0.145751953125;1.1025390625;;;;;;;;;;;;;;;
55.456268310546875;0.027099609375;0.184814453125;1.10546875;;;;;;;;;;;;;;;
55.459686279296875;-0.25048828125;0.054443359375;0.74658203125;;;;;;;;;;;;;;;
55.46307373046875;-0.026123046875;0.339111328125;1.00048828125;;;;;;;;;;;;;;;
55.4664306640625;-0.057861328125;0.041748046875;1.11474609375;;;;;;;;;;;;;;;
55.46978759765625;0.09326171875;-0.017333984375;1.133544921875;;;;;;;;;;;;;;;
55.473114013671875;-0.063720703125;0.158203125;1.1494140625;;;;;;;;;;;;;;;
55.47650146484375;-0.1767578125;-0.14453125;0.82275390625;;;;;;;;;;;;;;;
55.479949951171875;-0.05126953125;0.28271484375;1.024658203125;;;;;;;;;;;;;;;
55.4832763671875;-0.0244140625;-0.1669921875;0.976318359375;;;;;;;;;;;;;;;
55.486724853515625;0.070068359375;0.42578125;1.17626953125;;;;;;;;;;;;;;;
55.490081787109375;-0.189453125;0.122802734375;0.916748046875;;;;;;;;;;;;;;;
55.493438720703125;0.17578125;0.19287109375;0.8154296875;;;;;;;;;;;;;;;
55.496856689453125;0.029052734375;0.1171875;1.133056640625;;;;;;;;;;;;;;;
55.50018310546875;-0.245361328125;-0.1650390625;1.016357421875;;;;;;;;;;;;;;;
55.5035400390625;-0.082763671875;0.0673828125;1.253662109375;;;;;;;;;;;;;;;
55.5069580078125;-0.2470703125;-0.21875;0.8271484375;;;;;;;;;;;;;;;
55.510284423828125;0.145751953125;0.316650390625;0.9794921875;;;;;;;;;;;;;;;
55.51373291015625;-0.31689453125;0.13427734375;0.949462890625;;;;;;;;;;;;;;;
55.517120361328125;0.1171875;0.251708984375;1.075439453125;;;;;;;;;;;;;;;
55.520538330078125;0.106201171875;0.13330078125;1.280029296875;;;;;;;;;;;;;;;
55.52392578125;-0.223388671875;-0.12890625;0.919189453125;;;;;;;;;;;;;;;
55.52740478515625;-0.07275390625;0.0751953125;1.010986328125;;;;;;;;;;;;;;;
55.530792236328125;-0.204833984375;-0.013916015625;0.78955078125;;;;;;;;;;;;;;;
55.534271240234375;0.007080078125;0.2978515625;1.153076171875;;;;;;;;;;;;;;;
55.537628173828125;-0.096923828125;-0.118408203125;1.066162109375;;;;;;;;;;;;;;;
55.541015625;0.14990234375;0.028564453125;1.13330078125;;;;;;;;;;;;;;;
55.5445556640625;-0.24267578125;0.197265625;1.03955078125;;;;;;;;;;;;;;;
55.548004150390625;-0.286376953125;0.138427734375;0.841552734375;;;;;;;;;;;;;;;
55.55133056640625;-0.035888671875;0.151611328125;1.153076171875;;;;;;;;;;;;;;;
55.554656982421875;-0.159912109375;-0.32470703125;0.995361328125;;;;;;;;;;;;;;;
55.5579833984375;0.08349609375;0.282958984375;1.095458984375;;;;;;;;;;;;;;;
55.561553955078125;-0.318603515625;-0.0322265625;0.769775390625;;;;;;;;;;;;;;;
55.56494140625;0.06005859375;0.333740234375;0.935546875;;;;;;;;;;;;;;;
55.56829833984375;0.083251953125;0.135986328125;1.181396484375;;;;;;;;;;;;;;;
55.571685791015625;-0.13232421875;-0.009765625;1.091064453125;;;;;;;;;;;;;;;
55.57501220703125;-0.07275390625;0.022216796875;1.1455078125;;;;;;;;;;;;;;;
55.57843017578125;-0.19140625;-0.2197265625;0.78271484375;;;;;;;;;;;;;;;
55.5819091796875;-0.0576171875;0.384521484375;1.029541015625;;;;;;;;;;;;;;;
55.585296630859375;-0.124267578125;-0.095947265625;1.048095703125;;;;;;;;;;;;;;;
55.58868408203125;0.038818359375;-0.029541015625;1.209228515625;;;;;;;;;;;;;;;
55.592010498046875;-0.125732421875;0.08544921875;1.052001953125;;;;;;;;;;;;;;;
55.595367431640625;-0.110107421875;0.0712890625;0.81591796875;;;;;;;;;;;;;;;
55.598846435546875;-0.10693359375;0.31494140625;1.010498046875;;;;;;;;;;;;;;;
55.602142333984375;0.022216796875;-0.263427734375;0.9755859375;;;;;;;;;;;;;;;
55.605560302734375;-0.022705078125;0.25390625;1.193359375;;;;;;;;;;;;;;;
55.608978271484375;-0.184326171875;-0.031982421875;0.890625;;;;;;;;;;;;;;;
55.6123046875;0.135986328125;0.221923828125;0.914794921875;;;;;;;;;;;;;;;
55.61578369140625;-0.09326171875;0.134765625;0.98046875;;;;;;;;;;;;;;;
55.619140625;-0.01416015625;-0.1064453125;1.06689453125;;;;;;;;;;;;;;;
55.62249755859375;-0.099365234375;-0.012939453125;1.218994140625;;;;;;;;;;;;;;;
55.625885009765625;-0.1005859375;-0.2294921875;0.9296875;;;;;;;;;;;;;;;
55.629241943359375;-0.07568359375;0.32470703125;0.974853515625;;;;;;;;;;;;;;;
55.63275146484375;-0.171875;0.109130859375;0.827880859375;;;;;;;;;;;;;;;
55.636138916015625;0.16943359375;0.29345703125;1.16552734375;;;;;;;;;;;;;;;
55.63958740234375;-0.053466796875;0.115966796875;1.152587890625;;;;;;;;;;;;;;;
55.6429443359375;0.04833984375;-0.102783203125;0.977294921875;;;;;;;;;;;;;;;
55.64630126953125;-0.114013671875;-0.012451171875;0.970703125;;;;;;;;;;;;;;;
55.64971923828125;-0.038330078125;-0.139404296875;0.81494140625;;;;;;;;;;;;;;;
55.65313720703125;-0.07666015625;0.330078125;1.149658203125;;;;;;;;;;;;;;;
55.656463623046875;-0.0693359375;-0.047607421875;1.027587890625;;;;;;;;;;;;;;;
55.659759521484375;0.038818359375;0.21630859375;1.20263671875;;;;;;;;;;;;;;;
55.663177490234375;-0.232177734375;0.045654296875;0.946533203125;;;;;;;;;;;;;;;
55.6666259765625;-0.078125;0.086669921875;0.891357421875;;;;;;;;;;;;;;;
55.670074462890625;0.00341796875;0.068359375;1.05615234375;;;;;;;;;;;;;;;
55.673431396484375;0.114990234375;-0.291748046875;1.03955078125;;;;;;;;;;;;;;;
55.676849365234375;-0.0556640625;0.29248046875;1.129638671875;;;;;;;;;;;;;;;
55.68023681640625;-0.200439453125;0.04150390625;0.759765625;;;;;;;;;;;;;;;
55.683624267578125;-0.022705078125;0.34033203125;0.9931640625;;;;;;;;;;;;;;;
55.686981201171875;-0.0361328125;0.0224609375;1.089599609375;;;;;;;;;;;;;;;
55.690460205078125;0.024658203125;-0.0751953125;1.18408203125;;;;;;;;;;;;;;;
55.69384765625;-0.085693359375;0.07373046875;1.13037109375;;;;;;;;;;;;;;;
55.697265625;-0.080322265625;-0.129638671875;0.83154296875;;;;;;;;;;;;;;;
55.70062255859375;-0.132080078125;0.44580078125;0.964111328125;;;;;;;;;;;;;;;
55.7039794921875;-0.17041015625;-0.15673828125;0.942626953125;;;;;;;;;;;;;;;
55.7073974609375;0.159423828125;0.244384765625;1.291259765625;;;;;;;;;;;;;;;
55.710784912109375;-0.19970703125;-0.02734375;1.073486328125;;;;;;;;;;;;;;;
55.714141845703125;-0.131103515625;0.077392578125;0.865966796875;;;;;;;;;;;;;;;
55.717498779296875;-0.0888671875;0.193115234375;0.932861328125;;;;;;;;;;;;;;;
55.7208251953125;0.048828125;-0.1669921875;0.97412109375;;;;;;;;;;;;;;;
55.7242431640625;0.046142578125;0.26904296875;1.221435546875;;;;;;;;;;;;;;;
55.727630615234375;-0.117919921875;0.037841796875;0.948974609375;;;;;;;;;;;;;;;
55.73101806640625;-0.029541015625;0.2275390625;1.099365234375;;;;;;;;;;;;;;;
55.734375;-0.336181640625;-0.02490234375;0.960693359375;;;;;;;;;;;;;;;
55.737823486328125;-0.108154296875;-0.129638671875;1.014404296875;;;;;;;;;;;;;;;
55.74127197265625;0.027099609375;0.01318359375;1.09912109375;;;;;;;;;;;;;;;
55.74462890625;0.04443359375;-0.011474609375;0.963134765625;;;;;;;;;;;;;;;
55.747955322265625;-0.10009765625;0.47802734375;1.00537109375;;;;;;;;;;;;;;;
55.751312255859375;-0.240234375;-0.02734375;0.79248046875;;;;;;;;;;;;;;;
55.75469970703125;0.202392578125;0.23046875;1.19873046875;;;;;;;;;;;;;;;
55.758087158203125;-0.23291015625;-0.0234375;1.138427734375;;;;;;;;;;;;;;;
55.761566162109375;-0.035888671875;-0.0595703125;0.999267578125;;;;;;;;;;;;;;;
55.764892578125;-0.146484375;0.077392578125;0.960205078125;;;;;;;;;;;;;;;
55.76824951171875;-0.0048828125;-0.101806640625;0.829833984375;;;;;;;;;;;;;;;
55.771728515625;-0.105712890625;0.357666015625;1.134521484375;;;;;;;;;;;;;;;
55.775115966796875;-0.11083984375;-0.27099609375;1.03564453125;;;;;;;;;;;;;;;
55.77850341796875;0.0380859375;0.3369140625;1.206787109375;;;;;;;;;;;;;;;
55.781890869140625;-0.22900390625;-0.040283203125;0.949951171875;;;;;;;;;;;;;;;
55.78521728515625;-0.069091796875;0.171142578125;0.916015625;;;;;;;;;;;;;;;
55.7886962890625;-0.102294921875;-0.07373046875;0.982421875;;;;;;;;;;;;;;;
55.792083740234375;0.154296875;-0.196044921875;1.049072265625;;;;;;;;;;;;;;;
55.795440673828125;-0.138671875;0.2734375;1.150390625;;;;;;;;;;;;;;;
55.798828125;-0.133544921875;-0.103271484375;0.8125;;;;;;;;;;;;;;;
55.802276611328125;-0.09033203125;0.468505859375;1.04638671875;;;;;;;;;;;;;;;
55.805633544921875;-0.322265625;-0.05126953125;1.0146484375;;;;;;;;;;;;;;;
55.808990478515625;0.080322265625;0.00244140625;1.223388671875;;;;;;;;;;;;;;;
55.812347412109375;-0.201171875;-0.09521484375;1.119384765625;;;;;;;;;;;;;;;
55.815826416015625;0.0732421875;0.096435546875;0.856689453125;;;;;;;;;;;;;;;
55.819122314453125;-0.17431640625;0.32373046875;0.917724609375;;;;;;;;;;;;;;;
55.822418212890625;-0.017578125;-0.078857421875;0.871337890625;;;;;;;;;;;;;;;
55.825836181640625;0.1083984375;0.284912109375;1.246826171875;;;;;;;;;;;;;;;
55.829132080078125;-0.033935546875;0.056884765625;1.059326171875;;;;;;;;;;;;;;;
55.83251953125;0.132568359375;0.11767578125;0.935546875;;;;;;;;;;;;;;;
55.835968017578125;-0.20068359375;0.072998046875;0.886474609375;;;;;;;;;;;;;;;
55.83935546875;0.070068359375;-0.089111328125;0.9306640625;;;;;;;;;;;;;;;
55.8427734375;-0.04541015625;0.13916015625;1.170654296875;;;;;;;;;;;;;;;
55.846160888671875;-0.00341796875;-0.154541015625;0.999267578125;;;;;;;;;;;;;;;
55.849578857421875;-0.088134765625;0.302490234375;1.05810546875;;;;;;;;;;;;;;;
55.852935791015625;-0.258056640625;0.024169921875;0.87353515625;;;;;;;;;;;;;;;
55.856292724609375;0.064697265625;0.234619140625;1.109130859375;;;;;;;;;;;;;;;
55.85968017578125;-0.01123046875;-0.003662109375;1.03369140625;;;;;;;;;;;;;;;
55.863067626953125;0.087890625;0.141845703125;1.03857421875;;;;;;;;;;;;;;;
55.866424560546875;-0.11279296875;0.330322265625;0.957275390625;;;;;;;;;;;;;;;
55.86981201171875;-0.077880859375;-0.076416015625;0.81103515625;;;;;;;;;;;;;;;
55.87322998046875;0.066650390625;0.226318359375;1.181884765625;;;;;;;;;;;;;;;
55.87664794921875;-0.114990234375;-0.06103515625;1.07958984375;;;;;;;;;;;;;;;
55.880035400390625;0.026611328125;0.062255859375;1.244873046875;;;;;;;;;;;;;;;
55.883392333984375;-0.16796875;0.095703125;0.905029296875;;;;;;;;;;;;;;;
55.88677978515625;0.0205078125;-0.02001953125;0.865234375;;;;;;;;;;;;;;;
55.89019775390625;-0.1064453125;0.286376953125;1.078857421875;;;;;;;;;;;;;;;
55.8935546875;-0.014404296875;-0.25048828125;1.011474609375;;;;;;;;;;;;;;;
55.896881103515625;-0.0947265625;0.28564453125;1.24609375;;;;;;;;;;;;;;;
55.9002685546875;-0.203125;-0.13623046875;0.880859375;;;;;;;;;;;;;;;
55.903717041015625;0.06982421875;0.208251953125;0.980224609375;;;;;;;;;;;;;;;
55.907196044921875;-0.114013671875;-0.010986328125;0.909912109375;;;;;;;;;;;;;;;
55.91064453125;0.154541015625;0.010009765625;1.095947265625;;;;;;;;;;;;;;;
55.914031982421875;-0.179931640625;0.29541015625;1.109375;;;;;;;;;;;;;;;
55.91748046875;0.0029296875;-0.093017578125;0.8701171875;;;;;;;;;;;;;;;
55.920806884765625;-0.19580078125;0.31396484375;1.097412109375;;;;;;;;;;;;;;;
55.92413330078125;-0.44189453125;-0.172607421875;0.9130859375;;;;;;;;;;;;;;;
55.927520751953125;0.19140625;-0.014404296875;1.250244140625;;;;;;;;;;;;;;;
55.93084716796875;-0.038818359375;0.0185546875;1.068115234375;;;;;;;;;;;;;;;
55.934295654296875;0.171875;0.31787109375;0.9208984375;;;;;;;;;;;;;;;
55.937652587890625;-0.208984375;0.361328125;0.851318359375;;;;;;;;;;;;;;;
55.94110107421875;0.035888671875;-0.083984375;0.88525390625;;;;;;;;;;;;;;;
55.94451904296875;0.026123046875;0.100341796875;1.272705078125;;;;;;;;;;;;;;;
55.94793701171875;-0.163818359375;-0.12841796875;1.052734375;;;;;;;;;;;;;;;
55.951263427734375;-0.001220703125;0.161376953125;1.0078125;;;;;;;;;;;;;;;
55.95465087890625;-0.239013671875;0.095947265625;0.8232421875;;;;;;;;;;;;;;;
55.957977294921875;0.05908203125;0.114013671875;0.98828125;;;;;;;;;;;;;;;
55.96148681640625;-0.14404296875;0.088623046875;1.162353515625;;;;;;;;;;;;;;;
55.964874267578125;0.02490234375;-0.14453125;1.073486328125;;;;;;;;;;;;;;;
55.96826171875;-0.1572265625;0.2109375;1.036376953125;;;;;;;;;;;;;;;
55.971710205078125;-0.33837890625;-0.0498046875;0.818115234375;;;;;;;;;;;;;;;
55.975067138671875;0.123779296875;0.289794921875;1.12451171875;;;;;;;;;;;;;;;
55.978515625;-0.09326171875;0.109375;1.01611328125;;;;;;;;;;;;;;;
55.98199462890625;0.10302734375;0.1962890625;1.104736328125;;;;;;;;;;;;;;;
55.98541259765625;-0.282958984375;-0.031982421875;0.93896484375;;;;;;;;;;;;;;;
55.98876953125;0.01123046875;-0.260986328125;0.83154296875;;;;;;;;;;;;;;;
55.992218017578125;-0.041259765625;0.151611328125;1.16455078125;;;;;;;;;;;;;;;
55.99560546875;-0.21435546875;-0.162109375;1.003173828125;;;;;;;;;;;;;;;
55.99908447265625;0.139404296875;0.217529296875;1.287109375;;;;;;;;;;;;;;;
56.002471923828125;-0.199951171875;0.115966796875;0.88330078125;;;;;;;;;;;;;;;
56.005767822265625;0.114501953125;0.244384765625;0.919921875;;;;;;;;;;;;;;;
56.00927734375;-0.295166015625;0.22509765625;0.854248046875;;;;;;;;;;;;;;;
56.01263427734375;-0.008056640625;-0.23974609375;1.045166015625;;;;;;;;;;;;;;;
56.0159912109375;-0.099853515625;0.201171875;1.218994140625;;;;;;;;;;;;;;;
56.01934814453125;-0.127685546875;-0.257080078125;0.909423828125;;;;;;;;;;;;;;;
56.022735595703125;0.14697265625;0.19580078125;1.009765625;;;;;;;;;;;;;;;
56.026153564453125;-0.189208984375;0.142333984375;0.8671875;;;;;;;;;;;;;;;
56.029541015625;0.114990234375;0.244873046875;1.109130859375;;;;;;;;;;;;;;;
56.032928466796875;-0.281982421875;0.1474609375;1.076904296875;;;;;;;;;;;;;;;
56.03631591796875;0.1162109375;-0.162841796875;0.970947265625;;;;;;;;;;;;;;;
56.039794921875;-0.21435546875;0.161376953125;1.05029296875;;;;;;;;;;;;;;;
56.043121337890625;-0.35302734375;-0.13916015625;0.85595703125;;;;;;;;;;;;;;;
56.04644775390625;0.300048828125;-0.000732421875;1.27490234375;;;;;;;;;;;;;;;
56.0498046875;0.0078125;0.0654296875;1.02099609375;;;;;;;;;;;;;;;
56.053253173828125;0.264404296875;0.345703125;1.00146484375;;;;;;;;;;;;;;;
56.05670166015625;-0.26025390625;0.3046875;0.796875;;;;;;;;;;;;;;;
56.06005859375;0.11181640625;0.04345703125;0.870361328125;;;;;;;;;;;;;;;
56.06341552734375;0.083740234375;0.00048828125;1.211181640625;;;;;;;;;;;;;;;
56.0667724609375;-0.04443359375;-0.206787109375;1.123291015625;;;;;;;;;;;;;;;
56.070098876953125;-0.148681640625;0.070068359375;1.067138671875;;;;;;;;;;;;;;;
56.07354736328125;-0.17529296875;0.033935546875;0.8125;;;;;;;;;;;;;;;
56.07696533203125;0.005126953125;0.31201171875;1.008056640625;;;;;;;;;;;;;;;
56.080413818359375;-0.08154296875;0.109619140625;1.0859375;;;;;;;;;;;;;;;
56.083831787109375;0.104736328125;0.02685546875;1.13818359375;;;;;;;;;;;;;;;
56.08721923828125;-0.207763671875;0.173095703125;1.01123046875;;;;;;;;;;;;;;;
56.090667724609375;-0.02294921875;-0.1474609375;0.84033203125;;;;;;;;;;;;;;;
56.094085693359375;0.021728515625;0.267333984375;1.109130859375;;;;;;;;;;;;;;;
56.097381591796875;-0.02099609375;0.04248046875;1.024658203125;;;;;;;;;;;;;;;
56.10076904296875;-0.021484375;0.31787109375;1.135009765625;;;;;;;;;;;;;;;
56.1041259765625;-0.271484375;-0.052734375;0.890380859375;;;;;;;;;;;;;;;
56.107421875;0.125;-0.11572265625;0.9033203125;;;;;;;;;;;;;;;
56.11077880859375;-0.083251953125;0.1171875;1.06884765625;;;;;;;;;;;;;;;
56.114105224609375;0.020751953125;-0.0146484375;1.06494140625;;;;;;;;;;;;;;;
56.117462158203125;-0.078125;0.224609375;1.247314453125;;;;;;;;;;;;;;;
56.120849609375;-0.175537109375;-0.0166015625;0.906982421875;;;;;;;;;;;;;;;
56.124176025390625;0.02294921875;0.266357421875;0.939453125;;;;;;;;;;;;;;;
56.127532958984375;-0.20068359375;0.18310546875;0.8115234375;;;;;;;;;;;;;;;
56.13092041015625;0.089111328125;-0.12939453125;1.063232421875;;;;;;;;;;;;;;;
56.13427734375;-0.03515625;0.085205078125;1.166259765625;;;;;;;;;;;;;;;
56.13763427734375;0.05517578125;-0.2177734375;1.017822265625;;;;;;;;;;;;;;;
56.14093017578125;0.0107421875;0.303955078125;1.0283203125;;;;;;;;;;;;;;;
56.14434814453125;-0.15185546875;0.210205078125;0.891845703125;;;;;;;;;;;;;;;
56.147705078125;-0.011474609375;0.292236328125;1.141357421875;;;;;;;;;;;;;;;
56.15118408203125;-0.21630859375;-0.010498046875;1.01806640625;;;;;;;;;;;;;;;
56.15460205078125;0.142578125;-0.247314453125;1.034423828125;;;;;;;;;;;;;;;
56.158111572265625;-0.208740234375;0.12255859375;0.83056640625;;;;;;;;;;;;;;;
56.161590576171875;-0.101806640625;0.04638671875;0.8623046875;;;;;;;;;;;;;;;
56.165069580078125;0.14453125;0.17431640625;1.250732421875;;;;;;;;;;;;;;;
56.16851806640625;-0.01904296875;-0.004638671875;1.045654296875;;;;;;;;;;;;;;;
56.171966552734375;0.10400390625;0.233642578125;1.077392578125;;;;;;;;;;;;;;;
56.17535400390625;-0.3017578125;0.17138671875;0.74072265625;;;;;;;;;;;;;;;
56.17877197265625;0.141845703125;0.10791015625;0.88427734375;;;;;;;;;;;;;;;
56.182220458984375;-0.01123046875;0.111328125;1.154541015625;;;;;;;;;;;;;;;
56.185546875;-0.02197265625;-0.1982421875;1.0966796875;;;;;;;;;;;;;;;
56.18890380859375;0.037109375;0.141357421875;1.118408203125;;;;;;;;;;;;;;;
56.192291259765625;-0.1884765625;-0.115966796875;0.81298828125;;;;;;;;;;;;;;;
56.195587158203125;0.030029296875;0.361328125;1.02685546875;;;;;;;;;;;;;;;
56.198974609375;-0.1298828125;-0.00048828125;1.0224609375;;;;;;;;;;;;;;;
56.202392578125;0.187255859375;0.268310546875;1.1767578125;;;;;;;;;;;;;;;
56.205718994140625;-0.26416015625;0.24267578125;0.955810546875;;;;;;;;;;;;;;;
56.20916748046875;0.213623046875;-0.075927734375;0.7490234375;;;;;;;;;;;;;;;
56.212554931640625;0.170166015625;0.178955078125;1.1162109375;;;;;;;;;;;;;;;
56.215972900390625;-0.052001953125;-0.041259765625;0.978515625;;;;;;;;;;;;;;;
56.219329833984375;-0.02880859375;0.192138671875;1.220947265625;;;;;;;;;;;;;;;
56.22265625;-0.3779296875;-0.129150390625;0.871826171875;;;;;;;;;;;;;;;
56.226104736328125;0.110107421875;0.083984375;0.935546875;;;;;;;;;;;;;;;
56.229522705078125;-0.2412109375;0.163818359375;0.971923828125;;;;;;;;;;;;;;;
56.23297119140625;0.012939453125;0.13916015625;1.003173828125;;;;;;;;;;;;;;;
56.236297607421875;0.282470703125;0.158203125;1.294921875;;;;;;;;;;;;;;;
56.239715576171875;-0.139892578125;-0.0400390625;0.894775390625;;;;;;;;;;;;;;;
56.243133544921875;0.1015625;0.104248046875;1.0107421875;;;;;;;;;;;;;;;
56.24652099609375;-0.311279296875;0.09033203125;0.73681640625;;;;;;;;;;;;;;;
56.2498779296875;0.135986328125;0.161865234375;1.131103515625;;;;;;;;;;;;;;;
56.2532958984375;-0.1953125;0.015869140625;1.069091796875;;;;;;;;;;;;;;;
56.256744384765625;0.1103515625;-0.183837890625;1.057861328125;;;;;;;;;;;;;;;
56.2601318359375;-0.0234375;0.243896484375;1.030029296875;;;;;;;;;;;;;;;
56.263458251953125;-0.146240234375;0.15478515625;0.835205078125;;;;;;;;;;;;;;;
56.26690673828125;0.033447265625;0.28759765625;1.14697265625;;;;;;;;;;;;;;;
56.270263671875;-0.167236328125;-0.20654296875;1.010986328125;;;;;;;;;;;;;;;
56.273681640625;0.1552734375;0.3115234375;1.08837890625;;;;;;;;;;;;;;;
56.27703857421875;-0.283935546875;0.003662109375;0.78955078125;;;;;;;;;;;;;;;
56.280426025390625;-0.064697265625;0.213623046875;0.841796875;;;;;;;;;;;;;;;
56.2838134765625;0.261474609375;0.152587890625;1.23828125;;;;;;;;;;;;;;;
56.287261962890625;-0.105224609375;0.01318359375;1.07275390625;;;;;;;;;;;;;;;
56.290618896484375;0.08251953125;0.165771484375;1.1689453125;;;;;;;;;;;;;;;
56.293975830078125;-0.330322265625;0.032958984375;0.73095703125;;;;;;;;;;;;;;;
56.297332763671875;0.09765625;0.302001953125;0.970703125;;;;;;;;;;;;;;;
56.30072021484375;-0.0380859375;-0.021728515625;1.052978515625;;;;;;;;;;;;;;;
56.304168701171875;0.029296875;-0.167236328125;1.1533203125;;;;;;;;;;;;;;;
56.3074951171875;-0.069091796875;0.110595703125;1.1103515625;;;;;;;;;;;;;;;
56.310882568359375;-0.148193359375;0.000732421875;0.828369140625;;;;;;;;;;;;;;;
56.31427001953125;-0.04638671875;0.376708984375;1.029052734375;;;;;;;;;;;;;;;
56.31768798828125;-0.066650390625;-0.11474609375;0.959716796875;;;;;;;;;;;;;;;
56.32110595703125;0.06494140625;0.320556640625;1.208984375;;;;;;;;;;;;;;;
56.324493408203125;-0.2470703125;0.06396484375;0.92236328125;;;;;;;;;;;;;;;
56.327972412109375;0.22314453125;0.05419921875;0.832275390625;;;;;;;;;;;;;;;
56.331329345703125;0.012451171875;0.186279296875;1.04541015625;;;;;;;;;;;;;;;
56.334716796875;-0.0712890625;-0.07666015625;1.01318359375;;;;;;;;;;;;;;;
56.338104248046875;-0.118408203125;0.1669921875;1.22705078125;;;;;;;;;;;;;;;
56.341552734375;-0.226318359375;-0.32080078125;0.90673828125;;;;;;;;;;;;;;;
56.344879150390625;-0.02587890625;0.214599609375;0.9833984375;;;;;;;;;;;;;;;
56.34832763671875;-0.21875;0.127685546875;0.895751953125;;;;;;;;;;;;;;;
56.3516845703125;0.1982421875;0.283935546875;1.081787109375;;;;;;;;;;;;;;;
56.3551025390625;0.030029296875;0.15625;1.219482421875;;;;;;;;;;;;;;;
56.358489990234375;-0.101806640625;-0.156982421875;0.955810546875;;;;;;;;;;;;;;;
56.36181640625;-0.08642578125;0.0439453125;1.0185546875;;;;;;;;;;;;;;;
56.365203857421875;-0.167236328125;-0.0732421875;0.76953125;;;;;;;;;;;;;;;
56.368560791015625;-0.039306640625;0.346923828125;1.142578125;;;;;;;;;;;;;;;
56.371978759765625;-0.10302734375;-0.000244140625;1.06396484375;;;;;;;;;;;;;;;
56.37542724609375;0.058349609375;0.072998046875;1.156982421875;;;;;;;;;;;;;;;
56.37884521484375;-0.262939453125;0.135986328125;1.013671875;;;;;;;;;;;;;;;
56.382293701171875;-0.129638671875;0.03125;0.864501953125;;;;;;;;;;;;;;;
56.38568115234375;-0.07275390625;0.1748046875;1.103515625;;;;;;;;;;;;;;;
56.3890380859375;0.113525390625;-0.391845703125;1.007080078125;;;;;;;;;;;;;;;
56.3924560546875;-0.01416015625;0.384521484375;1.168212890625;;;;;;;;;;;;;;;
56.39581298828125;-0.282958984375;0.0576171875;0.743408203125;;;;;;;;;;;;;;;
56.39923095703125;0.15771484375;0.355224609375;0.925537109375;;;;;;;;;;;;;;;
56.40264892578125;-0.097900390625;0.143310546875;1.110595703125;;;;;;;;;;;;;;;
56.406036376953125;-0.010986328125;-0.0986328125;1.12548828125;;;;;;;;;;;;;;;
56.409454345703125;-0.16650390625;0.028564453125;1.166259765625;;;;;;;;;;;;;;;
56.41290283203125;-0.173095703125;-0.321044921875;0.77587890625;;;;;;;;;;;;;;;
56.416229248046875;-0.057861328125;0.380126953125;0.993408203125;;;;;;;;;;;;;;;
56.41961669921875;-0.116943359375;0.015625;0.99462890625;;;;;;;;;;;;;;;
56.423004150390625;0.13671875;0.02490234375;1.233154296875;;;;;;;;;;;;;;;
56.426422119140625;-0.210693359375;0.198974609375;1.0869140625;;;;;;;;;;;;;;;
56.42974853515625;-0.124755859375;-0.0283203125;0.84716796875;;;;;;;;;;;;;;;
56.433074951171875;-0.1484375;0.370849609375;0.9970703125;;;;;;;;;;;;;;;
56.436431884765625;-0.00537109375;-0.248291015625;0.927001953125;;;;;;;;;;;;;;;
56.43988037109375;0.068359375;0.309814453125;1.210205078125;;;;;;;;;;;;;;;
56.443206787109375;-0.15576171875;0.00341796875;0.947509765625;;;;;;;;;;;;;;;
56.446624755859375;0.130126953125;0.234619140625;0.900634765625;;;;;;;;;;;;;;;
56.450042724609375;-0.105224609375;0.1328125;0.992919921875;;;;;;;;;;;;;;;
56.453460693359375;-0.063232421875;-0.05810546875;1.01953125;;;;;;;;;;;;;;;
56.456787109375;-0.138671875;0.064697265625;1.245361328125;;;;;;;;;;;;;;;
56.460174560546875;-0.110595703125;-0.22412109375;0.937744140625;;;;;;;;;;;;;;;
56.463592529296875;-0.029541015625;0.3955078125;1.01171875;;;;;;;;;;;;;;;
56.467041015625;-0.19580078125;0.0830078125;0.814208984375;;;;;;;;;;;;;;;
56.4703369140625;0.29052734375;0.29931640625;1.160400390625;;;;;;;;;;;;;;;
56.4737548828125;-0.254638671875;0.095947265625;1.161865234375;;;;;;;;;;;;;;;
56.4771728515625;-0.049560546875;-0.126708984375;0.9892578125;;;;;;;;;;;;;;;
56.4805908203125;-0.244140625;0.04833984375;1.00439453125;;;;;;;;;;;;;;;
56.484039306640625;-0.082763671875;-0.08837890625;0.79541015625;;;;;;;;;;;;;;;
56.48748779296875;-0.0751953125;0.437255859375;1.106689453125;;;;;;;;;;;;;;;
56.4908447265625;-0.076171875;-0.15771484375;1.02587890625;;;;;;;;;;;;;;;
56.494171142578125;0.0927734375;0.24658203125;1.251953125;;;;;;;;;;;;;;;
56.497589111328125;-0.33935546875;0.01513671875;1.00146484375;;;;;;;;;;;;;;;
56.5010986328125;-0.13720703125;0.077392578125;0.849365234375;;;;;;;;;;;;;;;
56.50445556640625;-0.078125;0.059326171875;1.01416015625;;;;;;;;;;;;;;;
56.507781982421875;0.119140625;-0.294921875;1.023193359375;;;;;;;;;;;;;;;
56.5111083984375;-0.098388671875;0.369873046875;1.14208984375;;;;;;;;;;;;;;;
56.51446533203125;-0.167724609375;0.03369140625;0.809814453125;;;;;;;;;;;;;;;
56.517822265625;0.245361328125;0.427001953125;1.0048828125;;;;;;;;;;;;;;;
56.52117919921875;-0.2548828125;-0.00390625;1.076416015625;;;;;;;;;;;;;;;
56.524505615234375;-0.077392578125;-0.1123046875;1.123046875;;;;;;;;;;;;;;;
56.527862548828125;-0.240478515625;-0.0703125;1.16943359375;;;;;;;;;;;;;;;
56.531219482421875;-0.01171875;-0.10498046875;0.841796875;;;;;;;;;;;;;;;
56.534637451171875;-0.148681640625;0.416748046875;0.962890625;;;;;;;;;;;;;;;
56.538055419921875;-0.246826171875;-0.05126953125;0.904052734375;;;;;;;;;;;;;;;
56.541412353515625;0.12353515625;0.249267578125;1.24951171875;;;;;;;;;;;;;;;
56.54473876953125;-0.091552734375;0.120361328125;1.117431640625;;;;;;;;;;;;;;;
56.548095703125;-0.1025390625;0.0556640625;0.872314453125;;;;;;;;;;;;;;;
56.551513671875;-0.111083984375;0.178955078125;0.939697265625;;;;;;;;;;;;;;;
56.554931640625;0.00927734375;-0.2568359375;0.930419921875;;;;;;;;;;;;;;;
56.558349609375;-0.009521484375;0.227294921875;1.210205078125;;;;;;;;;;;;;;;
56.561767578125;-0.0751953125;-0.114990234375;0.97900390625;;;;;;;;;;;;;;;
56.565185546875;0.016845703125;0.37451171875;1.085693359375;;;;;;;;;;;;;;;
56.56854248046875;-0.173095703125;0.1220703125;0.927978515625;;;;;;;;;;;;;;;
56.5718994140625;-0.06640625;0.121826171875;1.0341796875;;;;;;;;;;;;;;;
56.57537841796875;-0.081787109375;-0.01904296875;1.24853515625;;;;;;;;;;;;;;;
56.57879638671875;-0.03173828125;-0.162109375;1.008544921875;;;;;;;;;;;;;;;
56.58221435546875;-0.12060546875;0.346923828125;1.001708984375;;;;;;;;;;;;;;;
56.585662841796875;-0.117431640625;-0.172607421875;0.748291015625;;;;;;;;;;;;;;;
56.5889892578125;0.14208984375;0.416015625;1.1708984375;;;;;;;;;;;;;;;
56.5924072265625;-0.15576171875;0.0927734375;1.092529296875;;;;;;;;;;;;;;;
56.59576416015625;0.064208984375;0.1240234375;1.036376953125;;;;;;;;;;;;;;;
56.599151611328125;-0.19287109375;-0.023193359375;0.98681640625;;;;;;;;;;;;;;;
56.60260009765625;0.0009765625;-0.167724609375;0.818603515625;;;;;;;;;;;;;;;
56.605926513671875;-0.047119140625;0.3134765625;1.09765625;;;;;;;;;;;;;;;
56.60931396484375;-0.0966796875;-0.32177734375;0.981201171875;;;;;;;;;;;;;;;
56.61273193359375;0.017822265625;0.276611328125;1.249755859375;;;;;;;;;;;;;;;
56.61614990234375;-0.182373046875;-0.045166015625;0.917724609375;;;;;;;;;;;;;;;
56.619537353515625;0.07958984375;0.230224609375;0.916748046875;;;;;;;;;;;;;;;
56.622955322265625;-0.189697265625;0.0751953125;0.9453125;;;;;;;;;;;;;;;
56.6263427734375;0.136474609375;-0.18798828125;1.08740234375;;;;;;;;;;;;;;;
56.629730224609375;-0.242919921875;0.26513671875;1.142578125;;;;;;;;;;;;;;;
56.633087158203125;-0.02490234375;-0.153564453125;0.854736328125;;;;;;;;;;;;;;;
56.636505126953125;-0.1240234375;0.425048828125;1.061279296875;;;;;;;;;;;;;;;
56.639923095703125;-0.38623046875;-0.09130859375;0.9091796875;;;;;;;;;;;;;;;
56.643280029296875;0.296875;-0.09814453125;1.2431640625;;;;;;;;;;;;;;;
56.646636962890625;-0.175048828125;0.01416015625;1.123046875;;;;;;;;;;;;;;;
56.6500244140625;0.142578125;0.12939453125;0.932373046875;;;;;;;;;;;;;;;
56.6533203125;-0.287353515625;0.399169921875;0.878173828125;;;;;;;;;;;;;;;
56.65673828125;-0.290771484375;-0.10888671875;0.837158203125;;;;;;;;;;;;;;;
56.66009521484375;0.083251953125;0.221923828125;1.2822265625;;;;;;;;;;;;;;;
56.6634521484375;-0.178466796875;-0.014892578125;1.05712890625;;;;;;;;;;;;;;;
56.666839599609375;0.004638671875;0.06103515625;0.963134765625;;;;;;;;;;;;;;;
56.670196533203125;-0.236328125;0.11669921875;0.85791015625;;;;;;;;;;;;;;;
56.673614501953125;0.11572265625;-0.107177734375;0.943603515625;;;;;;;;;;;;;;;
56.67706298828125;-0.0283203125;0.1728515625;1.175537109375;;;;;;;;;;;;;;;
56.680419921875;0.027587890625;-0.207763671875;1.05810546875;;;;;;;;;;;;;;;
56.683868408203125;-0.216796875;0.35498046875;1.092041015625;;;;;;;;;;;;;;;
56.687255859375;-0.3544921875;-0.05810546875;0.848388671875;;;;;;;;;;;;;;;
56.69061279296875;0.048828125;0.146728515625;1.089111328125;;;;;;;;;;;;;;;
56.694000244140625;-0.10009765625;0.058837890625;1.003662109375;;;;;;;;;;;;;;;
56.6973876953125;0.105712890625;0.027099609375;1.072021484375;;;;;;;;;;;;;;;
56.700714111328125;-0.19775390625;0.2587890625;1.0107421875;;;;;;;;;;;;;;;
56.704071044921875;-0.0703125;-0.2431640625;0.800537109375;;;;;;;;;;;;;;;
56.707366943359375;0.041015625;0.2880859375;1.169189453125;;;;;;;;;;;;;;;
56.710723876953125;-0.380859375;-0.067138671875;1.033203125;;;;;;;;;;;;;;;
56.714111328125;0.078125;0.171630859375;1.10595703125;;;;;;;;;;;;;;;
56.717498779296875;-0.229248046875;0.1171875;0.93212890625;;;;;;;;;;;;;;;
56.7208251953125;0.077392578125;0.033935546875;0.865966796875;;;;;;;;;;;;;;;
56.7242431640625;-0.188720703125;0.244873046875;1.079833984375;;;;;;;;;;;;;;;
56.727630615234375;-0.01513671875;-0.30810546875;1.020751953125;;;;;;;;;;;;;;;
56.73101806640625;-0.104248046875;0.29150390625;1.250732421875;;;;;;;;;;;;;;;
56.734405517578125;-0.304443359375;-0.216064453125;0.93408203125;;;;;;;;;;;;;;;
56.73773193359375;0.0;0.2412109375;0.969482421875;;;;;;;;;;;;;;;
56.741119384765625;-0.19677734375;0.102783203125;0.87109375;;;;;;;;;;;;;;;
56.744537353515625;0.20849609375;0.080322265625;1.0673828125;;;;;;;;;;;;;;;
56.748016357421875;-0.18994140625;0.1611328125;1.137939453125;;;;;;;;;;;;;;;
56.751373291015625;0.0048828125;-0.252685546875;0.943603515625;;;;;;;;;;;;;;;
56.7547607421875;-0.205810546875;0.264404296875;1.072509765625;;;;;;;;;;;;;;;
56.7581787109375;-0.485595703125;-0.177978515625;0.86376953125;;;;;;;;;;;;;;;
56.7615966796875;0.281982421875;0.012939453125;1.23046875;;;;;;;;;;;;;;;
56.76495361328125;-0.03857421875;0.055419921875;1.092529296875;;;;;;;;;;;;;;;
56.768402099609375;0.20849609375;0.286376953125;0.973876953125;;;;;;;;;;;;;;;
56.771759033203125;-0.201904296875;0.259033203125;0.857421875;;;;;;;;;;;;;;;
56.775146484375;0.0732421875;-0.08056640625;0.84423828125;;;;;;;;;;;;;;;
56.77850341796875;0.077392578125;0.10107421875;1.2177734375;;;;;;;;;;;;;;;
56.781890869140625;-0.104248046875;-0.109130859375;1.12060546875;;;;;;;;;;;;;;;
56.785308837890625;0.022216796875;0.115966796875;1.0380859375;;;;;;;;;;;;;;;
56.788665771484375;-0.23193359375;0.02587890625;0.826171875;;;;;;;;;;;;;;;
56.792144775390625;0.107421875;0.119384765625;0.959228515625;;;;;;;;;;;;;;;
56.795562744140625;0.019287109375;0.13427734375;1.14404296875;;;;;;;;;;;;;;;
56.79901123046875;0.11474609375;-0.023681640625;1.119384765625;;;;;;;;;;;;;;;
56.80242919921875;-0.209716796875;0.371826171875;1.05126953125;;;;;;;;;;;;;;;
56.8057861328125;-0.275634765625;-0.1259765625;0.825927734375;;;;;;;;;;;;;;;
56.809173583984375;0.061279296875;0.148681640625;1.113037109375;;;;;;;;;;;;;;;
56.8126220703125;-0.07080078125;-0.08984375;0.978271484375;;;;;;;;;;;;;;;
56.815948486328125;0.1875;0.20458984375;1.097412109375;;;;;;;;;;;;;;;
56.819427490234375;-0.157470703125;0.18212890625;0.94482421875;;;;;;;;;;;;;;;
56.82281494140625;0.056640625;-0.07958984375;0.882080078125;;;;;;;;;;;;;;;
56.826141357421875;-0.074951171875;0.260009765625;1.078125;;;;;;;;;;;;;;;
56.829620361328125;-0.07568359375;-0.052490234375;1.03173828125;;;;;;;;;;;;;;;
56.83294677734375;0.098876953125;0.1552734375;1.322265625;;;;;;;;;;;;;;;
56.836395263671875;-0.277099609375;-0.033203125;0.8896484375;;;;;;;;;;;;;;;
56.83978271484375;0.171630859375;0.165283203125;0.91357421875;;;;;;;;;;;;;;;
56.843109130859375;-0.22265625;0.22265625;0.991943359375;;;;;;;;;;;;;;;
56.846435546875;0.052734375;-0.066650390625;1.0166015625;;;;;;;;;;;;;;;
56.849884033203125;-0.022705078125;0.28271484375;1.20166015625;;;;;;;;;;;;;;;
56.853240966796875;0.01611328125;-0.21630859375;0.923583984375;;;;;;;;;;;;;;;
56.856719970703125;0.139892578125;0.1826171875;1.0341796875;;;;;;;;;;;;;;;
56.86016845703125;-0.22412109375;0.171875;0.838134765625;;;;;;;;;;;;;;;
56.86358642578125;0.09130859375;0.30029296875;1.1025390625;;;;;;;;;;;;;;;
56.86700439453125;-0.1865234375;0.087646484375;1.045654296875;;;;;;;;;;;;;;;
56.870330810546875;0.13818359375;-0.1953125;1.041748046875;;;;;;;;;;;;;;;
56.87371826171875;-0.185546875;0.14404296875;1.018798828125;;;;;;;;;;;;;;;
56.8770751953125;-0.19384765625;-0.10546875;0.869873046875;;;;;;;;;;;;;;;
56.880401611328125;0.155029296875;0.012451171875;1.251220703125;;;;;;;;;;;;;;;
56.883819580078125;-0.00390625;0.097412109375;1.021240234375;;;;;;;;;;;;;;;
56.887237548828125;0.189697265625;0.372802734375;1.046630859375;;;;;;;;;;;;;;;
56.89056396484375;-0.266357421875;0.28271484375;0.773193359375;;;;;;;;;;;;;;;
56.8939208984375;0.045166015625;0.06494140625;0.87158203125;;;;;;;;;;;;;;;
56.897308349609375;-0.0439453125;-0.01123046875;1.1845703125;;;;;;;;;;;;;;;
56.900665283203125;-0.0341796875;-0.2880859375;1.0966796875;;;;;;;;;;;;;;;
56.904052734375;-0.0615234375;0.096435546875;1.1533203125;;;;;;;;;;;;;;;
56.907470703125;-0.216064453125;0.026123046875;0.77490234375;;;;;;;;;;;;;;;
56.910797119140625;0.06689453125;0.344482421875;1.00244140625;;;;;;;;;;;;;;;
56.914276123046875;-0.185546875;0.111572265625;1.070068359375;;;;;;;;;;;;;;;
56.917633056640625;0.069580078125;0.119384765625;1.15380859375;;;;;;;;;;;;;;;
56.9210205078125;-0.23876953125;0.18359375;1.03662109375;;;;;;;;;;;;;;;
56.924407958984375;-0.37939453125;-0.158935546875;0.748046875;;;;;;;;;;;;;;;
56.9278564453125;0.193115234375;0.22900390625;1.130859375;;;;;;;;;;;;;;;
56.931243896484375;-0.0185546875;0.041748046875;0.953857421875;;;;;;;;;;;;;;;
56.934661865234375;0.270751953125;0.241455078125;1.19482421875;;;;;;;;;;;;;;;
56.93798828125;-0.311279296875;-0.02001953125;0.91064453125;;;;;;;;;;;;;;;
56.941375732421875;0.08251953125;-0.002197265625;0.922607421875;;;;;;;;;;;;;;;
56.944732666015625;-0.198486328125;0.175537109375;1.03076171875;;;;;;;;;;;;;;;
56.9481201171875;-0.122314453125;-0.123046875;0.93359375;;;;;;;;;;;;;;;
56.951507568359375;0.370361328125;0.124755859375;1.334228515625;;;;;;;;;;;;;;;
56.954833984375;-0.125732421875;-0.043212890625;0.899658203125;;;;;;;;;;;;;;;
56.958282470703125;0.20751953125;0.25537109375;1.009521484375;;;;;;;;;;;;;;;
56.961639404296875;-0.361083984375;0.158203125;0.728759765625;;;;;;;;;;;;;;;
56.965057373046875;0.1201171875;0.12451171875;1.07470703125;;;;;;;;;;;;;;;
56.968536376953125;-0.150146484375;0.13330078125;1.13330078125;;;;;;;;;;;;;;;
56.972015380859375;0.033203125;-0.18603515625;1.00830078125;;;;;;;;;;;;;;;
56.975433349609375;0.018310546875;0.196044921875;1.046875;;;;;;;;;;;;;;;
56.97882080078125;-0.1865234375;0.265380859375;0.80712890625;;;;;;;;;;;;;;;
56.982208251953125;0.077880859375;0.3291015625;1.140380859375;;;;;;;;;;;;;;;
56.98565673828125;-0.2099609375;-0.091064453125;1.0078125;;;;;;;;;;;;;;;
56.989044189453125;0.205078125;-0.158203125;1.105712890625;;;;;;;;;;;;;;;
56.992401123046875;-0.305419921875;0.00146484375;0.968994140625;;;;;;;;;;;;;;;
56.995819091796875;-0.231201171875;0.130126953125;0.782958984375;;;;;;;;;;;;;;;
56.999114990234375;0.33251953125;0.118408203125;1.244873046875;;;;;;;;;;;;;;;
57.002471923828125;-0.026123046875;0.1201171875;1.02197265625;;;;;;;;;;;;;;;
57.005859375;0.1806640625;0.325439453125;1.153564453125;;;;;;;;;;;;;;;
57.00921630859375;-0.378173828125;0.14013671875;0.7392578125;;;;;;;;;;;;;;;
57.012603759765625;0.13916015625;0.16552734375;0.882568359375;;;;;;;;;;;;;;;
57.016021728515625;0.019287109375;-0.091796875;1.09765625;;;;;;;;;;;;;;;
57.01934814453125;-0.06298828125;-0.309326171875;1.11181640625;;;;;;;;;;;;;;;
57.022735595703125;-0.037841796875;0.13134765625;1.163330078125;;;;;;;;;;;;;;;
57.026092529296875;-0.199462890625;0.04638671875;0.796630859375;;;;;;;;;;;;;;;
57.029510498046875;-0.040771484375;0.4990234375;1.036376953125;;;;;;;;;;;;;;;
57.032867431640625;-0.158203125;0.008544921875;0.978271484375;;;;;;;;;;;;;;;
57.036285400390625;0.124267578125;0.23046875;1.196533203125;;;;;;;;;;;;;;;
57.039703369140625;-0.195068359375;0.05029296875;0.99853515625;;;;;;;;;;;;;;;
57.043060302734375;0.083984375;-0.08837890625;0.84228515625;;;;;;;;;;;;;;;
57.046417236328125;-0.062744140625;0.165283203125;1.0458984375;;;;;;;;;;;;;;;
57.049835205078125;-0.004150390625;-0.021728515625;0.970458984375;;;;;;;;;;;;;;;
57.05316162109375;-0.148193359375;0.304931640625;1.230224609375;;;;;;;;;;;;;;;
57.0565185546875;-0.239501953125;-0.18310546875;0.912109375;;;;;;;;;;;;;;;
57.059906005859375;-0.024658203125;0.1669921875;0.97998046875;;;;;;;;;;;;;;;
57.0633544921875;-0.181396484375;0.048583984375;0.939697265625;;;;;;;;;;;;;;;
57.066741943359375;0.056640625;0.154052734375;1.05078125;;;;;;;;;;;;;;;
57.070098876953125;0.011474609375;0.107421875;1.209228515625;;;;;;;;;;;;;;;
57.073516845703125;-0.041015625;-0.078369140625;0.936767578125;;;;;;;;;;;;;;;
57.076995849609375;-0.02734375;0.145751953125;1.0380859375;;;;;;;;;;;;;;;
57.08038330078125;-0.2314453125;0.04931640625;0.77490234375;;;;;;;;;;;;;;;
57.083770751953125;0.10107421875;0.228759765625;1.101806640625;;;;;;;;;;;;;;;
57.08721923828125;-0.040283203125;0.013671875;1.116455078125;;;;;;;;;;;;;;;
57.09063720703125;0.015869140625;-0.05029296875;1.14892578125;;;;;;;;;;;;;;;
57.094024658203125;-0.133544921875;0.235595703125;1.021484375;;;;;;;;;;;;;;;
57.097442626953125;-0.133544921875;0.14111328125;0.83935546875;;;;;;;;;;;;;;;
57.10089111328125;-0.096435546875;0.298095703125;1.126220703125;;;;;;;;;;;;;;;
57.10430908203125;-0.065673828125;-0.29345703125;0.9931640625;;;;;;;;;;;;;;;
57.107635498046875;0.038818359375;0.01123046875;1.158447265625;;;;;;;;;;;;;;;
57.11102294921875;-0.220703125;-0.015869140625;0.8115234375;;;;;;;;;;;;;;;
57.114471435546875;0.03857421875;0.29638671875;0.8876953125;;;;;;;;;;;;;;;
57.11785888671875;-0.067626953125;0.2353515625;1.1328125;;;;;;;;;;;;;;;
57.121246337890625;-0.015380859375;-0.0546875;1.037841796875;;;;;;;;;;;;;;;
57.12469482421875;-0.064208984375;0.15234375;1.192138671875;;;;;;;;;;;;;;;
57.128173828125;-0.21533203125;0.029296875;0.7724609375;;;;;;;;;;;;;;;
57.131591796875;0.029296875;0.320556640625;0.90380859375;;;;;;;;;;;;;;;
57.135009765625;-0.03662109375;-0.010498046875;1.033203125;;;;;;;;;;;;;;;
57.138397216796875;0.09716796875;-0.09716796875;1.182861328125;;;;;;;;;;;;;;;
57.14178466796875;-0.192626953125;0.1689453125;1.168212890625;;;;;;;;;;;;;;;
57.14520263671875;-0.15771484375;-0.02783203125;0.830078125;;;;;;;;;;;;;;;
57.14862060546875;-0.12158203125;0.419189453125;0.998291015625;;;;;;;;;;;;;;;
57.152069091796875;-0.008544921875;-0.087646484375;0.897216796875;;;;;;;;;;;;;;;
57.15545654296875;0.129150390625;0.301025390625;1.1875;;;;;;;;;;;;;;;
57.1588134765625;-0.110595703125;0.053955078125;0.997314453125;;;;;;;;;;;;;;;
57.162139892578125;0.12451171875;0.112548828125;0.8701171875;;;;;;;;;;;;;;;
57.16552734375;-0.0703125;0.1494140625;0.990966796875;;;;;;;;;;;;;;;
57.16900634765625;-0.060791015625;-0.072021484375;0.953125;;;;;;;;;;;;;;;
57.17242431640625;-0.032958984375;0.152099609375;1.252685546875;;;;;;;;;;;;;;;
57.17578125;-0.2099609375;-0.23681640625;0.92919921875;;;;;;;;;;;;;;;
57.17919921875;0.070068359375;0.286865234375;1.01318359375;;;;;;;;;;;;;;;
57.18255615234375;-0.22607421875;0.114501953125;0.838623046875;;;;;;;;;;;;;;;
57.18603515625;0.297607421875;0.358642578125;1.05859375;;;;;;;;;;;;;;;
57.18939208984375;0.074951171875;0.126708984375;1.24462890625;;;;;;;;;;;;;;;
57.1927490234375;-0.08251953125;-0.1650390625;0.97900390625;;;;;;;;;;;;;;;
57.196136474609375;-0.123779296875;0.032470703125;1.05029296875;;;;;;;;;;;;;;;
57.19952392578125;-0.14404296875;-0.066650390625;0.763916015625;;;;;;;;;;;;;;;
57.202850341796875;0.162841796875;0.421875;1.09716796875;;;;;;;;;;;;;;;
57.206207275390625;-0.115966796875;0.061767578125;1.025146484375;;;;;;;;;;;;;;;
57.209564208984375;0.186767578125;0.1953125;1.207763671875;;;;;;;;;;;;;;;
57.212921142578125;0.018798828125;0.105224609375;1.041015625;;;;;;;;;;;;;;;
57.21636962890625;-0.15478515625;0.106201171875;0.811767578125;;;;;;;;;;;;;;;
57.2197265625;-0.05126953125;0.153076171875;1.10595703125;;;;;;;;;;;;;;;
57.22314453125;-0.048583984375;-0.377685546875;0.97265625;;;;;;;;;;;;;;;
57.22650146484375;0.02978515625;0.206787109375;1.175537109375;;;;;;;;;;;;;;;
57.2298583984375;-0.265869140625;0.026123046875;0.844970703125;;;;;;;;;;;;;;;
57.233306884765625;0.167724609375;0.439697265625;0.912841796875;;;;;;;;;;;;;;;
57.2366943359375;0.108642578125;0.244140625;1.13134765625;;;;;;;;;;;;;;;
57.2401123046875;-0.13427734375;-0.021728515625;1.048828125;;;;;;;;;;;;;;;
57.24346923828125;-0.12548828125;-0.00048828125;1.21728515625;;;;;;;;;;;;;;;
57.24676513671875;-0.162841796875;-0.183349609375;0.796142578125;;;;;;;;;;;;;;;
57.25018310546875;-0.05078125;0.404541015625;0.96435546875;;;;;;;;;;;;;;;
57.253509521484375;-0.1884765625;-0.056884765625;0.907470703125;;;;;;;;;;;;;;;
57.2568359375;0.106201171875;0.06005859375;1.217041015625;;;;;;;;;;;;;;;
57.260223388671875;-0.091552734375;0.124267578125;1.170654296875;;;;;;;;;;;;;;;
57.2635498046875;-0.08544921875;0.12841796875;0.85888671875;;;;;;;;;;;;;;;
57.267059326171875;-0.125;0.36767578125;0.976318359375;;;;;;;;;;;;;;;
57.270416259765625;0.0390625;-0.249755859375;0.85205078125;;;;;;;;;;;;;;;
57.27374267578125;0.0224609375;0.15625;1.21826171875;;;;;;;;;;;;;;;
57.27716064453125;-0.109619140625;-0.1376953125;0.9619140625;;;;;;;;;;;;;;;
57.280548095703125;0.0859375;0.298095703125;0.92724609375;;;;;;;;;;;;;;;
57.283905029296875;-0.0478515625;0.192138671875;0.965576171875;;;;;;;;;;;;;;;
57.287322998046875;-0.096923828125;0.137939453125;0.976318359375;;;;;;;;;;;;;;;
57.290802001953125;-0.120849609375;0.0146484375;1.273681640625;;;;;;;;;;;;;;;
57.294189453125;-0.083740234375;-0.369384765625;0.9833984375;;;;;;;;;;;;;;;
57.29766845703125;-0.08251953125;0.2802734375;1.0126953125;;;;;;;;;;;;;;;
57.300994873046875;-0.24951171875;-0.06591796875;0.7490234375;;;;;;;;;;;;;;;
57.30438232421875;0.2294921875;0.48486328125;1.123779296875;;;;;;;;;;;;;;;
57.307708740234375;-0.12646484375;0.12451171875;1.123046875;;;;;;;;;;;;;;;
57.31109619140625;-0.04833984375;0.00341796875;1.0419921875;;;;;;;;;;;;;;;
57.31451416015625;-0.2421875;-0.03662109375;1.043701171875;;;;;;;;;;;;;;;
57.317840576171875;-0.023193359375;-0.244140625;0.786865234375;;;;;;;;;;;;;;;
57.321136474609375;-0.008544921875;0.375;1.093994140625;;;;;;;;;;;;;;;
57.324493408203125;-0.064208984375;-0.063232421875;0.9658203125;;;;;;;;;;;;;;;
57.327850341796875;0.06396484375;0.296875;1.2392578125;;;;;;;;;;;;;;;
57.3311767578125;-0.166015625;0.003173828125;0.966064453125;;;;;;;;;;;;;;;
57.3345947265625;-0.012451171875;0.04345703125;0.890869140625;;;;;;;;;;;;;;;
57.33807373046875;-0.169677734375;0.114990234375;0.97802734375;;;;;;;;;;;;;;;
57.34149169921875;0.037841796875;-0.3642578125;1.037841796875;;;;;;;;;;;;;;;
57.344940185546875;-0.197265625;0.3388671875;1.16650390625;;;;;;;;;;;;;;;
57.348297119140625;-0.047119140625;-0.054931640625;0.8115234375;;;;;;;;;;;;;;;
57.351654052734375;0.161376953125;0.45458984375;1.00732421875;;;;;;;;;;;;;;;
57.355010986328125;-0.327392578125;0.20263671875;0.95068359375;;;;;;;;;;;;;;;
57.3583984375;0.10986328125;-0.12353515625;1.093994140625;;;;;;;;;;;;;;;
57.361907958984375;-0.218994140625;0.029541015625;1.154052734375;;;;;;;;;;;;;;;
57.36529541015625;0.105224609375;-0.361328125;0.913818359375;;;;;;;;;;;;;;;
57.368621826171875;-0.257568359375;0.435791015625;0.99462890625;;;;;;;;;;;;;;;
57.372039794921875;-0.192138671875;-0.05126953125;0.87548828125;;;;;;;;;;;;;;;
57.375396728515625;0.076904296875;0.366943359375;1.25830078125;;;;;;;;;;;;;;;
57.378814697265625;-0.262939453125;-0.015380859375;1.20556640625;;;;;;;;;;;;;;;
57.382171630859375;-0.156494140625;0.016845703125;0.92138671875;;;;;;;;;;;;;;;
57.385498046875;-0.133056640625;0.1318359375;0.899169921875;;;;;;;;;;;;;;;
57.38885498046875;0.1005859375;-0.16796875;0.87255859375;;;;;;;;;;;;;;;
57.3922119140625;0.008056640625;0.263671875;1.2314453125;;;;;;;;;;;;;;;
57.39556884765625;-0.12841796875;-0.127197265625;1.033447265625;;;;;;;;;;;;;;;
57.39892578125;-0.111083984375;0.3662109375;1.052490234375;;;;;;;;;;;;;;;
57.40228271484375;-0.35400390625;-0.087158203125;0.896240234375;;;;;;;;;;;;;;;
57.405731201171875;-0.03369140625;0.07861328125;0.998291015625;;;;;;;;;;;;;;;
57.40911865234375;-0.120361328125;0.019287109375;1.210693359375;;;;;;;;;;;;;;;
57.4124755859375;0.146728515625;-0.089599609375;1.04052734375;;;;;;;;;;;;;;;
57.4158935546875;-0.19091796875;0.345458984375;1.062255859375;;;;;;;;;;;;;;;
57.4193115234375;-0.10888671875;-0.19677734375;0.74462890625;;;;;;;;;;;;;;;
57.42266845703125;0.159423828125;0.33056640625;1.178955078125;;;;;;;;;;;;;;;
57.4261474609375;-0.473388671875;-0.03076171875;1.0107421875;;;;;;;;;;;;;;;
57.429534912109375;-0.22998046875;0.094482421875;1.0732421875;;;;;;;;;;;;;;;
57.432891845703125;-0.238525390625;0.106689453125;0.997802734375;;;;;;;;;;;;;;;
57.436309814453125;0.1201171875;-0.08349609375;0.843994140625;;;;;;;;;;;;;;;
57.43963623046875;0.024658203125;0.250244140625;1.111328125;;;;;;;;;;;;;;;
57.443023681640625;-0.264892578125;-0.330078125;0.986572265625;;;;;;;;;;;;;;;
57.44647216796875;0.02978515625;0.273681640625;1.2685546875;;;;;;;;;;;;;;;
57.4498291015625;-0.1708984375;-0.071533203125;0.965576171875;;;;;;;;;;;;;;;
57.45318603515625;0.009033203125;0.071044921875;0.926025390625;;;;;;;;;;;;;;;
57.456573486328125;-0.221435546875;0.142333984375;0.904541015625;;;;;;;;;;;;;;;
57.459930419921875;0.053466796875;-0.08935546875;1.056884765625;;;;;;;;;;;;;;;
57.463287353515625;-0.180419921875;0.405029296875;1.141357421875;;;;;;;;;;;;;;;
57.46673583984375;0.06005859375;-0.234619140625;0.950927734375;;;;;;;;;;;;;;;
57.470062255859375;0.18994140625;0.281494140625;1.069580078125;;;;;;;;;;;;;;;
57.473480224609375;-0.5791015625;0.090087890625;0.860595703125;;;;;;;;;;;;;;;
57.476898193359375;0.2412109375;-0.017333984375;1.20947265625;;;;;;;;;;;;;;;
57.480316162109375;-0.268310546875;0.017333984375;1.1328125;;;;;;;;;;;;;;;
57.483642578125;0.228759765625;-0.27685546875;0.972412109375;;;;;;;;;;;;;;;
57.487060546875;-0.226806640625;0.294921875;0.967041015625;;;;;;;;;;;;;;;
57.490447998046875;-0.178955078125;-0.042236328125;0.855224609375;;;;;;;;;;;;;;;
57.493804931640625;0.032470703125;0.386962890625;1.245849609375;;;;;;;;;;;;;;;
57.497222900390625;-0.31689453125;-0.073974609375;1.145263671875;;;;;;;;;;;;;;;
57.500518798828125;-0.04736328125;0.03125;0.99755859375;;;;;;;;;;;;;;;
57.50384521484375;-0.274658203125;0.009521484375;0.84814453125;;;;;;;;;;;;;;;
57.507293701171875;0.173095703125;0.0224609375;0.861328125;;;;;;;;;;;;;;;
57.510711669921875;-0.020751953125;0.14404296875;1.13623046875;;;;;;;;;;;;;;;
57.51409912109375;0.130859375;-0.156982421875;1.092041015625;;;;;;;;;;;;;;;
57.51751708984375;-0.18603515625;0.352783203125;1.11962890625;;;;;;;;;;;;;;;
57.520904541015625;-0.496337890625;-0.148193359375;0.810546875;;;;;;;;;;;;;;;
57.524322509765625;0.091796875;0.123046875;1.05517578125;;;;;;;;;;;;;;;
57.527618408203125;-0.03369140625;-0.0693359375;1.117919921875;;;;;;;;;;;;;;;
57.531036376953125;0.218994140625;0.123291015625;1.0927734375;;;;;;;;;;;;;;;
57.534515380859375;-0.12255859375;0.192138671875;0.998779296875;;;;;;;;;;;;;;;
57.537872314453125;-0.015869140625;-0.085205078125;0.77001953125;;;;;;;;;;;;;;;
57.54119873046875;-0.0078125;0.27294921875;1.099609375;;;;;;;;;;;;;;;
57.544586181640625;-0.290283203125;0.047119140625;1.0068359375;;;;;;;;;;;;;;;
57.5479736328125;0.141357421875;0.015869140625;1.157958984375;;;;;;;;;;;;;;;
57.551361083984375;-0.27294921875;-0.008056640625;0.93017578125;;;;;;;;;;;;;;;
57.55474853515625;0.17724609375;-0.072265625;0.902099609375;;;;;;;;;;;;;;;
57.558074951171875;-0.078369140625;0.25146484375;1.0126953125;;;;;;;;;;;;;;;
57.5615234375;0.048828125;-0.11767578125;1.009033203125;;;;;;;;;;;;;;;
57.564849853515625;-0.00048828125;0.338134765625;1.249267578125;;;;;;;;;;;;;;;
57.568206787109375;-0.170654296875;-0.093505859375;0.953125;;;;;;;;;;;;;;;
57.571685791015625;0.08544921875;0.14990234375;0.986083984375;;;;;;;;;;;;;;;
57.5750732421875;-0.219482421875;0.12109375;0.84228515625;;;;;;;;;;;;;;;
57.578460693359375;0.078369140625;0.072265625;1.0634765625;;;;;;;;;;;;;;;
57.581817626953125;-0.07470703125;0.115478515625;1.11572265625;;;;;;;;;;;;;;;
57.585205078125;0.075439453125;-0.29345703125;1.01416015625;;;;;;;;;;;;;;;
57.588653564453125;-0.034912109375;0.2529296875;1.020263671875;;;;;;;;;;;;;;;
57.59197998046875;-0.288330078125;0.11279296875;0.86279296875;;;;;;;;;;;;;;;
57.59527587890625;0.169189453125;0.141845703125;1.22705078125;;;;;;;;;;;;;;;
57.5986328125;-0.148681640625;0.023193359375;1.07568359375;;;;;;;;;;;;;;;
57.602020263671875;0.1796875;-0.16015625;1.022216796875;;;;;;;;;;;;;;;
57.605438232421875;-0.178955078125;0.23974609375;0.815185546875;;;;;;;;;;;;;;;
57.608856201171875;-0.113525390625;-0.035400390625;0.797119140625;;;;;;;;;;;;;;;
57.612274169921875;0.03662109375;0.30126953125;1.218994140625;;;;;;;;;;;;;;;
57.61572265625;-0.078125;-0.115966796875;1.09814453125;;;;;;;;;;;;;;;
57.619110107421875;0.125244140625;0.0947265625;1.092529296875;;;;;;;;;;;;;;;
57.62249755859375;-0.193359375;0.01611328125;0.800537109375;;;;;;;;;;;;;;;
57.625946044921875;0.091796875;0.273193359375;0.8857421875;;;;;;;;;;;;;;;
57.629302978515625;0.00146484375;0.16455078125;1.0908203125;;;;;;;;;;;;;;;
57.632781982421875;0.0625;-0.187255859375;1.10205078125;;;;;;;;;;;;;;;
57.636199951171875;-0.146484375;0.21826171875;1.142822265625;;;;;;;;;;;;;;;
57.639556884765625;-0.349853515625;-0.22021484375;0.777587890625;;;;;;;;;;;;;;;
57.64300537109375;0.19091796875;0.15234375;1.091552734375;;;;;;;;;;;;;;;
57.64642333984375;-0.0712890625;0.0283203125;1.039794921875;;;;;;;;;;;;;;;
57.649871826171875;0.207763671875;0.322998046875;1.171875;;;;;;;;;;;;;;;
57.6533203125;-0.25390625;0.191650390625;0.957763671875;;;;;;;;;;;;;;;
57.6566162109375;0.075439453125;-0.045166015625;0.76123046875;;;;;;;;;;;;;;;
57.6600341796875;-0.085205078125;0.1298828125;1.0673828125;;;;;;;;;;;;;;;
57.66339111328125;-0.175537109375;-0.08056640625;0.921875;;;;;;;;;;;;;;;
57.666778564453125;0.412353515625;0.04052734375;1.245361328125;;;;;;;;;;;;;;;
57.670196533203125;-0.183837890625;0.04150390625;0.923583984375;;;;;;;;;;;;;;;
57.673553466796875;0.168212890625;0.119873046875;0.965087890625;;;;;;;;;;;;;;;
57.677032470703125;-0.349853515625;0.16748046875;0.953125;;;;;;;;;;;;;;;
57.68060302734375;0.007568359375;0.06787109375;0.982421875;;;;;;;;;;;;;;;
57.68402099609375;-0.00244140625;0.26416015625;1.212646484375;;;;;;;;;;;;;;;
57.687347412109375;-0.28369140625;-0.159912109375;0.939208984375;;;;;;;;;;;;;;;
57.69073486328125;0.090087890625;0.107666015625;1.0546875;;;;;;;;;;;;;;;
57.694061279296875;-0.22607421875;0.20751953125;0.802490234375;;;;;;;;;;;;;;;
57.69744873046875;0.14892578125;0.17822265625;1.08984375;;;;;;;;;;;;;;;
57.700836181640625;-0.119873046875;0.0166015625;1.058837890625;;;;;;;;;;;;;;;
57.70416259765625;0.089111328125;-0.228759765625;1.082275390625;;;;;;;;;;;;;;;
57.70758056640625;-0.2216796875;0.156982421875;1.01904296875;;;;;;;;;;;;;;;
57.710968017578125;-0.306396484375;0.048095703125;0.75732421875;;;;;;;;;;;;;;;
57.714324951171875;0.44873046875;0.180908203125;1.280517578125;;;;;;;;;;;;;;;
57.7177734375;-0.077880859375;0.080078125;1.02099609375;;;;;;;;;;;;;;;
57.721099853515625;0.24951171875;0.1337890625;1.127197265625;;;;;;;;;;;;;;;
57.7244873046875;-0.388427734375;0.060791015625;0.7548828125;;;;;;;;;;;;;;;
57.727813720703125;-0.051025390625;0.084716796875;0.8408203125;;;;;;;;;;;;;;;
57.731170654296875;-0.037109375;0.08154296875;1.133056640625;;;;;;;;;;;;;;;
57.73455810546875;-0.148193359375;-0.20751953125;1.02734375;;;;;;;;;;;;;;;
57.737884521484375;0.08544921875;0.160888671875;1.1552734375;;;;;;;;;;;;;;;
57.741241455078125;-0.198974609375;0.15185546875;0.79443359375;;;;;;;;;;;;;;;
57.744659423828125;0.096435546875;0.409912109375;0.920654296875;;;;;;;;;;;;;;;
57.748077392578125;-0.078125;0.034423828125;1.0068359375;;;;;;;;;;;;;;;
57.751495361328125;0.17236328125;-0.179931640625;1.172607421875;;;;;;;;;;;;;;;
57.75482177734375;-0.21142578125;0.05126953125;1.138916015625;;;;;;;;;;;;;;;
57.75830078125;-0.384521484375;-0.138427734375;0.7646484375;;;;;;;;;;;;;;;
57.76171875;0.2548828125;0.1513671875;1.08984375;;;;;;;;;;;;;;;
57.765045166015625;-0.099853515625;0.116943359375;0.962646484375;;;;;;;;;;;;;;;
57.768402099609375;0.255126953125;0.326416015625;1.20703125;;;;;;;;;;;;;;;
57.771759033203125;-0.287109375;0.118896484375;0.937255859375;;;;;;;;;;;;;;;
57.775115966796875;0.11376953125;0.08740234375;0.82470703125;;;;;;;;;;;;;;;
57.7784423828125;-0.058349609375;-0.00439453125;0.97900390625;;;;;;;;;;;;;;;
57.781829833984375;-0.153564453125;-0.161865234375;0.953125;;;;;;;;;;;;;;;
57.78515625;0.274169921875;-0.026611328125;1.2578125;;;;;;;;;;;;;;;
57.78857421875;-0.09716796875;-0.003173828125;0.9345703125;;;;;;;;;;;;;;;
57.791900634765625;0.118896484375;0.333251953125;1.03076171875;;;;;;;;;;;;;;;
57.7952880859375;-0.31396484375;0.217529296875;0.888427734375;;;;;;;;;;;;;;;
57.798675537109375;0.034912109375;0.222900390625;1.045654296875;;;;;;;;;;;;;;;
57.8021240234375;-0.011962890625;0.094970703125;1.142333984375;;;;;;;;;;;;;;;
57.805572509765625;-0.02783203125;-0.215087890625;0.998291015625;;;;;;;;;;;;;;;
57.809051513671875;0.00634765625;0.072021484375;1.045166015625;;;;;;;;;;;;;;;
57.81243896484375;-0.130615234375;0.136962890625;0.827880859375;;;;;;;;;;;;;;;
57.815765380859375;0.174072265625;0.43408203125;1.088623046875;;;;;;;;;;;;;;;
57.819183349609375;-0.042724609375;-0.118896484375;1.03076171875;;;;;;;;;;;;;;;
57.822540283203125;-0.015380859375;-0.02685546875;1.14306640625;;;;;;;;;;;;;;;
57.825927734375;-0.189697265625;0.006591796875;0.95068359375;;;;;;;;;;;;;;;
57.829315185546875;-0.09912109375;0.09375;0.848388671875;;;;;;;;;;;;;;;
57.8326416015625;0.0712890625;0.126953125;1.1650390625;;;;;;;;;;;;;;;
57.836090087890625;-0.031494140625;-0.03125;1.01123046875;;;;;;;;;;;;;;;
57.83941650390625;0.085205078125;0.28369140625;1.184326171875;;;;;;;;;;;;;;;
57.84295654296875;-0.302490234375;0.08642578125;0.78466796875;;;;;;;;;;;;;;;
57.846343994140625;0.03125;0.23583984375;0.89794921875;;;;;;;;;;;;;;;
57.849761962890625;-0.046630859375;0.078125;1.0888671875;;;;;;;;;;;;;;;
57.853240966796875;-0.018310546875;-0.153564453125;1.1240234375;;;;;;;;;;;;;;;
57.8565673828125;-0.01220703125;0.138916015625;1.210205078125;;;;;;;;;;;;;;;
57.859893798828125;-0.15966796875;0.0771484375;0.828857421875;;;;;;;;;;;;;;;
57.863372802734375;-0.07666015625;0.5341796875;1.00439453125;;;;;;;;;;;;;;;
57.8668212890625;-0.078369140625;-0.077392578125;0.91943359375;;;;;;;;;;;;;;;
57.8701171875;0.07568359375;-0.10009765625;1.20263671875;;;;;;;;;;;;;;;
57.873504638671875;-0.172119140625;-0.096923828125;1.138916015625;;;;;;;;;;;;;;;
57.8768310546875;-0.09228515625;0.0634765625;0.8330078125;;;;;;;;;;;;;;;
57.8802490234375;-0.013427734375;0.262451171875;1.04541015625;;;;;;;;;;;;;;;
57.8836669921875;-0.17431640625;0.111083984375;0.94384765625;;;;;;;;;;;;;;;
57.88702392578125;0.04736328125;0.212158203125;1.212646484375;;;;;;;;;;;;;;;
57.89044189453125;-0.21337890625;0.057373046875;0.94091796875;;;;;;;;;;;;;;;
57.893829345703125;0.140380859375;0.126708984375;0.87353515625;;;;;;;;;;;;;;;
57.89727783203125;-0.0556640625;0.028076171875;0.9228515625;;;;;;;;;;;;;;;
57.90069580078125;0.064453125;-0.093017578125;1.01611328125;;;;;;;;;;;;;;;
57.904083251953125;-0.03173828125;0.11767578125;1.31689453125;;;;;;;;;;;;;;;
57.907440185546875;-0.1884765625;-0.0595703125;0.9765625;;;;;;;;;;;;;;;
57.9107666015625;-0.055908203125;0.32666015625;1.04931640625;;;;;;;;;;;;;;;
57.91424560546875;-0.16259765625;0.100830078125;0.778564453125;;;;;;;;;;;;;;;
57.9176025390625;0.15869140625;0.343505859375;1.04052734375;;;;;;;;;;;;;;;
57.920928955078125;-0.03466796875;0.053955078125;1.099609375;;;;;;;;;;;;;;;
57.92431640625;0.113525390625;-0.066162109375;1.002197265625;;;;;;;;;;;;;;;
57.927764892578125;0.048828125;0.098876953125;1.071533203125;;;;;;;;;;;;;;;
57.931182861328125;-0.16650390625;0.07177734375;0.832763671875;;;;;;;;;;;;;;;
57.934600830078125;-0.111083984375;0.30859375;1.1015625;;;;;;;;;;;;;;;
57.93798828125;-0.1396484375;-0.17431640625;0.986328125;;;;;;;;;;;;;;;
57.941436767578125;-0.007080078125;0.20263671875;1.15283203125;;;;;;;;;;;;;;;
57.944854736328125;-0.286376953125;-0.00537109375;0.914306640625;;;;;;;;;;;;;;;
57.948211669921875;0.228759765625;0.24951171875;0.880126953125;;;;;;;;;;;;;;;
57.951629638671875;-0.189697265625;0.180908203125;1.14208984375;;;;;;;;;;;;;;;
57.95501708984375;-0.130615234375;-0.150390625;0.989990234375;;;;;;;;;;;;;;;
57.9583740234375;-0.0986328125;0.16650390625;1.24267578125;;;;;;;;;;;;;;;
57.961761474609375;-0.19921875;-0.0302734375;0.824951171875;;;;;;;;;;;;;;;
57.965087890625;0.12451171875;0.431396484375;0.908203125;;;;;;;;;;;;;;;
57.96844482421875;-0.10546875;0.017333984375;1.00634765625;;;;;;;;;;;;;;;
57.97186279296875;0.1630859375;0.02734375;1.1181640625;;;;;;;;;;;;;;;
57.975250244140625;0.380859375;0.147216796875;1.291748046875;;;;;;;;;;;;;;;
57.978668212890625;-0.18359375;0.037109375;0.835205078125;;;;;;;;;;;;;;;
57.982025146484375;-0.140869140625;0.42578125;1.024169921875;;;;;;;;;;;;;;;
57.9854736328125;-0.203857421875;-0.182373046875;0.86767578125;;;;;;;;;;;;;;;
57.988861083984375;0.023193359375;0.13525390625;1.193359375;;;;;;;;;;;;;;;
57.992218017578125;-0.204345703125;-0.1015625;1.01318359375;;;;;;;;;;;;;;;
57.995574951171875;0.109130859375;0.2529296875;0.8388671875;;;;;;;;;;;;;;;
57.99896240234375;0.208984375;0.20703125;1.0947265625;;;;;;;;;;;;;;;
58.00238037109375;-0.351806640625;0.159912109375;0.9228515625;;;;;;;;;;;;;;;
58.00579833984375;-0.016845703125;0.069091796875;1.25439453125;;;;;;;;;;;;;;;
58.00921630859375;-0.194091796875;-0.052978515625;0.93603515625;;;;;;;;;;;;;;;
58.0125732421875;0.08544921875;0.238525390625;0.9462890625;;;;;;;;;;;;;;;
58.01593017578125;-0.158935546875;-0.006103515625;0.85546875;;;;;;;;;;;;;;;
58.01934814453125;0.140625;0.046875;1.0224609375;;;;;;;;;;;;;;;
58.022674560546875;-0.034423828125;0.194580078125;1.329345703125;;;;;;;;;;;;;;;
58.026031494140625;-0.148193359375;-0.0078125;1.00341796875;;;;;;;;;;;;;;;
58.029449462890625;-0.13671875;0.380126953125;1.086181640625;;;;;;;;;;;;;;;
58.0328369140625;-0.147216796875;-0.16455078125;0.726318359375;;;;;;;;;;;;;;;
58.03619384765625;0.124267578125;0.356689453125;1.0673828125;;;;;;;;;;;;;;;
58.03955078125;-0.157958984375;-0.133544921875;1.026123046875;;;;;;;;;;;;;;;
58.04290771484375;0.084228515625;0.14111328125;1.066162109375;;;;;;;;;;;;;;;
58.04632568359375;-0.089111328125;0.148193359375;1.022705078125;;;;;;;;;;;;;;;
58.0496826171875;-0.126708984375;0.089599609375;0.84326171875;;;;;;;;;;;;;;;
58.0531005859375;-0.123291015625;0.26806640625;1.1181640625;;;;;;;;;;;;;;;
58.056488037109375;-0.121337890625;-0.40478515625;1.0048828125;;;;;;;;;;;;;;;
58.059814453125;-0.0654296875;0.285888671875;1.151123046875;;;;;;;;;;;;;;;
58.063232421875;-0.167236328125;-0.04736328125;0.883544921875;;;;;;;;;;;;;;;
58.066650390625;0.134033203125;0.324462890625;0.92529296875;;;;;;;;;;;;;;;
58.07000732421875;-0.12646484375;0.1748046875;1.013427734375;;;;;;;;;;;;;;;
58.073394775390625;-0.074951171875;-0.089599609375;1.080810546875;;;;;;;;;;;;;;;
58.07672119140625;-0.295654296875;0.05517578125;1.193359375;;;;;;;;;;;;;;;
58.080169677734375;-0.130615234375;-0.228759765625;0.867431640625;;;;;;;;;;;;;;;
58.08349609375;-0.031005859375;0.403564453125;0.92724609375;;;;;;;;;;;;;;;
58.086883544921875;-0.214111328125;0.045654296875;0.875;;;;;;;;;;;;;;;
58.090240478515625;0.216064453125;0.1181640625;1.216064453125;;;;;;;;;;;;;;;
58.0936279296875;-0.123291015625;0.10400390625;1.18115234375;;;;;;;;;;;;;;;
58.096923828125;0.008056640625;-0.041259765625;0.929931640625;;;;;;;;;;;;;;;
58.100311279296875;-0.197265625;0.274169921875;0.948486328125;;;;;;;;;;;;;;;
58.103729248046875;-0.254638671875;-0.209228515625;0.854736328125;;;;;;;;;;;;;;;
58.107086181640625;-0.01220703125;0.2451171875;1.161865234375;;;;;;;;;;;;;;;
58.110443115234375;-0.094482421875;0.019287109375;1.014892578125;;;;;;;;;;;;;;;
58.1138916015625;0.1396484375;0.29345703125;0.97998046875;;;;;;;;;;;;;;;
58.1173095703125;-0.22900390625;0.205078125;0.9287109375;;;;;;;;;;;;;;;
58.12066650390625;-0.062255859375;-0.003662109375;0.96435546875;;;;;;;;;;;;;;;
58.1240234375;-0.060791015625;0.049072265625;1.2080078125;;;;;;;;;;;;;;;
58.12738037109375;0.060302734375;-0.1337890625;1.044921875;;;;;;;;;;;;;;;
58.130859375;-0.119140625;0.356689453125;1.06787109375;;;;;;;;;;;;;;;
58.134185791015625;-0.2421875;-0.039306640625;0.787841796875;;;;;;;;;;;;;;;
58.1375732421875;0.14599609375;0.21875;1.112548828125;;;;;;;;;;;;;;;
58.140960693359375;-0.28955078125;0.076416015625;1.2763671875;;;;;;;;;;;;;;;
58.14434814453125;-0.165283203125;-0.038818359375;1.052978515625;;;;;;;;;;;;;;;
58.147674560546875;-0.15380859375;0.14794921875;1.039306640625;;;;;;;;;;;;;;;
58.151031494140625;0.0361328125;-0.109375;0.722900390625;;;;;;;;;;;;;;;
58.15447998046875;0.13037109375;0.3544921875;1.067138671875;;;;;;;;;;;;;;;
58.15789794921875;-0.156494140625;0.001708984375;0.99658203125;;;;;;;;;;;;;;;
58.16131591796875;-0.015625;0.22265625;1.154296875;;;;;;;;;;;;;;;
58.1646728515625;-0.15966796875;-0.0146484375;1.014892578125;;;;;;;;;;;;;;;
58.167999267578125;-0.08984375;-0.013671875;0.88037109375;;;;;;;;;;;;;;;
58.17138671875;-0.12158203125;0.162841796875;1.081787109375;;;;;;;;;;;;;;;
58.174835205078125;0.036376953125;-0.195068359375;1.023193359375;;;;;;;;;;;;;;;
58.178192138671875;-0.0595703125;0.409912109375;1.183349609375;;;;;;;;;;;;;;;
58.181640625;-0.079345703125;-0.0869140625;0.85693359375;;;;;;;;;;;;;;;
58.18505859375;0.244384765625;0.287841796875;1.047607421875;;;;;;;;;;;;;;;
58.1884765625;-0.50048828125;0.123779296875;0.954345703125;;;;;;;;;;;;;;;
58.19189453125;0.0126953125;-0.090576171875;1.05224609375;;;;;;;;;;;;;;;
58.19525146484375;-0.212646484375;0.007568359375;1.198974609375;;;;;;;;;;;;;;;
58.1986083984375;0.101806640625;-0.27587890625;0.95361328125;;;;;;;;;;;;;;;
58.2020263671875;-0.135986328125;0.342041015625;0.97314453125;;;;;;;;;;;;;;;
58.20538330078125;-0.220703125;-0.0615234375;0.841796875;;;;;;;;;;;;;;;
58.208770751953125;0.19482421875;0.2744140625;1.261962890625;;;;;;;;;;;;;;;
58.21221923828125;-0.34765625;0.045166015625;1.255615234375;;;;;;;;;;;;;;;
58.215576171875;-0.2421875;-0.001220703125;0.926025390625;;;;;;;;;;;;;;;
58.218994140625;-0.13818359375;0.05712890625;0.940185546875;;;;;;;;;;;;;;;
58.222320556640625;-0.169677734375;-0.144775390625;0.859130859375;;;;;;;;;;;;;;;
58.225677490234375;0.04345703125;0.168701171875;1.177978515625;;;;;;;;;;;;;;;
58.229034423828125;-0.09716796875;-0.076904296875;1.031494140625;;;;;;;;;;;;;;;
58.232421875;0.302734375;0.38720703125;1.07666015625;;;;;;;;;;;;;;;
58.235870361328125;-0.30419921875;-0.03125;0.92724609375;;;;;;;;;;;;;;;
58.239227294921875;-0.10546875;0.083740234375;0.946044921875;;;;;;;;;;;;;;;
58.24261474609375;-0.050537109375;-0.107666015625;1.188232421875;;;;;;;;;;;;;;;
58.246124267578125;0.06884765625;-0.017822265625;1.07080078125;;;;;;;;;;;;;;;
58.24951171875;-0.140380859375;0.2880859375;1.072998046875;;;;;;;;;;;;;;;
58.2529296875;-0.310302734375;-0.126708984375;0.7490234375;;;;;;;;;;;;;;;
58.25634765625;0.21337890625;0.319580078125;1.111328125;;;;;;;;;;;;;;;
58.259674072265625;-0.358642578125;0.130615234375;1.031005859375;;;;;;;;;;;;;;;
58.2630615234375;-0.1611328125;0.00390625;1.082763671875;;;;;;;;;;;;;;;
58.26641845703125;-0.232177734375;0.068603515625;1.015380859375;;;;;;;;;;;;;;;
58.269805908203125;0.0595703125;-0.21142578125;0.873291015625;;;;;;;;;;;;;;;
58.27325439453125;-0.04541015625;0.287841796875;1.005859375;;;;;;;;;;;;;;;
58.276641845703125;-0.114013671875;-0.112548828125;0.98974609375;;;;;;;;;;;;;;;
58.28009033203125;0.07177734375;0.3076171875;1.212646484375;;;;;;;;;;;;;;;
58.2835693359375;-0.188232421875;-0.02392578125;0.97607421875;;;;;;;;;;;;;;;
58.28692626953125;0.099365234375;0.072509765625;0.933349609375;;;;;;;;;;;;;;;
58.29034423828125;-0.190185546875;0.08203125;1.0458984375;;;;;;;;;;;;;;;
58.293731689453125;0.016357421875;-0.072265625;1.0283203125;;;;;;;;;;;;;;;
58.297119140625;-0.03515625;0.302490234375;1.151611328125;;;;;;;;;;;;;;;
58.300506591796875;0.035888671875;-0.18310546875;0.844482421875;;;;;;;;;;;;;;;
58.3038330078125;0.1435546875;0.30712890625;1.041259765625;;;;;;;;;;;;;;;
58.30718994140625;-0.364501953125;0.17529296875;0.885009765625;;;;;;;;;;;;;;;
58.31060791015625;0.154052734375;0.018310546875;1.078125;;;;;;;;;;;;;;;
58.313995361328125;-0.1123046875;-0.005126953125;1.138427734375;;;;;;;;;;;;;;;
58.31732177734375;0.1201171875;-0.341796875;0.98876953125;;;;;;;;;;;;;;;
58.320770263671875;-0.09912109375;0.286865234375;0.939208984375;;;;;;;;;;;;;;;
58.324127197265625;-0.170166015625;-0.03955078125;0.7978515625;;;;;;;;;;;;;;;
58.3275146484375;0.065673828125;0.354248046875;1.223876953125;;;;;;;;;;;;;;;
58.330841064453125;-0.10986328125;-0.003173828125;1.146240234375;;;;;;;;;;;;;;;
58.33416748046875;0.0546875;0.033203125;1.0712890625;;;;;;;;;;;;;;;
58.3375244140625;-0.225830078125;-0.000244140625;0.84521484375;;;;;;;;;;;;;;;
58.340972900390625;0.06494140625;0.009521484375;0.8564453125;;;;;;;;;;;;;;;
58.344268798828125;0.045166015625;0.239990234375;1.1328125;;;;;;;;;;;;;;;
58.347625732421875;-0.00830078125;-0.114013671875;1.060546875;;;;;;;;;;;;;;;
58.35101318359375;-0.126708984375;0.336181640625;1.147216796875;;;;;;;;;;;;;;;
58.35443115234375;-0.4873046875;-0.1435546875;0.83349609375;;;;;;;;;;;;;;;
58.3577880859375;0.158203125;0.1171875;1.03515625;;;;;;;;;;;;;;;
58.361175537109375;-0.13916015625;0.030517578125;1.078369140625;;;;;;;;;;;;;;;
58.3646240234375;0.19873046875;0.11181640625;1.13330078125;;;;;;;;;;;;;;;
58.368072509765625;-0.199951171875;0.202880859375;1.0302734375;;;;;;;;;;;;;;;
58.37139892578125;-0.206787109375;-0.080078125;0.78173828125;;;;;;;;;;;;;;;
58.37481689453125;-0.092529296875;0.207763671875;1.062255859375;;;;;;;;;;;;;;;
58.378143310546875;-0.20947265625;0.0029296875;0.913330078125;;;;;;;;;;;;;;;
58.381622314453125;0.320556640625;0.0185546875;1.2158203125;;;;;;;;;;;;;;;
58.385009765625;-0.29541015625;0.07470703125;0.9384765625;;;;;;;;;;;;;;;
58.388336181640625;0.152587890625;-0.0771484375;0.9208984375;;;;;;;;;;;;;;;
58.3917236328125;-0.113037109375;0.24951171875;0.97412109375;;;;;;;;;;;;;;;
58.39508056640625;-0.064697265625;-0.150390625;0.937744140625;;;;;;;;;;;;;;;
58.3984375;0.06982421875;0.24169921875;1.243896484375;;;;;;;;;;;;;;;
58.401824951171875;-0.548583984375;-0.173095703125;0.924072265625;;;;;;;;;;;;;;;
58.40521240234375;0.39599609375;0.0380859375;1.021240234375;;;;;;;;;;;;;;;
58.408599853515625;-0.33837890625;0.2548828125;0.984375;;;;;;;;;;;;;;;
58.411956787109375;-0.05029296875;0.132080078125;0.992919921875;;;;;;;;;;;;;;;
58.415283203125;-0.016357421875;0.21435546875;1.1064453125;;;;;;;;;;;;;;;
58.4188232421875;0.1376953125;-0.214599609375;0.9091796875;;;;;;;;;;;;;;;
58.42218017578125;-0.03369140625;0.1689453125;1.06640625;;;;;;;;;;;;;;;
58.425628662109375;-0.436767578125;0.037353515625;0.7109375;;;;;;;;;;;;;;;
58.428985595703125;0.67041015625;0.130126953125;1.14599609375;;;;;;;;;;;;;;;
58.432342529296875;-0.15576171875;0.100341796875;1.033447265625;;;;;;;;;;;;;;;
58.435699462890625;0.19677734375;-0.0556640625;1.078125;;;;;;;;;;;;;;;
58.439117431640625;-0.21875;0.115478515625;0.93603515625;;;;;;;;;;;;;;;
58.4425048828125;-0.125;0.08642578125;0.77685546875;;;;;;;;;;;;;;;
58.44586181640625;0.035400390625;0.189208984375;1.206787109375;;;;;;;;;;;;;;;
58.44927978515625;-0.234130859375;-0.11279296875;1.047607421875;;;;;;;;;;;;;;;
58.45263671875;0.298095703125;0.1083984375;1.138916015625;;;;;;;;;;;;;;;
58.45611572265625;-0.21484375;0.1240234375;0.785400390625;;;;;;;;;;;;;;;
58.459442138671875;0.209228515625;0.2880859375;0.87890625;;;;;;;;;;;;;;;
58.462799072265625;-0.018798828125;0.084716796875;1.036865234375;;;;;;;;;;;;;;;
58.466217041015625;0.160400390625;-0.19189453125;1.1318359375;;;;;;;;;;;;;;;
58.469573974609375;-0.29296875;0.13232421875;1.203857421875;;;;;;;;;;;;;;;
58.472991943359375;-0.611083984375;-0.133056640625;0.73095703125;;;;;;;;;;;;;;;
58.4764404296875;0.45703125;0.156982421875;1.100830078125;;;;;;;;;;;;;;;
58.4798583984375;-0.10595703125;0.1484375;0.97509765625;;;;;;;;;;;;;;;
58.4832763671875;0.29931640625;0.31201171875;1.19091796875;;;;;;;;;;;;;;;
58.486602783203125;-0.267333984375;0.12744140625;0.96923828125;;;;;;;;;;;;;;;
58.48992919921875;-0.129150390625;0.030517578125;0.779052734375;;;;;;;;;;;;;;;
58.493408203125;-0.063720703125;0.05615234375;1.034423828125;;;;;;;;;;;;;;;
58.496795654296875;-0.242431640625;-0.1162109375;0.90234375;;;;;;;;;;;;;;;
58.50030517578125;0.369384765625;-0.010009765625;1.28125;;;;;;;;;;;;;;;
58.503631591796875;-0.26708984375;0.103271484375;0.9072265625;;;;;;;;;;;;;;;
58.50701904296875;0.330810546875;0.220947265625;1.017822265625;;;;;;;;;;;;;;;
58.51043701171875;0.109130859375;0.18212890625;0.942626953125;;;;;;;;;;;;;;;
58.513763427734375;0.0322265625;-0.0859375;0.966552734375;;;;;;;;;;;;;;;
58.517120361328125;-0.072265625;0.114990234375;1.213134765625;;;;;;;;;;;;;;;
58.5205078125;-0.412353515625;-0.214599609375;0.994384765625;;;;;;;;;;;;;;;
58.523834228515625;0.13818359375;0.00634765625;1.047607421875;;;;;;;;;;;;;;;
58.52716064453125;-0.066162109375;0.18798828125;0.86767578125;;;;;;;;;;;;;;;
58.530609130859375;0.10693359375;0.369384765625;1.0576171875;;;;;;;;;;;;;;;
58.5340576171875;-0.006103515625;0.1787109375;1.078857421875;;;;;;;;;;;;;;;
58.53741455078125;-0.028076171875;-0.107421875;1.00537109375;;;;;;;;;;;;;;;
58.540771484375;-0.197265625;0.08251953125;0.999267578125;;;;;;;;;;;;;;;
58.54412841796875;-0.23291015625;-0.02734375;0.792236328125;;;;;;;;;;;;;;;
58.547454833984375;0.205810546875;0.07763671875;1.14990234375;;;;;;;;;;;;;;;
58.550811767578125;0.11865234375;0.044921875;1.080322265625;;;;;;;;;;;;;;;
58.55419921875;0.007568359375;0.20458984375;1.15576171875;;;;;;;;;;;;;;;
58.557647705078125;-0.303955078125;0.181640625;0.90966796875;;;;;;;;;;;;;;;
58.561004638671875;-0.105712890625;0.095458984375;0.880615234375;;;;;;;;;;;;;;;
58.56439208984375;-0.104736328125;0.166748046875;1.07177734375;;;;;;;;;;;;;;;
58.5677490234375;-0.003173828125;-0.23291015625;1.100830078125;;;;;;;;;;;;;;;
58.571136474609375;0.0166015625;0.130615234375;1.203369140625;;;;;;;;;;;;;;;
58.5745849609375;-0.116455078125;0.04931640625;0.864501953125;;;;;;;;;;;;;;;
58.577911376953125;-0.102294921875;0.45263671875;0.888427734375;;;;;;;;;;;;;;;
58.581329345703125;-0.032470703125;0.069091796875;1.014404296875;;;;;;;;;;;;;;;
58.58477783203125;-0.014892578125;-0.205322265625;1.155029296875;;;;;;;;;;;;;;;
58.588104248046875;-0.1669921875;0.103271484375;1.184326171875;;;;;;;;;;;;;;;
58.591552734375;-0.265869140625;-0.1015625;0.836669921875;;;;;;;;;;;;;;;
58.59490966796875;0.03564453125;0.2607421875;1.0322265625;;;;;;;;;;;;;;;
58.59832763671875;-0.0283203125;0.036865234375;0.973876953125;;;;;;;;;;;;;;;
58.601806640625;0.119140625;0.301513671875;1.1845703125;;;;;;;;;;;;;;;
58.605194091796875;-0.173095703125;0.104736328125;0.98095703125;;;;;;;;;;;;;;;
58.6085205078125;0.015869140625;0.025634765625;0.866943359375;;;;;;;;;;;;;;;
58.611968994140625;-0.10986328125;0.09814453125;0.962158203125;;;;;;;;;;;;;;;
58.615386962890625;-0.04931640625;-0.105224609375;0.95849609375;;;;;;;;;;;;;;;
58.61883544921875;0.252685546875;0.099365234375;1.302978515625;;;;;;;;;;;;;;;
58.6221923828125;-0.109375;0.05810546875;0.9814453125;;;;;;;;;;;;;;;
58.62554931640625;0.065673828125;0.38623046875;1.060302734375;;;;;;;;;;;;;;;
58.628936767578125;-0.16650390625;0.112060546875;0.81298828125;;;;;;;;;;;;;;;
58.63226318359375;0.164794921875;-0.072509765625;0.98876953125;;;;;;;;;;;;;;;
58.63568115234375;0.0703125;0.040771484375;1.200927734375;;;;;;;;;;;;;;;
58.639007568359375;-0.091552734375;-0.1376953125;1.030029296875;;;;;;;;;;;;;;;
58.642425537109375;-0.039794921875;0.068115234375;1.0791015625;;;;;;;;;;;;;;;
58.645751953125;-0.228271484375;0.166748046875;0.81689453125;;;;;;;;;;;;;;;
58.649139404296875;0.0810546875;0.4306640625;1.0869140625;;;;;;;;;;;;;;;
58.652587890625;-0.110107421875;0.181396484375;0.9931640625;;;;;;;;;;;;;;;
58.65606689453125;0.064453125;-0.0078125;1.03515625;;;;;;;;;;;;;;;
58.659515380859375;-0.1962890625;-0.023193359375;0.960693359375;;;;;;;;;;;;;;;
58.66290283203125;0.038330078125;-0.127197265625;0.8388671875;;;;;;;;;;;;;;;
58.666290283203125;0.069580078125;0.172119140625;1.22509765625;;;;;;;;;;;;;;;
58.669677734375;-0.021728515625;-0.03466796875;1.043212890625;;;;;;;;;;;;;;;
58.673065185546875;-0.068603515625;0.2880859375;1.20849609375;;;;;;;;;;;;;;;
58.676422119140625;-0.3203125;0.037353515625;0.834716796875;;;;;;;;;;;;;;;
58.6798095703125;0.03662109375;0.3154296875;0.867431640625;;;;;;;;;;;;;;;
58.683197021484375;-0.02685546875;0.158203125;1.00732421875;;;;;;;;;;;;;;;
58.68658447265625;0.164794921875;-0.11083984375;1.01220703125;;;;;;;;;;;;;;;
58.689971923828125;0.185791015625;0.134521484375;1.281005859375;;;;;;;;;;;;;;;
58.693389892578125;-0.176513671875;0.059326171875;0.85302734375;;;;;;;;;;;;;;;
58.696746826171875;-0.103271484375;0.365478515625;0.952880859375;;;;;;;;;;;;;;;
58.7001953125;-0.241455078125;-0.046142578125;0.872802734375;;;;;;;;;;;;;;;
58.703643798828125;0.11767578125;-0.063720703125;1.15234375;;;;;;;;;;;;;;;
58.706939697265625;-0.157470703125;0.06787109375;1.12841796875;;;;;;;;;;;;;;;
58.71026611328125;-0.04296875;0.10888671875;0.83056640625;;;;;;;;;;;;;;;
58.713623046875;0.162841796875;0.26513671875;1.05712890625;;;;;;;;;;;;;;;
58.717010498046875;-0.0576171875;0.060791015625;0.91943359375;;;;;;;;;;;;;;;
58.720458984375;0.0673828125;0.062744140625;1.22216796875;;;;;;;;;;;;;;;
58.723846435546875;-0.244140625;0.013671875;0.962646484375;;;;;;;;;;;;;;;
58.72723388671875;0.065673828125;0.18115234375;0.93310546875;;;;;;;;;;;;;;;
58.730682373046875;-0.28173828125;0.088134765625;0.85595703125;;;;;;;;;;;;;;;
58.734039306640625;0.208740234375;-0.025146484375;0.957275390625;;;;;;;;;;;;;;;
58.73736572265625;0.2685546875;0.183837890625;1.3037109375;;;;;;;;;;;;;;;
58.740692138671875;-0.0166015625;0.107666015625;1.0185546875;;;;;;;;;;;;;;;
58.744049072265625;-0.09765625;0.32080078125;1.09814453125;;;;;;;;;;;;;;;
58.747528076171875;-0.284912109375;-0.0341796875;0.7490234375;;;;;;;;;;;;;;;
58.7509765625;0.125732421875;0.073486328125;1.021728515625;;;;;;;;;;;;;;;
58.75433349609375;-0.144287109375;-0.0224609375;1.045166015625;;;;;;;;;;;;;;;
58.757720947265625;-0.13671875;0.02197265625;1.05859375;;;;;;;;;;;;;;;
58.761138916015625;-0.119873046875;0.11572265625;1.036376953125;;;;;;;;;;;;;;;
58.76446533203125;-0.110595703125;0.111083984375;0.799072265625;;;;;;;;;;;;;;;
58.767822265625;0.027099609375;0.29638671875;1.094970703125;;;;;;;;;;;;;;;
58.771209716796875;-0.06005859375;0.028076171875;1.0;;;;;;;;;;;;;;;
58.77459716796875;0.048095703125;0.197998046875;1.1220703125;;;;;;;;;;;;;;;
58.777984619140625;-0.250732421875;0.0078125;0.89501953125;;;;;;;;;;;;;;;
58.781341552734375;0.04443359375;-0.064697265625;0.88720703125;;;;;;;;;;;;;;;
58.78472900390625;-0.05908203125;0.18896484375;1.14990234375;;;;;;;;;;;;;;;
58.78802490234375;0.000244140625;-0.092041015625;1.0380859375;;;;;;;;;;;;;;;
58.7913818359375;-0.099365234375;0.36328125;1.218017578125;;;;;;;;;;;;;;;
58.794708251953125;-0.134033203125;-0.101318359375;0.831787109375;;;;;;;;;;;;;;;
58.798095703125;0.052490234375;0.375244140625;0.90966796875;;;;;;;;;;;;;;;
58.801513671875;-0.17041015625;0.101806640625;0.87646484375;;;;;;;;;;;;;;;
58.804962158203125;0.201171875;-0.03759765625;1.10498046875;;;;;;;;;;;;;;;
58.808441162109375;-0.12255859375;0.1318359375;1.194091796875;;;;;;;;;;;;;;;
58.811859130859375;-0.08740234375;-0.11962890625;0.8955078125;;;;;;;;;;;;;;;
58.815216064453125;-0.10546875;0.3408203125;0.978515625;;;;;;;;;;;;;;;
58.818572998046875;-0.260009765625;-0.20263671875;0.85693359375;;;;;;;;;;;;;;;
58.821990966796875;0.0849609375;0.111572265625;1.165771484375;;;;;;;;;;;;;;;
58.82537841796875;-0.077392578125;0.013427734375;1.084716796875;;;;;;;;;;;;;;;
58.8287353515625;0.13037109375;0.20361328125;0.95849609375;;;;;;;;;;;;;;;
58.83209228515625;-0.11865234375;0.23095703125;0.953857421875;;;;;;;;;;;;;;;
58.83544921875;-0.086181640625;0.025146484375;0.9306640625;;;;;;;;;;;;;;;
58.83880615234375;-0.11572265625;0.06884765625;1.2001953125;;;;;;;;;;;;;;;
58.84222412109375;-0.01171875;-0.131591796875;1.041748046875;;;;;;;;;;;;;;;
58.845550537109375;0.060302734375;0.25634765625;1.007080078125;;;;;;;;;;;;;;;
58.84893798828125;-0.215576171875;-0.014404296875;0.796630859375;;;;;;;;;;;;;;;
58.85235595703125;0.2001953125;0.108642578125;1.07177734375;;;;;;;;;;;;;;;
58.855743408203125;0.206298828125;0.20556640625;1.29052734375;;;;;;;;;;;;;;;
58.859161376953125;-0.16162109375;-0.09033203125;1.064453125;;;;;;;;;;;;;;;
58.862518310546875;-0.220703125;0.229248046875;1.078369140625;;;;;;;;;;;;;;;
58.865936279296875;-0.239990234375;-0.263427734375;0.722412109375;;;;;;;;;;;;;;;
58.869293212890625;0.098388671875;0.2314453125;1.07861328125;;;;;;;;;;;;;;;
58.872711181640625;-0.24560546875;-0.07373046875;0.998046875;;;;;;;;;;;;;;;
58.876068115234375;-0.064453125;0.234619140625;1.13623046875;;;;;;;;;;;;;;;
58.879486083984375;-0.194091796875;0.126708984375;1.038330078125;;;;;;;;;;;;;;;
58.88287353515625;-0.067626953125;-0.000732421875;0.836669921875;;;;;;;;;;;;;;;
58.886260986328125;-0.0126953125;0.189453125;1.070556640625;;;;;;;;;;;;;;;
58.889617919921875;0.007568359375;-0.115478515625;1.007568359375;;;;;;;;;;;;;;;
58.89312744140625;-0.090576171875;0.356689453125;1.165283203125;;;;;;;;;;;;;;;
58.896514892578125;-0.235595703125;-0.1142578125;0.871337890625;;;;;;;;;;;;;;;
58.899871826171875;0.197998046875;0.10302734375;0.97998046875;;;;;;;;;;;;;;;
58.903350830078125;-0.2607421875;0.14404296875;1.15771484375;;;;;;;;;;;;;;;
58.906707763671875;-0.12890625;-0.06298828125;1.060302734375;;;;;;;;;;;;;;;
58.9100341796875;-0.179443359375;0.12158203125;1.198974609375;;;;;;;;;;;;;;;
58.913421630859375;0.060302734375;-0.209228515625;0.796630859375;;;;;;;;;;;;;;;
58.916748046875;0.129150390625;0.39404296875;0.95556640625;;;;;;;;;;;;;;;
58.92010498046875;-0.197021484375;0.1162109375;0.84130859375;;;;;;;;;;;;;;;
58.923492431640625;0.140380859375;0.17431640625;1.12353515625;;;;;;;;;;;;;;;
58.92694091796875;0.016845703125;0.01953125;1.219482421875;;;;;;;;;;;;;;;
58.930389404296875;-0.139404296875;-0.1181640625;0.95703125;;;;;;;;;;;;;;;
58.933807373046875;-0.102294921875;0.0263671875;0.990478515625;;;;;;;;;;;;;;;
58.93719482421875;-0.133544921875;-0.092041015625;0.830078125;;;;;;;;;;;;;;;
58.940582275390625;0.052490234375;0.24560546875;1.163330078125;;;;;;;;;;;;;;;
58.944000244140625;-0.03857421875;-0.006103515625;1.03759765625;;;;;;;;;;;;;;;
58.9473876953125;0.221923828125;0.299072265625;1.08642578125;;;;;;;;;;;;;;;
58.9508056640625;-0.25537109375;0.192626953125;0.89794921875;;;;;;;;;;;;;;;
58.954132080078125;-0.037109375;0.07763671875;0.888916015625;;;;;;;;;;;;;;;
58.957489013671875;-0.06494140625;-0.077880859375;1.196533203125;;;;;;;;;;;;;;;
58.960906982421875;0.05859375;-0.24755859375;1.069580078125;;;;;;;;;;;;;;;
58.964385986328125;-0.113037109375;0.216064453125;1.040283203125;;;;;;;;;;;;;;;
58.96783447265625;-0.234619140625;-0.111572265625;0.742919921875;;;;;;;;;;;;;;;
58.97119140625;0.233154296875;0.2763671875;1.115478515625;;;;;;;;;;;;;;;
58.97454833984375;0.15966796875;0.1748046875;1.192138671875;;;;;;;;;;;;;;;
58.97802734375;-0.045166015625;-0.001953125;1.144287109375;;;;;;;;;;;;;;;
58.98138427734375;-0.319091796875;0.082275390625;1.036865234375;;;;;;;;;;;;;;;
58.984832763671875;-0.261474609375;-0.204833984375;0.76416015625;;;;;;;;;;;;;;;
58.9881591796875;-0.05908203125;0.197265625;0.99365234375;;;;;;;;;;;;;;;
58.9915771484375;0.002197265625;-0.148193359375;0.943115234375;;;;;;;;;;;;;;;
58.995025634765625;0.212890625;0.2939453125;1.2099609375;;;;;;;;;;;;;;;
58.9984130859375;-0.057861328125;0.076904296875;0.99365234375;;;;;;;;;;;;;;;
59.0018310546875;0.044677734375;0.146240234375;0.960205078125;;;;;;;;;;;;;;;
59.0052490234375;-0.07958984375;0.0908203125;1.049560546875;;;;;;;;;;;;;;;
59.008575439453125;-0.029052734375;-0.2275390625;0.994873046875;;;;;;;;;;;;;;;
59.01190185546875;0.035888671875;0.19287109375;1.197021484375;;;;;;;;;;;;;;;
59.01531982421875;-0.226318359375;-0.2451171875;0.85693359375;;;;;;;;;;;;;;;
59.018707275390625;0.198486328125;0.131103515625;1.02392578125;;;;;;;;;;;;;;;
59.02215576171875;-0.18408203125;0.226318359375;0.9111328125;;;;;;;;;;;;;;;
59.025604248046875;0.0087890625;0.147705078125;1.05126953125;;;;;;;;;;;;;;;
59.02899169921875;-0.044189453125;0.19873046875;1.18505859375;;;;;;;;;;;;;;;
59.032440185546875;-0.00927734375;-0.304443359375;0.87646484375;;;;;;;;;;;;;;;
59.035797119140625;-0.052001953125;0.1748046875;0.931884765625;;;;;;;;;;;;;;;
59.039276123046875;-0.115966796875;-0.006591796875;0.790283203125;;;;;;;;;;;;;;;
59.0426025390625;0.060302734375;0.263916015625;1.183349609375;;;;;;;;;;;;;;;
59.045989990234375;-0.103271484375;0.06591796875;1.125;;;;;;;;;;;;;;;
59.04949951171875;0.10400390625;-0.025634765625;1.064208984375;;;;;;;;;;;;;;;
59.0528564453125;-0.148681640625;0.04150390625;0.984619140625;;;;;;;;;;;;;;;
59.056182861328125;-0.044921875;0.017333984375;0.837890625;;;;;;;;;;;;;;;
59.05950927734375;0.0380859375;0.24072265625;1.12158203125;;;;;;;;;;;;;;;
59.06292724609375;0.0009765625;-0.1435546875;1.007080078125;;;;;;;;;;;;;;;
59.066314697265625;0.11572265625;0.306396484375;1.162109375;;;;;;;;;;;;;;;
59.069732666015625;-0.25;0.152099609375;0.84814453125;;;;;;;;;;;;;;;
59.07305908203125;0.104248046875;0.129150390625;0.9013671875;;;;;;;;;;;;;;;
59.076507568359375;0.00341796875;-0.009033203125;1.104736328125;;;;;;;;;;;;;;;
59.07989501953125;0.133056640625;-0.328369140625;1.122802734375;;;;;;;;;;;;;;;
59.083343505859375;-0.150390625;0.282958984375;1.070556640625;;;;;;;;;;;;;;;
59.0867919921875;-0.20263671875;-0.145263671875;0.735107421875;;;;;;;;;;;;;;;
59.090179443359375;0.014892578125;0.38232421875;1.08349609375;;;;;;;;;;;;;;;
59.093536376953125;-0.155517578125;0.04736328125;1.078369140625;;;;;;;;;;;;;;;
59.096954345703125;0.11572265625;0.042236328125;1.198974609375;;;;;;;;;;;;;;;
59.100311279296875;-0.2421875;0.0048828125;0.9833984375;;;;;;;;;;;;;;;
59.103759765625;0.114013671875;-0.111572265625;0.806884765625;;;;;;;;;;;;;;;
59.107086181640625;-0.039306640625;0.311279296875;0.96630859375;;;;;;;;;;;;;;;
59.11041259765625;-0.05712890625;-0.082275390625;0.931884765625;;;;;;;;;;;;;;;
59.11383056640625;0.04150390625;0.3310546875;1.260009765625;;;;;;;;;;;;;;;
59.1171875;-0.200927734375;-0.135498046875;0.97509765625;;;;;;;;;;;;;;;
59.12060546875;0.16650390625;0.048095703125;1.019287109375;;;;;;;;;;;;;;;
59.1240234375;-0.179443359375;0.165771484375;0.96142578125;;;;;;;;;;;;;;;
59.127410888671875;0.10205078125;0.123046875;1.03466796875;;;;;;;;;;;;;;;
59.130828857421875;-0.064453125;0.273193359375;1.140380859375;;;;;;;;;;;;;;;
59.13421630859375;-0.05859375;-0.2470703125;0.889404296875;;;;;;;;;;;;;;;
59.137664794921875;-0.08447265625;0.2421875;1.068115234375;;;;;;;;;;;;;;;
59.141082763671875;-0.361083984375;0.115234375;0.77978515625;;;;;;;;;;;;;;;
59.1444091796875;0.051025390625;0.152587890625;1.114501953125;;;;;;;;;;;;;;;
59.147857666015625;-0.10888671875;0.068359375;1.07275390625;;;;;;;;;;;;;;;
59.151214599609375;0.230712890625;-0.081298828125;1.082763671875;;;;;;;;;;;;;;;
59.154632568359375;-0.136474609375;0.175537109375;0.97607421875;;;;;;;;;;;;;;;
59.158111572265625;-0.26611328125;-0.085205078125;0.75;;;;;;;;;;;;;;;
59.16156005859375;0.02099609375;0.22119140625;1.18017578125;;;;;;;;;;;;;;;
59.164886474609375;-0.17041015625;-0.070068359375;1.111083984375;;;;;;;;;;;;;;;
59.168304443359375;0.10009765625;0.027587890625;1.1328125;;;;;;;;;;;;;;;
59.171630859375;-0.287841796875;0.10302734375;0.9404296875;;;;;;;;;;;;;;;
59.175079345703125;0.010986328125;0.28662109375;0.8623046875;;;;;;;;;;;;;;;
59.178436279296875;-0.093994140625;0.317138671875;1.07080078125;;;;;;;;;;;;;;;
59.181793212890625;0.0595703125;-0.272705078125;1.02685546875;;;;;;;;;;;;;;;
59.1851806640625;-0.10986328125;0.153076171875;1.213134765625;;;;;;;;;;;;;;;
59.188629150390625;-0.339111328125;-0.08935546875;0.8173828125;;;;;;;;;;;;;;;
59.1920166015625;0.11865234375;0.228515625;0.936767578125;;;;;;;;;;;;;;;
59.1954345703125;-0.045654296875;0.232666015625;1.025146484375;;;;;;;;;;;;;;;
59.19879150390625;0.225830078125;-0.006591796875;1.15380859375;;;;;;;;;;;;;;;
59.2022705078125;-0.348876953125;0.273193359375;1.103271484375;;;;;;;;;;;;;;;
59.2056884765625;-0.15673828125;-0.22265625;0.794921875;;;;;;;;;;;;;;;
59.2091064453125;-0.189453125;0.36474609375;1.027587890625;;;;;;;;;;;;;;;
59.2125244140625;-0.259521484375;-0.196533203125;1.062744140625;;;;;;;;;;;;;;;
59.2159423828125;0.009033203125;0.113525390625;1.218994140625;;;;;;;;;;;;;;;
59.219390869140625;-0.1533203125;-0.073486328125;0.968505859375;;;;;;;;;;;;;;;
59.2227783203125;0.175048828125;0.231689453125;0.84912109375;;;;;;;;;;;;;;;
59.226165771484375;-0.18212890625;0.288818359375;0.9384765625;;;;;;;;;;;;;;;
59.22955322265625;-0.020751953125;-0.100341796875;0.945068359375;;;;;;;;;;;;;;;
59.23297119140625;-0.02197265625;0.2294921875;1.268310546875;;;;;;;;;;;;;;;
59.236358642578125;-0.10595703125;-0.297607421875;1.03466796875;;;;;;;;;;;;;;;
59.239776611328125;-0.015625;0.091796875;1.047607421875;;;;;;;;;;;;;;;
59.243133544921875;-0.175537109375;0.07177734375;0.903564453125;;;;;;;;;;;;;;;
59.2464599609375;0.0859375;0.405029296875;1.015869140625;;;;;;;;;;;;;;;
59.249908447265625;-0.08203125;0.182373046875;1.081298828125;;;;;;;;;;;;;;;
59.25323486328125;-0.04931640625;-0.10693359375;0.95458984375;;;;;;;;;;;;;;;
59.256591796875;-0.16064453125;0.18994140625;1.028564453125;;;;;;;;;;;;;;;
59.260009765625;-0.27392578125;0.05126953125;0.83447265625;;;;;;;;;;;;;;;
59.263336181640625;0.0029296875;0.140380859375;1.1630859375;;;;;;;;;;;;;;;
59.2667236328125;-0.041015625;-0.104248046875;1.0400390625;;;;;;;;;;;;;;;
59.270111083984375;0.162841796875;0.100341796875;1.122314453125;;;;;;;;;;;;;;;
59.27349853515625;-0.068115234375;0.1904296875;0.90771484375;;;;;;;;;;;;;;;
59.276885986328125;0.005859375;-0.0537109375;0.86279296875;;;;;;;;;;;;;;;
59.280242919921875;-0.17822265625;0.309814453125;1.082763671875;;;;;;;;;;;;;;;
59.283660888671875;-0.069580078125;-0.22900390625;1.10302734375;;;;;;;;;;;;;;;
59.28704833984375;-0.0419921875;0.140625;1.231201171875;;;;;;;;;;;;;;;
59.290374755859375;-0.19091796875;-0.05419921875;0.81787109375;;;;;;;;;;;;;;;
59.29376220703125;0.03857421875;0.456298828125;0.8681640625;;;;;;;;;;;;;;;
59.297149658203125;-0.057373046875;0.16796875;0.98388671875;;;;;;;;;;;;;;;
59.300537109375;0.11328125;-0.183837890625;1.05810546875;;;;;;;;;;;;;;;
59.303955078125;-0.1640625;0.1845703125;1.181884765625;;;;;;;;;;;;;;;
59.307403564453125;-0.169189453125;-0.090087890625;0.862548828125;;;;;;;;;;;;;;;
59.310760498046875;-0.076416015625;0.2646484375;1.02685546875;;;;;;;;;;;;;;;
59.314178466796875;-0.08056640625;0.053466796875;0.953857421875;;;;;;;;;;;;;;;
59.31756591796875;0.0625;0.1240234375;1.15283203125;;;;;;;;;;;;;;;
59.3209228515625;-0.192626953125;0.180908203125;1.051513671875;;;;;;;;;;;;;;;
59.32440185546875;0.044189453125;-0.01025390625;0.900634765625;;;;;;;;;;;;;;;
59.32781982421875;-0.24462890625;0.291748046875;0.9521484375;;;;;;;;;;;;;;;
59.331207275390625;-0.03857421875;-0.195068359375;1.005859375;;;;;;;;;;;;;;;
59.3345947265625;0.090576171875;0.1181640625;1.287109375;;;;;;;;;;;;;;;
59.3380126953125;-0.076416015625;0.05615234375;1.0009765625;;;;;;;;;;;;;;;
59.3414306640625;-0.00048828125;0.3994140625;0.901611328125;;;;;;;;;;;;;;;
59.344879150390625;-0.16650390625;0.170166015625;0.8486328125;;;;;;;;;;;;;;;
59.34832763671875;0.038818359375;-0.08056640625;1.003173828125;;;;;;;;;;;;;;;
59.351715087890625;-0.076171875;-0.034423828125;1.26953125;;;;;;;;;;;;;;;
59.355010986328125;-0.10400390625;-0.2451171875;1.043212890625;;;;;;;;;;;;;;;
59.358306884765625;0.00146484375;0.100341796875;1.071044921875;;;;;;;;;;;;;;;
59.36163330078125;-0.197021484375;0.185546875;0.823974609375;;;;;;;;;;;;;;;
59.364990234375;0.059814453125;0.449462890625;1.061767578125;;;;;;;;;;;;;;;
59.36846923828125;-0.1533203125;0.201416015625;1.001220703125;;;;;;;;;;;;;;;
59.371826171875;-0.028076171875;-0.0625;1.05224609375;;;;;;;;;;;;;;;
59.37518310546875;-0.207275390625;-0.04931640625;0.970703125;;;;;;;;;;;;;;;
59.378570556640625;-0.01416015625;-0.16845703125;0.82470703125;;;;;;;;;;;;;;;
59.38201904296875;0.2333984375;0.150634765625;1.1826171875;;;;;;;;;;;;;;;
59.385467529296875;-0.023193359375;-0.0400390625;1.0205078125;;;;;;;;;;;;;;;
59.388885498046875;0.00537109375;0.264404296875;1.233642578125;;;;;;;;;;;;;;;
59.392242431640625;-0.30078125;0.096435546875;0.85546875;;;;;;;;;;;;;;;
59.3956298828125;0.0380859375;-0.044921875;0.871337890625;;;;;;;;;;;;;;;
59.399017333984375;-0.055908203125;0.10791015625;0.986083984375;;;;;;;;;;;;;;;
59.402374267578125;-0.1650390625;-0.14697265625;1.01611328125;;;;;;;;;;;;;;;
59.40576171875;0.30859375;0.1240234375;1.29296875;;;;;;;;;;;;;;;
59.409088134765625;-0.188720703125;0.042724609375;0.8466796875;;;;;;;;;;;;;;;
59.412506103515625;0.17724609375;0.324951171875;0.933349609375;;;;;;;;;;;;;;;
59.4158935546875;-0.24365234375;0.13671875;0.86669921875;;;;;;;;;;;;;;;
59.419342041015625;0.14111328125;-0.044921875;1.093994140625;;;;;;;;;;;;;;;
59.422698974609375;-0.206787109375;0.06298828125;1.134521484375;;;;;;;;;;;;;;;
59.42608642578125;0.05810546875;-0.1884765625;0.8447265625;;;;;;;;;;;;;;;
59.429443359375;0.167236328125;0.230224609375;1.1103515625;;;;;;;;;;;;;;;
59.43280029296875;-0.18798828125;0.03125;0.89453125;;;;;;;;;;;;;;;
59.43621826171875;0.083740234375;0.20703125;1.231201171875;;;;;;;;;;;;;;;
59.4395751953125;-0.16650390625;-0.009033203125;1.0068359375;;;;;;;;;;;;;;;
59.443023681640625;0.275146484375;0.190673828125;0.913330078125;;;;;;;;;;;;;;;
59.446441650390625;-0.074462890625;0.122314453125;0.93701171875;;;;;;;;;;;;;;;
59.44976806640625;0.040283203125;0.040283203125;0.849365234375;;;;;;;;;;;;;;;
59.453216552734375;0.591796875;0.177001953125;1.402099609375;;;;;;;;;;;;;;;
59.456634521484375;-0.367919921875;0.116943359375;0.97119140625;;;;;;;;;;;;;;;
59.4600830078125;0.09521484375;0.32958984375;0.95361328125;;;;;;;;;;;;;;;
59.46356201171875;-0.10107421875;-0.1220703125;0.778564453125;;;;;;;;;;;;;;;
59.466949462890625;0.163330078125;0.053466796875;1.037353515625;;;;;;;;;;;;;;;
59.47039794921875;-0.157470703125;-0.12841796875;1.26806640625;;;;;;;;;;;;;;;
59.473724365234375;-0.247802734375;0.11865234375;0.948974609375;;;;;;;;;;;;;;;
59.47711181640625;0.38134765625;0.164794921875;1.157470703125;;;;;;;;;;;;;;;
59.48052978515625;-0.283447265625;0.16943359375;0.767578125;;;;;;;;;;;;;;;
59.483978271484375;0.13232421875;0.292236328125;1.102294921875;;;;;;;;;;;;;;;
59.4874267578125;-0.19677734375;0.023681640625;0.973876953125;;;;;;;;;;;;;;;
59.490814208984375;0.123291015625;0.146240234375;1.120849609375;;;;;;;;;;;;;;;
59.49420166015625;-0.2099609375;-0.142578125;0.91943359375;;;;;;;;;;;;;;;
59.49761962890625;0.1884765625;-0.08984375;0.8544921875;;;;;;;;;;;;;;;
59.501007080078125;0.076171875;0.2255859375;1.174560546875;;;;;;;;;;;;;;;
59.504364013671875;0.009033203125;0.074462890625;1.059326171875;;;;;;;;;;;;;;;
59.50775146484375;-0.139404296875;0.43798828125;1.2373046875;;;;;;;;;;;;;;;
59.511077880859375;-0.395263671875;-0.053466796875;0.80615234375;;;;;;;;;;;;;;;
59.514556884765625;0.096923828125;0.280517578125;0.93115234375;;;;;;;;;;;;;;;
59.517913818359375;-0.23046875;-0.025634765625;0.883544921875;;;;;;;;;;;;;;;
59.52130126953125;-0.106689453125;-0.11181640625;1.0595703125;;;;;;;;;;;;;;;
59.524658203125;0.053955078125;0.19580078125;1.2109375;;;;;;;;;;;;;;;
59.52801513671875;0.00537109375;0.0576171875;0.935791015625;;;;;;;;;;;;;;;
59.5313720703125;0.088134765625;0.387451171875;0.987548828125;;;;;;;;;;;;;;;
59.53472900390625;-0.282470703125;0.239990234375;0.845703125;;;;;;;;;;;;;;;
59.53814697265625;0.07470703125;0.03515625;1.15673828125;;;;;;;;;;;;;;;
59.541534423828125;-0.263916015625;-0.041259765625;1.091064453125;;;;;;;;;;;;;;;
59.544921875;0.079833984375;-0.2529296875;0.96533203125;;;;;;;;;;;;;;;
59.548248291015625;-0.187744140625;0.22265625;0.932861328125;;;;;;;;;;;;;;;
59.5516357421875;-0.2802734375;0.083740234375;0.88427734375;;;;;;;;;;;;;;;
59.555023193359375;-0.00537109375;0.304443359375;1.196044921875;;;;;;;;;;;;;;;
59.558349609375;-0.0166015625;-0.025390625;1.036865234375;;;;;;;;;;;;;;;
59.56170654296875;0.089599609375;0.238037109375;0.96923828125;;;;;;;;;;;;;;;
59.565093994140625;-0.26806640625;0.1357421875;0.80810546875;;;;;;;;;;;;;;;
59.568450927734375;0.18310546875;0.023681640625;0.957275390625;;;;;;;;;;;;;;;
59.5718994140625;-0.012939453125;0.162841796875;1.19873046875;;;;;;;;;;;;;;;
59.5753173828125;0.010009765625;-0.080810546875;1.1005859375;;;;;;;;;;;;;;;
59.578765869140625;-0.280029296875;0.259033203125;1.02978515625;;;;;;;;;;;;;;;
59.5821533203125;-0.311767578125;-0.1796875;0.7626953125;;;;;;;;;;;;;;;
59.58551025390625;-0.0458984375;0.12060546875;0.978759765625;;;;;;;;;;;;;;;
59.58892822265625;-0.06298828125;0.03955078125;1.139892578125;;;;;;;;;;;;;;;
59.59228515625;0.055419921875;0.146240234375;1.127197265625;;;;;;;;;;;;;;;
59.59564208984375;-0.160888671875;0.23828125;1.03857421875;;;;;;;;;;;;;;;
59.599029541015625;-0.127197265625;-0.031982421875;0.848388671875;;;;;;;;;;;;;;;
59.60235595703125;-0.1591796875;0.162841796875;1.069091796875;;;;;;;;;;;;;;;
59.605712890625;-0.018798828125;-0.189697265625;0.99267578125;;;;;;;;;;;;;;;
59.609100341796875;-0.0107421875;0.2099609375;1.169189453125;;;;;;;;;;;;;;;
59.612457275390625;-0.21337890625;0.070556640625;0.8828125;;;;;;;;;;;;;;;
59.615966796875;0.185302734375;0.098388671875;0.9609375;;;;;;;;;;;;;;;
59.61932373046875;-0.2236328125;0.333984375;1.13671875;;;;;;;;;;;;;;;
59.622711181640625;-0.014404296875;-0.147705078125;1.0703125;;;;;;;;;;;;;;;
59.626068115234375;-0.21240234375;0.271728515625;1.20751953125;;;;;;;;;;;;;;;
59.629486083984375;0.008056640625;-0.33056640625;0.80517578125;;;;;;;;;;;;;;;
59.63287353515625;0.0263671875;0.3701171875;0.94677734375;;;;;;;;;;;;;;;
59.636260986328125;-0.21044921875;0.053466796875;0.829833984375;;;;;;;;;;;;;;;
59.639556884765625;0.091552734375;0.198974609375;1.09033203125;;;;;;;;;;;;;;;
59.642974853515625;0.005126953125;0.212158203125;1.231201171875;;;;;;;;;;;;;;;
59.646392822265625;-0.10791015625;-0.053955078125;0.952880859375;;;;;;;;;;;;;;;
59.64984130859375;-0.0703125;0.185302734375;1.012939453125;;;;;;;;;;;;;;;
59.6531982421875;-0.20068359375;-0.264404296875;0.808837890625;;;;;;;;;;;;;;;
59.656524658203125;0.048583984375;0.203369140625;1.16552734375;;;;;;;;;;;;;;;
59.659912109375;-0.10107421875;-0.037109375;1.071533203125;;;;;;;;;;;;;;;
59.663360595703125;0.080078125;0.3525390625;1.058349609375;;;;;;;;;;;;;;;
59.66668701171875;-0.281005859375;0.197998046875;0.89111328125;;;;;;;;;;;;;;;
59.6700439453125;-0.220703125;0.099609375;0.888916015625;;;;;;;;;;;;;;;
59.6734619140625;-0.048828125;0.188232421875;1.1748046875;;;;;;;;;;;;;;;
59.6767578125;0.143798828125;-0.18359375;1.066162109375;;;;;;;;;;;;;;;
59.680145263671875;0.12939453125;0.34765625;1.055908203125;;;;;;;;;;;;;;;
59.683502197265625;-0.217529296875;0.08349609375;0.7578125;;;;;;;;;;;;;;;
59.68682861328125;0.09326171875;0.244873046875;1.091064453125;;;;;;;;;;;;;;;
59.690216064453125;0.027587890625;0.066650390625;1.237060546875;;;;;;;;;;;;;;;
59.69354248046875;-0.166259765625;-0.105712890625;1.0595703125;;;;;;;;;;;;;;;
59.69696044921875;-0.156005859375;0.065185546875;1.0830078125;;;;;;;;;;;;;;;
59.700347900390625;-0.211669921875;-0.16455078125;0.750244140625;;;;;;;;;;;;;;;
59.70367431640625;0.07568359375;0.35400390625;1.040771484375;;;;;;;;;;;;;;;
59.707122802734375;-0.195068359375;-0.000732421875;1.081787109375;;;;;;;;;;;;;;;
59.7105712890625;0.10546875;0.284423828125;1.205078125;;;;;;;;;;;;;;;
59.713897705078125;-0.178466796875;0.14208984375;1.06103515625;;;;;;;;;;;;;;;
59.717315673828125;-0.114501953125;-0.047607421875;0.78515625;;;;;;;;;;;;;;;
59.720703125;-0.07275390625;0.072998046875;1.06298828125;;;;;;;;;;;;;;;
59.72406005859375;0.018798828125;-0.266845703125;0.991943359375;;;;;;;;;;;;;;;
59.727447509765625;-0.031982421875;0.348388671875;1.20703125;;;;;;;;;;;;;;;
59.7308349609375;-0.201904296875;-0.117919921875;0.864013671875;;;;;;;;;;;;;;;
59.7342529296875;0.2060546875;0.30712890625;1.05322265625;;;;;;;;;;;;;;;
59.737640380859375;-0.52001953125;0.170166015625;1.125732421875;;;;;;;;;;;;;;;
59.740997314453125;-0.215087890625;-0.045166015625;1.037841796875;;;;;;;;;;;;;;;
59.74444580078125;-0.1728515625;-0.017578125;1.184326171875;;;;;;;;;;;;;;;
59.74786376953125;0.165771484375;-0.3203125;0.834716796875;;;;;;;;;;;;;;;
59.751251220703125;0.06396484375;0.349609375;0.986083984375;;;;;;;;;;;;;;;
59.754608154296875;-0.27587890625;0.089111328125;0.790283203125;;;;;;;;;;;;;;;
59.7579345703125;0.06884765625;0.41015625;1.145263671875;;;;;;;;;;;;;;;
59.76141357421875;0.093994140625;-0.029541015625;1.22412109375;;;;;;;;;;;;;;;
59.76483154296875;-0.149169921875;-0.05615234375;1.03759765625;;;;;;;;;;;;;;;
59.7681884765625;-0.100830078125;-0.098388671875;0.98876953125;;;;;;;;;;;;;;;
59.7716064453125;-0.08984375;-0.025146484375;0.819580078125;;;;;;;;;;;;;;;
59.774932861328125;0.01025390625;0.25390625;1.1474609375;;;;;;;;;;;;;;;
59.77825927734375;-0.1318359375;-0.08349609375;1.033203125;;;;;;;;;;;;;;;
59.7816162109375;0.089599609375;0.435302734375;1.153076171875;;;;;;;;;;;;;;;
59.785003662109375;-0.1767578125;0.152099609375;0.8623046875;;;;;;;;;;;;;;;
59.7884521484375;-0.095703125;0.19775390625;0.904052734375;;;;;;;;;;;;;;;
59.79193115234375;0.009765625;0.058837890625;1.1279296875;;;;;;;;;;;;;;;
59.795257568359375;0.123046875;-0.29248046875;1.087646484375;;;;;;;;;;;;;;;
59.7987060546875;0.037353515625;0.19921875;1.07958984375;;;;;;;;;;;;;;;
59.8021240234375;-0.207275390625;0.023681640625;0.734375;;;;;;;;;;;;;;;
59.805511474609375;-0.01318359375;0.357421875;1.074462890625;;;;;;;;;;;;;;;
59.80889892578125;-0.0302734375;0.0673828125;1.12158203125;;;;;;;;;;;;;;;
59.812255859375;0.037109375;-0.002685546875;1.18603515625;;;;;;;;;;;;;;;
59.81573486328125;-0.173583984375;-0.0009765625;1.039794921875;;;;;;;;;;;;;;;
59.819122314453125;-0.135986328125;-0.135986328125;0.792236328125;;;;;;;;;;;;;;;
59.82257080078125;-0.053466796875;0.32958984375;0.98681640625;;;;;;;;;;;;;;;
59.8260498046875;-0.02490234375;-0.06591796875;0.95947265625;;;;;;;;;;;;;;;
59.829437255859375;0.1640625;0.282958984375;1.279541015625;;;;;;;;;;;;;;;
59.832763671875;-0.168212890625;0.066650390625;1.02099609375;;;;;;;;;;;;;;;
59.836181640625;0.064208984375;0.086669921875;0.840087890625;;;;;;;;;;;;;;;
59.839569091796875;-0.0927734375;0.109619140625;1.00439453125;;;;;;;;;;;;;;;
59.84295654296875;-0.009765625;-0.35498046875;0.997314453125;;;;;;;;;;;;;;;
59.846343994140625;-0.0009765625;0.255615234375;1.20703125;;;;;;;;;;;;;;;
59.849761962890625;-0.107421875;-0.171875;0.885009765625;;;;;;;;;;;;;;;
59.8531494140625;0.042724609375;0.34130859375;1.081787109375;;;;;;;;;;;;;;;
59.85650634765625;-0.326904296875;0.1142578125;0.96484375;;;;;;;;;;;;;;;
59.85986328125;0.03759765625;0.101806640625;1.08544921875;;;;;;;;;;;;;;;
59.86334228515625;-0.065673828125;0.052734375;1.121337890625;;;;;;;;;;;;;;;
59.866668701171875;0.073974609375;-0.254150390625;0.927001953125;;;;;;;;;;;;;;;
59.8699951171875;-0.11474609375;0.2490234375;0.98291015625;;;;;;;;;;;;;;;
59.873443603515625;-0.146728515625;0.016845703125;0.7685546875;;;;;;;;;;;;;;;
59.876739501953125;-0.003662109375;0.34375;1.2138671875;;;;;;;;;;;;;;;
59.880157470703125;-0.1748046875;-0.12548828125;1.117431640625;;;;;;;;;;;;;;;
59.883544921875;0.091064453125;-0.023681640625;1.131591796875;;;;;;;;;;;;;;;
59.886962890625;-0.21142578125;0.05078125;0.9619140625;;;;;;;;;;;;;;;
59.890289306640625;0.012451171875;0.125;0.8408203125;;;;;;;;;;;;;;;
59.893646240234375;-0.08984375;0.284423828125;1.093994140625;;;;;;;;;;;;;;;
59.89703369140625;0.043701171875;-0.248046875;1.016845703125;;;;;;;;;;;;;;;
59.90045166015625;-0.011474609375;0.27880859375;1.19677734375;;;;;;;;;;;;;;;
59.90380859375;-0.305419921875;0.0224609375;0.828857421875;;;;;;;;;;;;;;;
59.907196044921875;-0.068603515625;0.216064453125;0.931640625;;;;;;;;;;;;;;;
59.910614013671875;-0.04150390625;0.1240234375;1.04345703125;;;;;;;;;;;;;;;
59.91400146484375;0.219482421875;-0.203369140625;1.12890625;;;;;;;;;;;;;;;
59.91741943359375;-0.064453125;0.23486328125;1.12158203125;;;;;;;;;;;;;;;
59.920745849609375;-0.130859375;-0.227783203125;0.780029296875;;;;;;;;;;;;;;;
59.924041748046875;-0.185791015625;0.408447265625;1.03369140625;;;;;;;;;;;;;;;
59.92755126953125;-0.337890625;-0.08154296875;1.0654296875;;;;;;;;;;;;;;;
59.930938720703125;-0.01123046875;-0.046875;1.193115234375;;;;;;;;;;;;;;;
59.934326171875;-0.150146484375;0.02099609375;0.9765625;;;;;;;;;;;;;;;
59.937713623046875;0.059326171875;0.1103515625;0.81591796875;;;;;;;;;;;;;;;
59.9410400390625;-0.142578125;0.43798828125;0.957275390625;;;;;;;;;;;;;;;
59.944488525390625;-0.031005859375;-0.20361328125;0.94384765625;;;;;;;;;;;;;;;
59.947906494140625;0.0263671875;0.24462890625;1.279052734375;;;;;;;;;;;;;;;
59.9512939453125;-0.161865234375;-0.09228515625;1.03125;;;;;;;;;;;;;;;
59.95465087890625;0.07763671875;0.085693359375;1.040771484375;;;;;;;;;;;;;;;
59.95806884765625;-0.132080078125;0.199951171875;0.90576171875;;;;;;;;;;;;;;;
59.96142578125;0.105712890625;-0.141357421875;1.01953125;;;;;;;;;;;;;;;
59.96484375;-0.142578125;0.285400390625;1.201904296875;;;;;;;;;;;;;;;
59.968170166015625;-0.044677734375;-0.287841796875;0.92626953125;;;;;;;;;;;;;;;
59.971588134765625;-0.1142578125;0.390625;1.034423828125;;;;;;;;;;;;;;;
59.97491455078125;-0.3544921875;-0.0810546875;0.89599609375;;;;;;;;;;;;;;;
59.978302001953125;0.052734375;0.21630859375;1.1376953125;;;;;;;;;;;;;;;
59.98175048828125;-0.135986328125;-0.0615234375;1.04931640625;;;;;;;;;;;;;;;
59.98504638671875;0.216796875;0.0888671875;0.963134765625;;;;;;;;;;;;;;;
59.988433837890625;-0.18212890625;0.13232421875;0.959716796875;;;;;;;;;;;;;;;
59.9918212890625;-0.0654296875;-0.108642578125;0.779052734375;;;;;;;;;;;;;;;
59.995269775390625;-0.092529296875;0.314697265625;1.22412109375;;;;;;;;;;;;;;;
59.998626708984375;-0.130859375;-0.21630859375;1.098876953125;;;;;;;;;;;;;;;
60.001953125;-0.00244140625;0.0888671875;1.193115234375;;;;;;;;;;;;;;;
60.00537109375;-0.210205078125;-0.00927734375;0.902099609375;;;;;;;;;;;;;;;
60.008697509765625;0.0146484375;0.391845703125;0.853515625;;;;;;;;;;;;;;;
60.01214599609375;-0.1201171875;0.229248046875;1.017578125;;;;;;;;;;;;;;;
60.0155029296875;0.162353515625;-0.261474609375;1.04638671875;;;;;;;;;;;;;;;
60.018951416015625;-0.11279296875;0.214599609375;1.210205078125;;;;;;;;;;;;;;;
60.0223388671875;-0.155029296875;-0.099853515625;0.862548828125;;;;;;;;;;;;;;;
60.025726318359375;-0.07861328125;0.3349609375;0.976318359375;;;;;;;;;;;;;;;
60.02911376953125;-0.0751953125;0.068115234375;0.973388671875;;;;;;;;;;;;;;;
60.032501220703125;0.083740234375;0.0634765625;1.135986328125;;;;;;;;;;;;;;;
60.035919189453125;-0.1787109375;0.151611328125;1.080810546875;;;;;;;;;;;;;;;
60.039276123046875;-0.010986328125;-0.094970703125;0.849853515625;;;;;;;;;;;;;;;
60.042694091796875;-0.229248046875;0.3681640625;0.986083984375;;;;;;;;;;;;;;;
60.046234130859375;-0.27392578125;-0.14453125;0.99462890625;;;;;;;;;;;;;;;
60.04962158203125;0.0283203125;0.177978515625;1.2431640625;;;;;;;;;;;;;;;
60.05303955078125;-0.07958984375;-0.051513671875;0.989013671875;;;;;;;;;;;;;;;
60.056427001953125;0.094970703125;0.313232421875;0.866455078125;;;;;;;;;;;;;;;
60.05987548828125;-0.13720703125;0.1962890625;0.88330078125;;;;;;;;;;;;;;;
60.063323974609375;0.06787109375;-0.169921875;0.9736328125;;;;;;;;;;;;;;;
60.066680908203125;-0.041259765625;0.128173828125;1.282958984375;;;;;;;;;;;;;;;
60.07012939453125;-0.0859375;-0.212158203125;1.052001953125;;;;;;;;;;;;;;;
60.073577880859375;-0.084716796875;0.23583984375;1.070068359375;;;;;;;;;;;;;;;
60.0770263671875;-0.15771484375;0.113037109375;0.828369140625;;;;;;;;;;;;;;;
60.08038330078125;0.0576171875;0.1083984375;1.033447265625;;;;;;;;;;;;;;;
60.08380126953125;-0.082763671875;0.14501953125;1.022216796875;;;;;;;;;;;;;;;
60.087127685546875;0.0029296875;-0.19287109375;0.9853515625;;;;;;;;;;;;;;;
60.090545654296875;-0.13232421875;0.22705078125;1.009521484375;;;;;;;;;;;;;;;
60.09393310546875;-0.1123046875;-0.066162109375;0.8291015625;;;;;;;;;;;;;;;
60.0972900390625;0.116943359375;0.2783203125;1.198974609375;;;;;;;;;;;;;;;
60.10064697265625;-0.072265625;0.017578125;1.016357421875;;;;;;;;;;;;;;;
60.10400390625;0.03662109375;0.255615234375;1.064697265625;;;;;;;;;;;;;;;
60.107391357421875;-0.248046875;0.035888671875;0.86376953125;;;;;;;;;;;;;;;
60.11090087890625;0.0947265625;-0.135498046875;0.841796875;;;;;;;;;;;;;;;
60.11431884765625;-0.11376953125;0.12890625;1.200439453125;;;;;;;;;;;;;;;
60.117767333984375;-0.030029296875;-0.14990234375;1.089111328125;;;;;;;;;;;;;;;
60.1212158203125;-0.06396484375;0.15087890625;1.255615234375;;;;;;;;;;;;;;;
60.124664306640625;-0.211181640625;0.052734375;0.850830078125;;;;;;;;;;;;;;;
60.128143310546875;0.007080078125;0.371826171875;0.921630859375;;;;;;;;;;;;;;;
60.131500244140625;-0.165771484375;0.14306640625;0.915283203125;;;;;;;;;;;;;;;
60.13482666015625;0.131103515625;-0.197509765625;1.07275390625;;;;;;;;;;;;;;;
60.13824462890625;-0.169189453125;0.093505859375;1.16748046875;;;;;;;;;;;;;;;
60.14154052734375;-0.063232421875;-0.137451171875;0.87451171875;;;;;;;;;;;;;;;
60.14495849609375;-0.0205078125;0.25244140625;1.050048828125;;;;;;;;;;;;;;;
60.148345947265625;-0.16748046875;0.06591796875;0.90673828125;;;;;;;;;;;;;;;
60.151702880859375;0.06396484375;0.11669921875;1.21484375;;;;;;;;;;;;;;;
60.155120849609375;-0.29541015625;0.0224609375;1.0546875;;;;;;;;;;;;;;;
60.158477783203125;0.011474609375;0.045654296875;0.875244140625;;;;;;;;;;;;;;;
60.161773681640625;-0.068603515625;0.19873046875;0.917236328125;;;;;;;;;;;;;;;
60.165130615234375;0.079345703125;-0.001953125;0.8974609375;;;;;;;;;;;;;;;
60.168487548828125;0.39453125;0.137451171875;1.330322265625;;;;;;;;;;;;;;;
60.171844482421875;-0.173095703125;0.12255859375;0.991943359375;;;;;;;;;;;;;;;
60.175201416015625;-0.004638671875;0.234619140625;0.95458984375;;;;;;;;;;;;;;;
60.178619384765625;-0.284423828125;-0.010986328125;0.7822265625;;;;;;;;;;;;;;;
60.1820068359375;0.24072265625;-0.148193359375;1.009765625;;;;;;;;;;;;;;;
60.18536376953125;0.1298828125;0.0322265625;1.247802734375;;;;;;;;;;;;;;;
60.188690185546875;-0.166015625;0.021240234375;1.046630859375;;;;;;;;;;;;;;;
60.192138671875;0.01611328125;0.213134765625;1.086669921875;;;;;;;;;;;;;;;
60.195465087890625;-0.287109375;0.144287109375;0.7724609375;;;;;;;;;;;;;;;
60.198760986328125;0.14697265625;0.27099609375;1.080810546875;;;;;;;;;;;;;;;
60.20220947265625;-0.166015625;0.0361328125;0.958984375;;;;;;;;;;;;;;;
60.205596923828125;0.16064453125;-0.0283203125;1.118408203125;;;;;;;;;;;;;;;
60.208953857421875;-0.274169921875;-0.036865234375;0.935302734375;;;;;;;;;;;;;;;
60.212371826171875;0.0810546875;-0.10888671875;0.841552734375;;;;;;;;;;;;;;;
60.21588134765625;0.20947265625;0.240478515625;1.153564453125;;;;;;;;;;;;;;;
60.219268798828125;0.0048828125;0.10546875;1.031494140625;;;;;;;;;;;;;;;
60.222625732421875;-0.031494140625;0.40087890625;1.2353515625;;;;;;;;;;;;;;;
60.225982666015625;-0.397705078125;-0.031982421875;0.84765625;;;;;;;;;;;;;;;
60.229400634765625;0.128173828125;-0.068603515625;0.8857421875;;;;;;;;;;;;;;;
60.232757568359375;-0.112548828125;0.04638671875;0.920166015625;;;;;;;;;;;;;;;
60.23614501953125;0.025146484375;-0.089111328125;1.103271484375;;;;;;;;;;;;;;;
60.239501953125;-0.102294921875;0.187744140625;1.22998046875;;;;;;;;;;;;;;;
60.24285888671875;-0.12646484375;0.027587890625;0.9013671875;;;;;;;;;;;;;;;
60.2462158203125;0.036376953125;0.3388671875;0.944580078125;;;;;;;;;;;;;;;
60.249725341796875;-0.225830078125;0.19482421875;0.841796875;;;;;;;;;;;;;;;
60.253082275390625;0.22265625;-0.08154296875;1.103515625;;;;;;;;;;;;;;;
60.2564697265625;-0.154052734375;0.03955078125;1.12353515625;;;;;;;;;;;;;;;
60.259857177734375;0.07080078125;-0.203369140625;0.975830078125;;;;;;;;;;;;;;;
60.26324462890625;-0.2041015625;0.237060546875;1.050537109375;;;;;;;;;;;;;;;
60.266571044921875;-0.11474609375;0.0234375;0.911376953125;;;;;;;;;;;;;;;
60.26995849609375;-0.021484375;0.3291015625;1.205810546875;;;;;;;;;;;;;;;
60.2733154296875;-0.150634765625;-0.002685546875;1.01953125;;;;;;;;;;;;;;;
60.2767333984375;0.081298828125;0.11669921875;0.967529296875;;;;;;;;;;;;;;;
60.280181884765625;-0.1572265625;0.12646484375;0.83447265625;;;;;;;;;;;;;;;
60.283599853515625;0.1396484375;0.0419921875;0.948974609375;;;;;;;;;;;;;;;
60.286956787109375;-0.005615234375;0.157470703125;1.24267578125;;;;;;;;;;;;;;;
60.2904052734375;-0.015625;-0.01513671875;1.078857421875;;;;;;;;;;;;;;;
60.2938232421875;-0.17529296875;0.28076171875;1.011962890625;;;;;;;;;;;;;;;
60.297149658203125;-0.247314453125;-0.111083984375;0.752685546875;;;;;;;;;;;;;;;
60.300567626953125;0.068359375;0.030517578125;1.018798828125;;;;;;;;;;;;;;;
60.303955078125;-0.0986328125;0.0634765625;1.173095703125;;;;;;;;;;;;;;;
60.307373046875;-0.004150390625;0.085693359375;1.103515625;;;;;;;;;;;;;;;
60.310699462890625;-0.156494140625;0.204833984375;1.044189453125;;;;;;;;;;;;;;;
60.31402587890625;-0.048095703125;-0.0537109375;0.797607421875;;;;;;;;;;;;;;;
60.317413330078125;-0.01123046875;0.31201171875;1.07666015625;;;;;;;;;;;;;;;
60.320892333984375;-0.081298828125;0.007568359375;0.97265625;;;;;;;;;;;;;;;
60.32421875;-0.021240234375;0.21435546875;1.17138671875;;;;;;;;;;;;;;;
60.327667236328125;-0.269287109375;-0.034423828125;0.921875;;;;;;;;;;;;;;;
60.3310546875;0.134033203125;-0.03466796875;0.89794921875;;;;;;;;;;;;;;;
60.33447265625;0.029052734375;0.218017578125;1.13232421875;;;;;;;;;;;;;;;
60.337860107421875;0.040283203125;-0.051513671875;1.03515625;;;;;;;;;;;;;;;
60.341217041015625;-0.09619140625;0.375;1.2421875;;;;;;;;;;;;;;;
60.34454345703125;-0.26416015625;-0.093994140625;0.7978515625;;;;;;;;;;;;;;;
60.347930908203125;0.05419921875;0.306884765625;0.9658203125;;;;;;;;;;;;;;;
60.351318359375;-0.241455078125;0.002197265625;0.830078125;;;;;;;;;;;;;;;
60.35467529296875;-0.006103515625;0.068359375;1.067138671875;;;;;;;;;;;;;;;
60.358154296875;0.10009765625;0.09619140625;1.232666015625;;;;;;;;;;;;;;;
60.361572265625;-0.065673828125;-0.033935546875;0.9267578125;;;;;;;;;;;;;;;
60.364959716796875;0.024658203125;0.259521484375;1.01416015625;;;;;;;;;;;;;;;
60.36834716796875;-0.236572265625;0.137939453125;0.782958984375;;;;;;;;;;;;;;;
60.37176513671875;0.10986328125;0.177734375;1.162109375;;;;;;;;;;;;;;;
60.375152587890625;-0.0947265625;-0.063720703125;1.07373046875;;;;;;;;;;;;;;;
60.378448486328125;0.107421875;-0.127197265625;1.037353515625;;;;;;;;;;;;;;;
60.381866455078125;-0.1484375;0.175048828125;0.960205078125;;;;;;;;;;;;;;;
60.38525390625;-0.170166015625;0.0830078125;0.888671875;;;;;;;;;;;;;;;
60.388641357421875;-0.03369140625;0.17724609375;1.186279296875;;;;;;;;;;;;;;;
60.39208984375;0.04296875;-0.115234375;0.950927734375;;;;;;;;;;;;;;;
60.39544677734375;0.153564453125;0.359375;1.044921875;;;;;;;;;;;;;;;
60.398773193359375;-0.176513671875;0.07421875;0.76123046875;;;;;;;;;;;;;;;
60.40216064453125;0.19873046875;0.249267578125;0.926025390625;;;;;;;;;;;;;;;
60.4056396484375;0.234375;0.065185546875;1.258544921875;;;;;;;;;;;;;;;
60.409027099609375;-0.163818359375;-0.052490234375;1.0712890625;;;;;;;;;;;;;;;
60.41241455078125;-0.160400390625;0.05517578125;1.0830078125;;;;;;;;;;;;;;;
60.415771484375;-0.313232421875;-0.179931640625;0.720458984375;;;;;;;;;;;;;;;
60.419189453125;0.07275390625;0.26220703125;1.009765625;;;;;;;;;;;;;;;
60.422607421875;-0.051513671875;-0.042724609375;1.070556640625;;;;;;;;;;;;;;;
60.425994873046875;0.185302734375;0.36572265625;1.156982421875;;;;;;;;;;;;;;;
60.429412841796875;-0.0244140625;0.187255859375;1.097900390625;;;;;;;;;;;;;;;
60.43280029296875;-0.220458984375;0.01806640625;0.797607421875;;;;;;;;;;;;;;;
60.436248779296875;-0.06201171875;0.012939453125;1.0810546875;;;;;;;;;;;;;;;
60.439605712890625;-0.03125;-0.225341796875;0.95263671875;;;;;;;;;;;;;;;
60.44305419921875;-0.006591796875;0.343017578125;1.194580078125;;;;;;;;;;;;;;;
60.446502685546875;-0.234375;-0.097412109375;0.869873046875;;;;;;;;;;;;;;;
60.449859619140625;0.2275390625;0.257568359375;1.03662109375;;;;;;;;;;;;;;;
60.453216552734375;-0.502197265625;0.216064453125;1.163330078125;;;;;;;;;;;;;;;
60.456634521484375;-0.2841796875;-0.022216796875;1.013916015625;;;;;;;;;;;;;;;
60.460113525390625;-0.152099609375;0.07568359375;1.220703125;;;;;;;;;;;;;;;
60.46356201171875;0.112548828125;-0.2939453125;0.79736328125;;;;;;;;;;;;;;;
60.467010498046875;0.106689453125;0.385009765625;1.017333984375;;;;;;;;;;;;;;;
60.470458984375;-0.35986328125;0.0205078125;0.789794921875;;;;;;;;;;;;;;;
60.47381591796875;0.12060546875;0.314697265625;1.09033203125;;;;;;;;;;;;;;;
60.477203369140625;0.176513671875;0.029541015625;1.26953125;;;;;;;;;;;;;;;
60.480560302734375;-0.232666015625;-0.038330078125;0.96240234375;;;;;;;;;;;;;;;
60.4840087890625;-0.029541015625;0.0244140625;1.010498046875;;;;;;;;;;;;;;;
60.487396240234375;-0.18994140625;-0.093994140625;0.806640625;;;;;;;;;;;;;;;
60.49078369140625;0.00634765625;0.3349609375;1.1640625;;;;;;;;;;;;;;;
60.494232177734375;-0.16796875;-0.16162109375;1.02685546875;;;;;;;;;;;;;;;
60.497650146484375;0.16796875;0.4208984375;1.110595703125;;;;;;;;;;;;;;;
60.50103759765625;-0.194091796875;0.12158203125;0.92041015625;;;;;;;;;;;;;;;
60.504364013671875;-0.15625;0.185791015625;0.8916015625;;;;;;;;;;;;;;;
60.507659912109375;-0.0673828125;0.108154296875;1.160400390625;;;;;;;;;;;;;;;
60.5111083984375;0.114990234375;-0.293212890625;1.074462890625;;;;;;;;;;;;;;;
60.514434814453125;0.047607421875;0.3076171875;1.096435546875;;;;;;;;;;;;;;;
60.517852783203125;-0.265380859375;-0.022705078125;0.740478515625;;;;;;;;;;;;;;;
60.521270751953125;0.0751953125;0.3564453125;1.08544921875;;;;;;;;;;;;;;;
60.524658203125;-0.005859375;0.079833984375;1.166259765625;;;;;;;;;;;;;;;
60.527984619140625;-0.030517578125;-0.010498046875;1.151123046875;;;;;;;;;;;;;;;
60.531341552734375;-0.1875;-0.02392578125;1.03857421875;;;;;;;;;;;;;;;
60.53472900390625;-0.11865234375;-0.206787109375;0.779296875;;;;;;;;;;;;;;;
60.53814697265625;-0.08935546875;0.32666015625;0.99169921875;;;;;;;;;;;;;;;
60.54150390625;-0.0703125;-0.078369140625;0.98974609375;;;;;;;;;;;;;;;
60.544830322265625;0.1337890625;0.331787109375;1.259765625;;;;;;;;;;;;;;;
60.548248291015625;-0.21044921875;0.14404296875;1.01611328125;;;;;;;;;;;;;;;
60.551666259765625;0.018798828125;0.059326171875;0.83935546875;;;;;;;;;;;;;;;
60.555023193359375;-0.172119140625;0.009033203125;1.013671875;;;;;;;;;;;;;;;
60.55841064453125;0.07373046875;-0.380126953125;1.00537109375;;;;;;;;;;;;;;;
60.561859130859375;-0.006591796875;0.281005859375;1.19775390625;;;;;;;;;;;;;;;
60.5653076171875;-0.128173828125;-0.13427734375;0.85888671875;;;;;;;;;;;;;;;
60.568634033203125;0.093994140625;0.32080078125;1.06787109375;;;;;;;;;;;;;;;
60.57196044921875;-0.313232421875;0.16064453125;0.9853515625;;;;;;;;;;;;;;;
60.575408935546875;-0.05322265625;0.05517578125;1.077880859375;;;;;;;;;;;;;;;
60.578765869140625;-0.090576171875;0.02685546875;1.136474609375;;;;;;;;;;;;;;;
60.582122802734375;0.142822265625;-0.353759765625;0.9052734375;;;;;;;;;;;;;;;
60.585479736328125;-0.039794921875;0.272705078125;0.94873046875;;;;;;;;;;;;;;;
60.588836669921875;-0.087646484375;0.084228515625;0.78125;;;;;;;;;;;;;;;
60.59228515625;-0.002197265625;0.39892578125;1.19677734375;;;;;;;;;;;;;;;
60.59564208984375;-0.1826171875;-0.09716796875;1.120849609375;;;;;;;;;;;;;;;
60.599090576171875;0.01171875;-0.106689453125;1.111083984375;;;;;;;;;;;;;;;
60.60247802734375;-0.21533203125;-0.031005859375;0.958740234375;;;;;;;;;;;;;;;
60.60589599609375;-0.042724609375;0.0908203125;0.838134765625;;;;;;;;;;;;;;;
60.609222412109375;0.01416015625;0.285888671875;1.103759765625;;;;;;;;;;;;;;;
60.612579345703125;-0.0478515625;-0.08056640625;1.01123046875;;;;;;;;;;;;;;;
60.615966796875;0.1044921875;0.249755859375;1.2138671875;;;;;;;;;;;;;;;
60.61932373046875;-0.489501953125;0.11083984375;0.80810546875;;;;;;;;;;;;;;;
60.622650146484375;-0.121337890625;0.112060546875;0.922607421875;;;;;;;;;;;;;;;
60.62603759765625;-0.14599609375;0.10546875;1.04638671875;;;;;;;;;;;;;;;
60.629364013671875;0.232666015625;-0.29052734375;1.149169921875;;;;;;;;;;;;;;;
60.63287353515625;-0.121337890625;0.268310546875;1.102783203125;;;;;;;;;;;;;;;
60.636199951171875;-0.175048828125;-0.197265625;0.78076171875;;;;;;;;;;;;;;;
60.639617919921875;-0.0849609375;0.384033203125;1.069091796875;;;;;;;;;;;;;;;
60.642974853515625;-0.429443359375;-0.0302734375;1.04833984375;;;;;;;;;;;;;;;
60.646331787109375;0.152587890625;-0.154296875;1.18603515625;;;;;;;;;;;;;;;
60.649749755859375;-0.216552734375;0.08447265625;0.993408203125;;;;;;;;;;;;;;;
60.653167724609375;0.002685546875;0.020751953125;0.8095703125;;;;;;;;;;;;;;;
60.656585693359375;-0.16748046875;0.54052734375;0.966552734375;;;;;;;;;;;;;;;
60.65997314453125;-0.119140625;-0.155029296875;0.9267578125;;;;;;;;;;;;;;;
60.6634521484375;0.100830078125;0.15673828125;1.286376953125;;;;;;;;;;;;;;;
60.666839599609375;-0.267822265625;-0.055419921875;1.038818359375;;;;;;;;;;;;;;;
60.670166015625;0.128173828125;0.078369140625;0.84033203125;;;;;;;;;;;;;;;
60.67352294921875;-0.142822265625;0.23291015625;0.94384765625;;;;;;;;;;;;;;;
60.67694091796875;0.06103515625;-0.231201171875;1.007568359375;;;;;;;;;;;;;;;
60.680389404296875;-0.05029296875;0.32421875;1.186767578125;;;;;;;;;;;;;;;
60.683868408203125;-0.02978515625;-0.273193359375;0.938232421875;;;;;;;;;;;;;;;
60.68731689453125;-0.10302734375;0.37451171875;1.067626953125;;;;;;;;;;;;;;;
60.690673828125;-0.4375;-0.012939453125;0.933837890625;;;;;;;;;;;;;;;
60.694122314453125;0.034423828125;0.167236328125;1.068603515625;;;;;;;;;;;;;;;
60.697479248046875;-0.001953125;-0.06396484375;1.076171875;;;;;;;;;;;;;;;
60.700836181640625;0.24365234375;-0.018310546875;0.955810546875;;;;;;;;;;;;;;;
60.70416259765625;-0.159423828125;0.20068359375;0.96875;;;;;;;;;;;;;;;
60.707489013671875;-0.193603515625;0.005615234375;0.7685546875;;;;;;;;;;;;;;;
60.710845947265625;0.082275390625;0.333251953125;1.195556640625;;;;;;;;;;;;;;;
60.7142333984375;-0.210205078125;-0.1962890625;1.132080078125;;;;;;;;;;;;;;;
60.71759033203125;0.06689453125;0.00048828125;1.15576171875;;;;;;;;;;;;;;;
60.7210693359375;-0.2080078125;-0.027587890625;0.943603515625;;;;;;;;;;;;;;;
60.724517822265625;0.009033203125;0.321044921875;0.833984375;;;;;;;;;;;;;;;
60.727935791015625;-0.07080078125;0.261474609375;1.031005859375;;;;;;;;;;;;;;;
60.731353759765625;0.08349609375;-0.21044921875;1.019775390625;;;;;;;;;;;;;;;
60.734771728515625;-0.0537109375;0.238525390625;1.178955078125;;;;;;;;;;;;;;;
60.738250732421875;-0.3046875;0.043212890625;0.84765625;;;;;;;;;;;;;;;
60.741668701171875;0.164306640625;0.170654296875;0.93408203125;;;;;;;;;;;;;;;
60.74505615234375;-0.05029296875;0.08203125;1.006103515625;;;;;;;;;;;;;;;
60.7484130859375;0.19287109375;-0.13720703125;1.14794921875;;;;;;;;;;;;;;;
60.751708984375;-0.25341796875;0.235595703125;1.112548828125;;;;;;;;;;;;;;;
60.7550048828125;-0.132568359375;-0.116943359375;0.79541015625;;;;;;;;;;;;;;;
60.75836181640625;-0.1015625;0.447021484375;0.991943359375;;;;;;;;;;;;;;;
60.761810302734375;-0.347412109375;-0.096923828125;0.9912109375;;;;;;;;;;;;;;;
60.76513671875;0.158935546875;0.0947265625;1.23779296875;;;;;;;;;;;;;;;
60.768585205078125;-0.172607421875;-0.071044921875;0.989990234375;;;;;;;;;;;;;;;
60.77203369140625;0.049072265625;0.194091796875;0.8505859375;;;;;;;;;;;;;;;
60.77545166015625;-0.130615234375;0.224853515625;0.895263671875;;;;;;;;;;;;;;;
60.77880859375;0.068603515625;-0.123291015625;0.966552734375;;;;;;;;;;;;;;;
60.78216552734375;0.0322265625;0.208740234375;1.27392578125;;;;;;;;;;;;;;;
60.78558349609375;-0.087890625;-0.029541015625;1.0263671875;;;;;;;;;;;;;;;
60.788970947265625;0.027099609375;0.11767578125;1.087890625;;;;;;;;;;;;;;;
60.792327880859375;-0.181884765625;0.154052734375;0.843994140625;;;;;;;;;;;;;;;
60.79571533203125;0.128173828125;-0.043212890625;1.0224609375;;;;;;;;;;;;;;;
60.799163818359375;-0.06494140625;0.249755859375;1.05029296875;;;;;;;;;;;;;;;
60.802520751953125;0.0546875;-0.158935546875;1.00537109375;;;;;;;;;;;;;;;
60.80596923828125;-0.2158203125;0.282958984375;1.013671875;;;;;;;;;;;;;;;
60.809326171875;-0.15234375;-0.052490234375;0.823974609375;;;;;;;;;;;;;;;
60.812744140625;0.1142578125;0.2158203125;1.163818359375;;;;;;;;;;;;;;;
60.816162109375;-0.024658203125;-0.010986328125;1.021484375;;;;;;;;;;;;;;;
60.819488525390625;0.080810546875;0.1826171875;1.03271484375;;;;;;;;;;;;;;;
60.822967529296875;-0.16455078125;0.17431640625;0.91259765625;;;;;;;;;;;;;;;
60.826324462890625;-0.032470703125;-0.04443359375;0.843017578125;;;;;;;;;;;;;;;
60.82965087890625;-0.1044921875;0.12548828125;1.21044921875;;;;;;;;;;;;;;;
60.8331298828125;-0.08740234375;-0.193359375;1.091552734375;;;;;;;;;;;;;;;
60.836578369140625;0.020263671875;0.099365234375;1.25634765625;;;;;;;;;;;;;;;
60.839935302734375;-0.236083984375;0.084228515625;0.8681640625;;;;;;;;;;;;;;;
60.843353271484375;0.05126953125;0.375732421875;0.892333984375;;;;;;;;;;;;;;;
60.8466796875;-0.169189453125;0.208984375;0.92431640625;;;;;;;;;;;;;;;
60.850128173828125;0.159912109375;-0.208251953125;1.0634765625;;;;;;;;;;;;;;;
60.853485107421875;-0.210205078125;0.08447265625;1.177490234375;;;;;;;;;;;;;;;
60.85687255859375;-0.16162109375;-0.110107421875;0.88525390625;;;;;;;;;;;;;;;
60.86029052734375;-0.050048828125;0.2392578125;1.03515625;;;;;;;;;;;;;;;
60.863677978515625;-0.1826171875;0.0849609375;0.9140625;;;;;;;;;;;;;;;
60.8670654296875;0.1103515625;-0.025390625;1.18212890625;;;;;;;;;;;;;;;
60.870391845703125;-0.270751953125;0.1328125;1.073486328125;;;;;;;;;;;;;;;
60.873809814453125;-0.005859375;-0.029541015625;0.878662109375;;;;;;;;;;;;;;;
60.87713623046875;-0.218994140625;0.256591796875;0.933837890625;;;;;;;;;;;;;;;
60.880523681640625;0.03173828125;-0.068115234375;0.917236328125;;;;;;;;;;;;;;;
60.883880615234375;0.3095703125;0.10302734375;1.283203125;;;;;;;;;;;;;;;
60.887237548828125;-0.05224609375;0.10888671875;1.01025390625;;;;;;;;;;;;;;;
60.890655517578125;0.039306640625;0.224853515625;0.948486328125;;;;;;;;;;;;;;;
60.89410400390625;-0.276123046875;0.094970703125;0.82470703125;;;;;;;;;;;;;;;
60.89752197265625;0.06201171875;-0.188232421875;0.97216796875;;;;;;;;;;;;;;;
60.900909423828125;-0.01611328125;0.02099609375;1.231689453125;;;;;;;;;;;;;;;
60.904296875;-0.17431640625;-0.088134765625;1.001953125;;;;;;;;;;;;;;;
60.907684326171875;0.18408203125;0.182373046875;1.110107421875;;;;;;;;;;;;;;;
60.91107177734375;-0.193603515625;0.23388671875;0.81591796875;;;;;;;;;;;;;;;
60.9144287109375;0.119873046875;0.3173828125;1.0498046875;;;;;;;;;;;;;;;
60.917755126953125;-0.13134765625;0.097412109375;1.009033203125;;;;;;;;;;;;;;;
60.921112060546875;0.05322265625;-0.139404296875;1.087890625;;;;;;;;;;;;;;;
60.9244384765625;-0.21533203125;0.008056640625;0.959228515625;;;;;;;;;;;;;;;
60.927825927734375;-0.013916015625;-0.134765625;0.809326171875;;;;;;;;;;;;;;;
60.931182861328125;0.385009765625;0.22119140625;1.17529296875;;;;;;;;;;;;;;;
60.93450927734375;-0.023193359375;0.10888671875;1.006591796875;;;;;;;;;;;;;;;
60.9378662109375;0.019287109375;0.345458984375;1.24267578125;;;;;;;;;;;;;;;
60.941375732421875;-0.31884765625;0.018310546875;0.87255859375;;;;;;;;;;;;;;;
60.94488525390625;0.120361328125;-0.052734375;0.88623046875;;;;;;;;;;;;;;;
60.948272705078125;-0.00732421875;0.04833984375;1.004638671875;;;;;;;;;;;;;;;
60.95166015625;-0.235107421875;-0.198486328125;1.061279296875;;;;;;;;;;;;;;;
60.955078125;0.076171875;-0.01220703125;1.250732421875;;;;;;;;;;;;;;;
60.958526611328125;-0.138916015625;0.14794921875;0.8720703125;;;;;;;;;;;;;;;
60.96185302734375;0.154052734375;0.489501953125;0.918701171875;;;;;;;;;;;;;;;
60.96527099609375;-0.225830078125;0.2958984375;0.858642578125;;;;;;;;;;;;;;;
60.96868896484375;0.154541015625;-0.115966796875;1.17578125;;;;;;;;;;;;;;;
60.972015380859375;-0.156982421875;-0.048583984375;1.128173828125;;;;;;;;;;;;;;;
60.975372314453125;-0.03125;-0.27294921875;0.915283203125;;;;;;;;;;;;;;;
60.978759765625;0.008056640625;0.125244140625;1.056396484375;;;;;;;;;;;;;;;
60.982147216796875;-0.14404296875;0.1884765625;0.879150390625;;;;;;;;;;;;;;;
60.985504150390625;0.103515625;0.2734375;1.21826171875;;;;;;;;;;;;;;;
60.9888916015625;-0.20703125;0.118408203125;1.03662109375;;;;;;;;;;;;;;;
60.99224853515625;0.089599609375;0.11767578125;0.947021484375;;;;;;;;;;;;;;;
60.99566650390625;-0.11669921875;0.18359375;0.883056640625;;;;;;;;;;;;;;;
60.99908447265625;0.02294921875;-0.09423828125;0.95458984375;;;;;;;;;;;;;;;
61.00244140625;0.16552734375;0.090576171875;1.29541015625;;;;;;;;;;;;;;;
61.00579833984375;-0.12255859375;0.0673828125;1.017578125;;;;;;;;;;;;;;;
61.009185791015625;-0.0478515625;0.3173828125;0.976806640625;;;;;;;;;;;;;;;
61.01263427734375;-0.2177734375;-0.025146484375;0.77197265625;;;;;;;;;;;;;;;
61.016082763671875;0.12451171875;0.028076171875;1.01025390625;;;;;;;;;;;;;;;
61.01947021484375;-0.086669921875;0.004150390625;1.2255859375;;;;;;;;;;;;;;;
61.02288818359375;-0.0966796875;-0.005615234375;1.076416015625;;;;;;;;;;;;;;;
61.026214599609375;-0.137451171875;0.131591796875;1.074462890625;;;;;;;;;;;;;;;
61.0296630859375;-0.175048828125;0.04248046875;0.8037109375;;;;;;;;;;;;;;;
61.0330810546875;0.0517578125;0.297119140625;1.05322265625;;;;;;;;;;;;;;;
61.036468505859375;-0.091064453125;-0.029052734375;1.00634765625;;;;;;;;;;;;;;;
61.039886474609375;-0.0615234375;0.0908203125;1.14794921875;;;;;;;;;;;;;;;
61.04327392578125;-0.1875;0.008544921875;0.9345703125;;;;;;;;;;;;;;;
61.046722412109375;0.069580078125;-0.018310546875;0.883544921875;;;;;;;;;;;;;;;
61.05010986328125;-0.16748046875;0.273681640625;1.146728515625;;;;;;;;;;;;;;;
61.053497314453125;-0.032958984375;-0.117919921875;1.0439453125;;;;;;;;;;;;;;;
61.05682373046875;-0.103759765625;0.33544921875;1.225341796875;;;;;;;;;;;;;;;
61.0601806640625;-0.12841796875;-0.099609375;0.817138671875;;;;;;;;;;;;;;;
61.06353759765625;0.07568359375;0.281494140625;0.945556640625;;;;;;;;;;;;;;;
61.06689453125;-0.1728515625;0.033447265625;0.89794921875;;;;;;;;;;;;;;;
61.070343017578125;-0.081787109375;0.020751953125;1.03466796875;;;;;;;;;;;;;;;
61.07373046875;0.0361328125;0.20458984375;1.251220703125;;;;;;;;;;;;;;;
61.077178955078125;-0.065673828125;0.015380859375;0.943115234375;;;;;;;;;;;;;;;
61.08056640625;0.07470703125;0.33251953125;0.982177734375;;;;;;;;;;;;;;;
61.084075927734375;-0.2451171875;-0.1630859375;0.81103515625;;;;;;;;;;;;;;;
61.087432861328125;0.0654296875;0.04150390625;1.186279296875;;;;;;;;;;;;;;;
61.090789794921875;-0.154296875;-0.030029296875;1.121337890625;;;;;;;;;;;;;;;
61.094146728515625;0.142822265625;0.211181640625;0.92919921875;;;;;;;;;;;;;;;
61.09759521484375;-0.0234375;0.197998046875;1.00390625;;;;;;;;;;;;;;;
61.10089111328125;-0.139404296875;0.080810546875;0.883056640625;;;;;;;;;;;;;;;
61.104248046875;0.00048828125;0.310302734375;1.223876953125;;;;;;;;;;;;;;;
61.10760498046875;-0.112548828125;-0.007080078125;0.98583984375;;;;;;;;;;;;;;;
61.11102294921875;0.146240234375;0.25146484375;0.9912109375;;;;;;;;;;;;;;;
61.114410400390625;-0.174072265625;0.079345703125;0.807373046875;;;;;;;;;;;;;;;
61.117767333984375;0.2021484375;0.132568359375;1.019287109375;;;;;;;;;;;;;;;
61.121124267578125;0.319091796875;0.099365234375;1.3046875;;;;;;;;;;;;;;;
61.124603271484375;-0.14453125;-0.0107421875;1.041015625;;;;;;;;;;;;;;;
61.127899169921875;-0.15380859375;0.246337890625;1.056884765625;;;;;;;;;;;;;;;
61.13134765625;-0.338623046875;-0.14453125;0.720703125;;;;;;;;;;;;;;;
61.134735107421875;0.17626953125;0.187744140625;1.00927734375;;;;;;;;;;;;;;;
61.13812255859375;-0.136962890625;0.017578125;1.158203125;;;;;;;;;;;;;;;
61.14154052734375;-0.06787109375;0.2275390625;1.092529296875;;;;;;;;;;;;;;;
61.144927978515625;-0.03466796875;0.162109375;1.10986328125;;;;;;;;;;;;;;;
61.148284912109375;-0.174072265625;-0.05029296875;0.79541015625;;;;;;;;;;;;;;;
61.15167236328125;0.02978515625;0.130615234375;1.06396484375;;;;;;;;;;;;;;;
61.154998779296875;0.004638671875;-0.205322265625;0.96044921875;;;;;;;;;;;;;;;
61.158355712890625;0.033935546875;0.337158203125;1.1728515625;;;;;;;;;;;;;;;
61.16168212890625;-0.177490234375;0.08837890625;0.897216796875;;;;;;;;;;;;;;;
61.165008544921875;0.15380859375;0.222412109375;0.970703125;;;;;;;;;;;;;;;
61.16845703125;-0.3037109375;0.194580078125;1.187744140625;;;;;;;;;;;;;;;
61.171783447265625;-0.23681640625;-0.14111328125;0.9970703125;;;;;;;;;;;;;;;
61.1751708984375;-0.10205078125;0.1416015625;1.24560546875;;;;;;;;;;;;;;;
61.1785888671875;-0.009033203125;-0.289794921875;0.783935546875;;;;;;;;;;;;;;;
61.182037353515625;0.227783203125;0.432373046875;0.947265625;;;;;;;;;;;;;;;
61.1854248046875;-0.25830078125;0.064697265625;0.825439453125;;;;;;;;;;;;;;;
61.1888427734375;0.189697265625;0.31103515625;1.037841796875;;;;;;;;;;;;;;;
61.19219970703125;0.1728515625;0.10546875;1.291748046875;;;;;;;;;;;;;;;
61.195709228515625;-0.2080078125;-0.012451171875;0.943359375;;;;;;;;;;;;;;;
61.199066162109375;-0.181396484375;0.1376953125;1.042724609375;;;;;;;;;;;;;;;
61.202392578125;-0.23876953125;-0.22509765625;0.7841796875;;;;;;;;;;;;;;;
61.205841064453125;0.048828125;0.193359375;1.146240234375;;;;;;;;;;;;;;;
61.20916748046875;-0.09033203125;-0.1201171875;1.059326171875;;;;;;;;;;;;;;;
61.2125244140625;0.1494140625;0.43017578125;1.051513671875;;;;;;;;;;;;;;;
61.21588134765625;-0.1787109375;0.260009765625;0.95068359375;;;;;;;;;;;;;;;
61.21929931640625;-0.16748046875;0.166015625;0.887939453125;;;;;;;;;;;;;;;
61.22271728515625;-0.128662109375;-0.078857421875;1.2080078125;;;;;;;;;;;;;;;
61.226104736328125;0.073486328125;-0.267822265625;1.061767578125;;;;;;;;;;;;;;;
61.2294921875;0.115478515625;0.287109375;1.060546875;;;;;;;;;;;;;;;
61.232940673828125;-0.244873046875;-0.049560546875;0.7744140625;;;;;;;;;;;;;;;
61.23626708984375;0.095458984375;0.278076171875;1.036865234375;;;;;;;;;;;;;;;
61.23968505859375;0.02587890625;0.16064453125;1.19091796875;;;;;;;;;;;;;;;
61.243072509765625;-0.027587890625;-0.013427734375;1.114013671875;;;;;;;;;;;;;;;
61.24639892578125;-0.269287109375;0.107177734375;1.0537109375;;;;;;;;;;;;;;;
61.249755859375;-0.258056640625;-0.265625;0.769775390625;;;;;;;;;;;;;;;
61.253082275390625;-0.06884765625;0.277587890625;0.99560546875;;;;;;;;;;;;;;;
61.256439208984375;-0.1943359375;0.018798828125;0.923095703125;;;;;;;;;;;;;;;
61.259857177734375;-0.033447265625;0.26513671875;1.18798828125;;;;;;;;;;;;;;;
61.263214111328125;-0.274658203125;0.15087890625;1.045166015625;;;;;;;;;;;;;;;
61.266632080078125;0.035400390625;-0.05029296875;0.87646484375;;;;;;;;;;;;;;;
61.27008056640625;-0.1171875;0.11572265625;1.037841796875;;;;;;;;;;;;;;;
61.2734375;0.04296875;-0.279296875;1.0185546875;;;;;;;;;;;;;;;
61.276824951171875;-0.068603515625;0.3408203125;1.181884765625;;;;;;;;;;;;;;;
61.280242919921875;-0.170654296875;-0.0205078125;0.88720703125;;;;;;;;;;;;;;;
61.28363037109375;0.069580078125;0.259033203125;1.009765625;;;;;;;;;;;;;;;
61.28704833984375;-0.281494140625;0.204345703125;1.065185546875;;;;;;;;;;;;;;;
61.290435791015625;-0.09765625;-0.133544921875;1.0390625;;;;;;;;;;;;;;;
61.293792724609375;-0.09423828125;0.069580078125;1.175048828125;;;;;;;;;;;;;;;
61.297210693359375;0.11181640625;-0.368408203125;0.87548828125;;;;;;;;;;;;;;;
61.30059814453125;0.007080078125;0.416259765625;0.959228515625;;;;;;;;;;;;;;;
61.30401611328125;-0.218505859375;0.16943359375;0.7802734375;;;;;;;;;;;;;;;
61.30743408203125;0.03662109375;0.321044921875;1.150146484375;;;;;;;;;;;;;;;
61.310791015625;-0.100830078125;-0.025390625;1.17578125;;;;;;;;;;;;;;;
61.31414794921875;0.0;-0.162109375;1.0283203125;;;;;;;;;;;;;;;
61.317474365234375;-0.137451171875;0.0107421875;0.984619140625;;;;;;;;;;;;;;;
61.32080078125;-0.0234375;-0.087158203125;0.8486328125;;;;;;;;;;;;;;;
61.32421875;-0.031494140625;0.346923828125;1.1318359375;;;;;;;;;;;;;;;
61.327545166015625;-0.035400390625;-0.014892578125;1.041015625;;;;;;;;;;;;;;;
61.330963134765625;0.083251953125;0.277099609375;1.128173828125;;;;;;;;;;;;;;;
61.334320068359375;-0.32421875;0.16552734375;0.889892578125;;;;;;;;;;;;;;;
61.33770751953125;0.05078125;0.0498046875;0.88916015625;;;;;;;;;;;;;;;
61.34112548828125;-0.07861328125;0.032470703125;1.125244140625;;;;;;;;;;;;;;;
61.34454345703125;0.18603515625;-0.373046875;1.112060546875;;;;;;;;;;;;;;;
61.34796142578125;-0.2158203125;0.3427734375;1.08935546875;;;;;;;;;;;;;;;
61.351348876953125;-0.184326171875;-0.1962890625;0.739501953125;;;;;;;;;;;;;;;
61.354827880859375;0.022705078125;0.34619140625;1.10302734375;;;;;;;;;;;;;;;
61.358306884765625;-0.120849609375;0.065673828125;1.19140625;;;;;;;;;;;;;;;
61.361663818359375;-0.181640625;0.0146484375;1.103759765625;;;;;;;;;;;;;;;
61.365020751953125;-0.17236328125;0.078369140625;1.045166015625;;;;;;;;;;;;;;;
61.368377685546875;-0.105712890625;-0.17529296875;0.774169921875;;;;;;;;;;;;;;;
61.371795654296875;-0.0576171875;0.293212890625;1.015869140625;;;;;;;;;;;;;;;
61.3751220703125;-0.176025390625;-0.148681640625;0.935546875;;;;;;;;;;;;;;;
61.378570556640625;0.09423828125;0.263916015625;1.2421875;;;;;;;;;;;;;;;
61.3819580078125;-0.178466796875;0.0361328125;1.06103515625;;;;;;;;;;;;;;;
61.38531494140625;0.01416015625;-0.02197265625;0.948486328125;;;;;;;;;;;;;;;
61.388671875;-0.001220703125;0.20166015625;0.99755859375;;;;;;;;;;;;;;;
61.392120361328125;0.041748046875;-0.25732421875;0.994384765625;;;;;;;;;;;;;;;
61.395477294921875;-0.1083984375;0.39306640625;1.1572265625;;;;;;;;;;;;;;;
61.39898681640625;-0.15673828125;-0.3349609375;0.897216796875;;;;;;;;;;;;;;;
61.402313232421875;0.06005859375;0.308837890625;1.080810546875;;;;;;;;;;;;;;;
61.405731201171875;-0.502685546875;0.037109375;1.035888671875;;;;;;;;;;;;;;;
61.409088134765625;-0.17333984375;0.09716796875;1.035400390625;;;;;;;;;;;;;;;
61.4124755859375;-0.04248046875;-0.04248046875;1.136474609375;;;;;;;;;;;;;;;
61.415863037109375;0.19775390625;-0.122314453125;0.8720703125;;;;;;;;;;;;;;;
61.419189453125;0.010009765625;0.326171875;0.978515625;;;;;;;;;;;;;;;
61.42266845703125;-0.1806640625;0.03369140625;0.819580078125;;;;;;;;;;;;;;;
61.426025390625;-0.053466796875;0.30810546875;1.2080078125;;;;;;;;;;;;;;;
61.429412841796875;-0.148681640625;-0.223388671875;1.182373046875;;;;;;;;;;;;;;;
61.43292236328125;-0.083984375;-0.127685546875;1.1025390625;;;;;;;;;;;;;;;
61.436279296875;-0.203125;0.022216796875;0.975341796875;;;;;;;;;;;;;;;
61.4395751953125;-0.0498046875;0.2236328125;0.826416015625;;;;;;;;;;;;;;;
61.443023681640625;-0.074462890625;0.3505859375;1.084228515625;;;;;;;;;;;;;;;
61.446380615234375;0.0732421875;-0.185791015625;1.0302734375;;;;;;;;;;;;;;;
61.44970703125;0.09521484375;0.2548828125;1.210693359375;;;;;;;;;;;;;;;
61.453033447265625;-0.45458984375;0.013427734375;0.859130859375;;;;;;;;;;;;;;;
61.456390380859375;0.13623046875;0.08837890625;0.88671875;;;;;;;;;;;;;;;
61.459808349609375;-0.062744140625;0.10107421875;1.04052734375;;;;;;;;;;;;;;;
61.46319580078125;0.205078125;-0.215087890625;1.104736328125;;;;;;;;;;;;;;;
61.466552734375;-0.203857421875;0.262939453125;1.106689453125;;;;;;;;;;;;;;;
61.469940185546875;-0.166748046875;-0.166748046875;0.807373046875;;;;;;;;;;;;;;;
61.47332763671875;-0.095703125;0.479736328125;1.010986328125;;;;;;;;;;;;;;;
61.47662353515625;-0.322509765625;-0.082275390625;1.043701171875;;;;;;;;;;;;;;;
61.480072021484375;0.157470703125;0.006103515625;1.1953125;;;;;;;;;;;;;;;
61.483428955078125;-0.197509765625;-0.025146484375;0.979736328125;;;;;;;;;;;;;;;
61.48687744140625;0.01416015625;0.072021484375;0.830078125;;;;;;;;;;;;;;;
61.490234375;-0.18310546875;0.2294921875;0.95361328125;;;;;;;;;;;;;;;
61.49359130859375;-0.04345703125;-0.187744140625;0.905029296875;;;;;;;;;;;;;;;
61.4969482421875;0.18798828125;0.2412109375;1.248046875;;;;;;;;;;;;;;;
61.50030517578125;-0.131103515625;-0.16650390625;1.064208984375;;;;;;;;;;;;;;;
61.50372314453125;0.034423828125;0.092041015625;1.0517578125;;;;;;;;;;;;;;;
61.507080078125;-0.23095703125;0.17431640625;0.932861328125;;;;;;;;;;;;;;;
61.510467529296875;0.03173828125;0.2373046875;0.981201171875;;;;;;;;;;;;;;;
61.51385498046875;0.0205078125;0.23876953125;1.095947265625;;;;;;;;;;;;;;;
61.51727294921875;-0.018310546875;-0.23876953125;0.953857421875;;;;;;;;;;;;;;;
61.520660400390625;-0.062744140625;0.36865234375;1.06689453125;;;;;;;;;;;;;;;
61.524017333984375;-0.400390625;0.000244140625;0.7705078125;;;;;;;;;;;;;;;
61.5274658203125;0.04638671875;0.1591796875;1.101806640625;;;;;;;;;;;;;;;
61.5308837890625;-0.05078125;-0.03955078125;1.035888671875;;;;;;;;;;;;;;;
61.53424072265625;0.224365234375;0.060791015625;1.12939453125;;;;;;;;;;;;;;;
61.537628173828125;-0.13671875;0.191162109375;0.9658203125;;;;;;;;;;;;;;;
61.541015625;-0.1201171875;-0.084716796875;0.796875;;;;;;;;;;;;;;;
61.54443359375;0.0078125;0.235595703125;1.11767578125;;;;;;;;;;;;;;;
61.547882080078125;-0.125244140625;-0.187744140625;1.10986328125;;;;;;;;;;;;;;;
61.551300048828125;0.095458984375;0.013671875;1.198486328125;;;;;;;;;;;;;;;
61.554718017578125;-0.218017578125;0.055419921875;0.898681640625;;;;;;;;;;;;;;;
61.558074951171875;0.006591796875;0.412841796875;0.8623046875;;;;;;;;;;;;;;;
61.56146240234375;-0.095703125;0.28369140625;1.001708984375;;;;;;;;;;;;;;;
61.564788818359375;0.13037109375;-0.26318359375;1.037109375;;;;;;;;;;;;;;;
61.5682373046875;-0.093994140625;0.113525390625;1.210205078125;;;;;;;;;;;;;;;
61.571563720703125;-0.167236328125;-0.031494140625;0.847412109375;;;;;;;;;;;;;;;
61.574981689453125;0.06787109375;0.17919921875;1.001708984375;;;;;;;;;;;;;;;
61.578369140625;-0.05908203125;0.14404296875;0.953125;;;;;;;;;;;;;;;
61.581695556640625;0.182861328125;-0.054931640625;1.147216796875;;;;;;;;;;;;;;;
61.58514404296875;-0.22265625;0.2373046875;1.0732421875;;;;;;;;;;;;;;;
61.58856201171875;-0.031494140625;-0.088623046875;0.837158203125;;;;;;;;;;;;;;;
61.5919189453125;-0.2177734375;0.293701171875;1.006103515625;;;;;;;;;;;;;;;
61.595245361328125;-0.097900390625;-0.120849609375;1.007080078125;;;;;;;;;;;;;;;
61.598602294921875;0.11474609375;0.09423828125;1.2392578125;;;;;;;;;;;;;;;
61.60198974609375;-0.03662109375;0.030517578125;1.009033203125;;;;;;;;;;;;;;;
61.605316162109375;0.072509765625;0.239990234375;0.8876953125;;;;;;;;;;;;;;;
61.608734130859375;-0.05029296875;0.239501953125;0.874267578125;;;;;;;;;;;;;;;
61.612091064453125;-0.017333984375;-0.127197265625;0.96044921875;;;;;;;;;;;;;;;
61.615509033203125;-0.073486328125;0.06591796875;1.291259765625;;;;;;;;;;;;;;;
61.618865966796875;-0.197265625;-0.23974609375;1.040283203125;;;;;;;;;;;;;;;
61.62225341796875;0.019775390625;0.0673828125;1.06689453125;;;;;;;;;;;;;;;
61.62567138671875;-0.118408203125;0.207275390625;0.85498046875;;;;;;;;;;;;;;;
61.629058837890625;0.091552734375;0.395751953125;1.025390625;;;;;;;;;;;;;;;
61.63250732421875;-0.05908203125;0.172607421875;1.055908203125;;;;;;;;;;;;;;;
61.635955810546875;0.00830078125;-0.206298828125;1.0341796875;;;;;;;;;;;;;;;
61.639404296875;-0.20703125;0.06005859375;1.0;;;;;;;;;;;;;;;
61.642791748046875;-0.088623046875;-0.094970703125;0.774169921875;;;;;;;;;;;;;;;
61.646148681640625;0.3583984375;0.23974609375;1.1767578125;;;;;;;;;;;;;;;
61.6495361328125;-0.062744140625;-0.013916015625;1.017333984375;;;;;;;;;;;;;;;
61.652984619140625;0.064208984375;0.16748046875;1.195068359375;;;;;;;;;;;;;;;
61.65643310546875;-0.193359375;0.036376953125;0.91064453125;;;;;;;;;;;;;;;
61.659820556640625;0.001220703125;0.0927734375;0.81689453125;;;;;;;;;;;;;;;
61.663238525390625;0.0322265625;0.06982421875;1.075439453125;;;;;;;;;;;;;;;
61.666656494140625;-0.296630859375;-0.0947265625;0.98828125;;;;;;;;;;;;;;;
61.67010498046875;0.3837890625;0.2119140625;1.302978515625;;;;;;;;;;;;;;;
61.673431396484375;-0.262939453125;0.188232421875;0.83056640625;;;;;;;;;;;;;;;
61.676788330078125;0.15234375;0.331787109375;0.8759765625;;;;;;;;;;;;;;;
61.68017578125;0.01025390625;0.171875;0.948486328125;;;;;;;;;;;;;;;
61.68359375;0.0537109375;-0.271728515625;1.140380859375;;;;;;;;;;;;;;;
61.686920166015625;-0.138427734375;0.057861328125;1.169921875;;;;;;;;;;;;;;;
61.690277099609375;-0.193359375;-0.1376953125;0.794921875;;;;;;;;;;;;;;;
61.69366455078125;0.3271484375;0.252685546875;1.121337890625;;;;;;;;;;;;;;;
61.697235107421875;-0.1552734375;0.20849609375;0.89599609375;;;;;;;;;;;;;;;
61.700592041015625;0.14404296875;0.138671875;1.208740234375;;;;;;;;;;;;;;;
61.703948974609375;-0.212158203125;0.089111328125;0.957763671875;;;;;;;;;;;;;;;
61.707366943359375;0.01806640625;-0.044189453125;0.88671875;;;;;;;;;;;;;;;
61.710723876953125;-0.073486328125;0.117919921875;0.93408203125;;;;;;;;;;;;;;;
61.71405029296875;0.030029296875;-0.064208984375;0.887939453125;;;;;;;;;;;;;;;
61.717529296875;0.52783203125;0.18408203125;1.314453125;;;;;;;;;;;;;;;
61.720855712890625;-0.19970703125;0.158203125;0.982666015625;;;;;;;;;;;;;;;
61.7242431640625;0.141845703125;0.310791015625;0.9091796875;;;;;;;;;;;;;;;
61.7276611328125;-0.03759765625;0.0654296875;0.859130859375;;;;;;;;;;;;;;;
61.730987548828125;-0.019287109375;-0.12744140625;0.9609375;;;;;;;;;;;;;;;
61.734405517578125;-0.051025390625;-0.011474609375;1.266845703125;;;;;;;;;;;;;;;
61.737823486328125;-0.302490234375;-0.132568359375;1.041015625;;;;;;;;;;;;;;;
61.74114990234375;0.050048828125;0.09716796875;1.09375;;;;;;;;;;;;;;;
61.744598388671875;-0.183837890625;0.1640625;0.81591796875;;;;;;;;;;;;;;;
61.747955322265625;0.0791015625;0.420654296875;1.03125;;;;;;;;;;;;;;;
61.751373291015625;-0.06201171875;0.078125;1.007080078125;;;;;;;;;;;;;;;
61.754730224609375;0.070556640625;0.03515625;1.097900390625;;;;;;;;;;;;;;;
61.75811767578125;-0.18505859375;-0.0107421875;0.989501953125;;;;;;;;;;;;;;;
61.761474609375;-0.073974609375;-0.11181640625;0.8076171875;;;;;;;;;;;;;;;
61.76483154296875;0.111328125;0.157470703125;1.19189453125;;;;;;;;;;;;;;;
61.76812744140625;-0.0771484375;-0.056640625;1.02294921875;;;;;;;;;;;;;;;
61.7716064453125;0.0107421875;0.307373046875;1.212890625;;;;;;;;;;;;;;;
61.774932861328125;-0.26806640625;0.014404296875;0.890625;;;;;;;;;;;;;;;
61.778289794921875;0.056884765625;0.342529296875;0.851806640625;;;;;;;;;;;;;;;
61.78167724609375;-0.053955078125;0.169189453125;0.98779296875;;;;;;;;;;;;;;;
61.7850341796875;-0.02685546875;-0.1328125;1.070556640625;;;;;;;;;;;;;;;
61.7884521484375;0.0029296875;0.0947265625;1.261962890625;;;;;;;;;;;;;;;
61.791778564453125;-0.153076171875;-0.002197265625;0.87841796875;;;;;;;;;;;;;;;
61.79510498046875;-0.03466796875;0.37890625;0.934814453125;;;;;;;;;;;;;;;
61.798553466796875;-0.12939453125;-0.00341796875;0.866455078125;;;;;;;;;;;;;;;
61.80194091796875;0.1240234375;-0.030517578125;1.158203125;;;;;;;;;;;;;;;
61.80523681640625;-0.1181640625;0.072265625;1.166015625;;;;;;;;;;;;;;;
61.80865478515625;-0.07568359375;0.02978515625;0.8994140625;;;;;;;;;;;;;;;
61.811981201171875;-0.06982421875;0.2265625;1.024169921875;;;;;;;;;;;;;;;
61.81536865234375;-0.119873046875;0.013916015625;0.898681640625;;;;;;;;;;;;;;;
61.818756103515625;0.050048828125;0.18115234375;1.1904296875;;;;;;;;;;;;;;;
61.8221435546875;-0.082763671875;0.052978515625;1.022705078125;;;;;;;;;;;;;;;
61.825592041015625;0.074951171875;0.1796875;0.982421875;;;;;;;;;;;;;;;
61.8289794921875;-0.197509765625;0.05517578125;0.865234375;;;;;;;;;;;;;;;
61.83233642578125;0.1416015625;-0.021240234375;0.968017578125;;;;;;;;;;;;;;;
61.83575439453125;0.235107421875;0.203125;1.2890625;;;;;;;;;;;;;;;
61.8392333984375;-0.030517578125;0.08642578125;1.053955078125;;;;;;;;;;;;;;;
61.8426513671875;-0.1220703125;0.332763671875;1.119873046875;;;;;;;;;;;;;;;
61.846099853515625;-0.224609375;-0.07177734375;0.760986328125;;;;;;;;;;;;;;;
61.8494873046875;0.159423828125;0.052001953125;1.007568359375;;;;;;;;;;;;;;;
61.852935791015625;-0.10888671875;-0.0439453125;1.077392578125;;;;;;;;;;;;;;;
61.85638427734375;-0.190673828125;0.06005859375;1.03271484375;;;;;;;;;;;;;;;
61.85968017578125;-0.0224609375;0.172607421875;1.110595703125;;;;;;;;;;;;;;;
61.863067626953125;-0.126708984375;0.0498046875;0.779541015625;;;;;;;;;;;;;;;
61.866485595703125;0.1015625;0.365234375;1.046630859375;;;;;;;;;;;;;;;
61.86981201171875;-0.11767578125;0.003173828125;0.966552734375;;;;;;;;;;;;;;;
61.87322998046875;0.054443359375;0.14013671875;1.123046875;;;;;;;;;;;;;;;
61.876617431640625;-0.15283203125;0.0283203125;0.959716796875;;;;;;;;;;;;;;;
61.879974365234375;0.08984375;0.0234375;0.85546875;;;;;;;;;;;;;;;
61.883331298828125;-0.01220703125;0.20556640625;1.18603515625;;;;;;;;;;;;;;;
61.886749267578125;-0.1083984375;-0.170654296875;1.010986328125;;;;;;;;;;;;;;;
61.89013671875;-0.03271484375;0.21240234375;1.236083984375;;;;;;;;;;;;;;;
61.893524169921875;-0.15478515625;0.0205078125;0.82763671875;;;;;;;;;;;;;;;
61.89691162109375;0.149169921875;0.455810546875;0.900390625;;;;;;;;;;;;;;;
61.900390625;-0.180419921875;0.166015625;0.88671875;;;;;;;;;;;;;;;
61.90380859375;0.236083984375;0.0537109375;1.00048828125;;;;;;;;;;;;;;;
61.907196044921875;0.239013671875;0.049560546875;1.308349609375;;;;;;;;;;;;;;;
61.91064453125;-0.15673828125;-0.09765625;0.900634765625;;;;;;;;;;;;;;;
61.913970947265625;-0.060546875;0.217529296875;0.9892578125;;;;;;;;;;;;;;;
61.91741943359375;-0.255859375;-0.056884765625;0.782958984375;;;;;;;;;;;;;;;
61.920745849609375;0.162841796875;0.128173828125;1.1513671875;;;;;;;;;;;;;;;
61.924102783203125;-0.14599609375;0.1201171875;1.099609375;;;;;;;;;;;;;;;
61.927459716796875;0.122802734375;0.22265625;0.9609375;;;;;;;;;;;;;;;
61.930816650390625;-0.014892578125;0.243408203125;1.0439453125;;;;;;;;;;;;;;;
61.934173583984375;-0.295166015625;-0.00244140625;0.88037109375;;;;;;;;;;;;;;;
61.9375;-0.0400390625;0.030029296875;1.1962890625;;;;;;;;;;;;;;;
61.940887451171875;-0.056396484375;-0.12451171875;0.989501953125;;;;;;;;;;;;;;;
61.944305419921875;0.0146484375;0.322021484375;0.996826171875;;;;;;;;;;;;;;;
61.9476318359375;-0.18701171875;0.07763671875;0.8193359375;;;;;;;;;;;;;;;
61.951019287109375;0.168212890625;0.215087890625;1.01953125;;;;;;;;;;;;;;;
61.954437255859375;0.35595703125;0.192626953125;1.321533203125;;;;;;;;;;;;;;;
61.95782470703125;-0.195556640625;-0.154052734375;1.056396484375;;;;;;;;;;;;;;;
61.961212158203125;-0.184326171875;0.220703125;1.142333984375;;;;;;;;;;;;;;;
61.964630126953125;-0.3115234375;-0.237060546875;0.743408203125;;;;;;;;;;;;;;;
61.967987060546875;0.031982421875;0.435791015625;0.98388671875;;;;;;;;;;;;;;;
61.971405029296875;-0.18798828125;-0.061279296875;1.014892578125;;;;;;;;;;;;;;;
61.9747314453125;-0.148681640625;0.220458984375;1.07568359375;;;;;;;;;;;;;;;
61.978057861328125;-0.03125;0.163330078125;1.111572265625;;;;;;;;;;;;;;;
61.9814453125;-0.151123046875;0.075439453125;0.869384765625;;;;;;;;;;;;;;;
61.98486328125;-0.050048828125;0.194580078125;1.070068359375;;;;;;;;;;;;;;;
61.988189697265625;-0.1171875;-0.102294921875;0.970458984375;;;;;;;;;;;;;;;
61.9915771484375;-0.04736328125;0.260498046875;1.187255859375;;;;;;;;;;;;;;;
61.99493408203125;-0.260009765625;-0.10498046875;0.914306640625;;;;;;;;;;;;;;;
61.998291015625;0.148193359375;-0.046142578125;0.927978515625;;;;;;;;;;;;;;;
62.001617431640625;-0.186279296875;0.29638671875;0.9921875;;;;;;;;;;;;;;;
62.00506591796875;-0.023193359375;0.029052734375;1.053466796875;;;;;;;;;;;;;;;
62.00848388671875;-0.21875;0.32421875;1.218505859375;;;;;;;;;;;;;;;
62.011810302734375;-0.046875;-0.289306640625;0.947021484375;;;;;;;;;;;;;;;
62.015289306640625;-0.00732421875;0.3115234375;0.944580078125;;;;;;;;;;;;;;;
62.0186767578125;-0.195068359375;0.0146484375;0.815185546875;;;;;;;;;;;;;;;
62.022125244140625;0.133544921875;0.11865234375;1.10400390625;;;;;;;;;;;;;;;
62.025482177734375;-0.095458984375;0.1552734375;1.224365234375;;;;;;;;;;;;;;;
62.028839111328125;-0.017578125;-0.090576171875;0.970947265625;;;;;;;;;;;;;;;
62.032257080078125;-0.1689453125;0.17138671875;1.0146484375;;;;;;;;;;;;;;;
62.03564453125;-0.27978515625;-0.155029296875;0.819580078125;;;;;;;;;;;;;;;
62.038970947265625;-0.013671875;0.24072265625;1.124267578125;;;;;;;;;;;;;;;
62.042327880859375;-0.038330078125;-0.0107421875;1.08349609375;;;;;;;;;;;;;;;
62.045684814453125;0.140380859375;0.2197265625;1.057861328125;;;;;;;;;;;;;;;
62.049041748046875;-0.22509765625;0.16943359375;0.932373046875;;;;;;;;;;;;;;;
62.05242919921875;-0.03076171875;0.01171875;0.871337890625;;;;;;;;;;;;;;;
62.0557861328125;-0.037109375;0.045654296875;1.1572265625;;;;;;;;;;;;;;;
62.059112548828125;0.046630859375;-0.24951171875;1.0703125;;;;;;;;;;;;;;;
62.062591552734375;-0.136962890625;0.320068359375;1.0654296875;;;;;;;;;;;;;;;
62.06597900390625;-0.28125;-0.015625;0.752685546875;;;;;;;;;;;;;;;
62.06939697265625;0.204833984375;0.256103515625;1.081787109375;;;;;;;;;;;;;;;
62.07275390625;-0.326904296875;0.162109375;1.217041015625;;;;;;;;;;;;;;;
62.076263427734375;-0.0888671875;-0.154541015625;1.098876953125;;;;;;;;;;;;;;;
62.079559326171875;-0.233642578125;0.079345703125;1.072509765625;;;;;;;;;;;;;;;
62.082977294921875;-0.001220703125;-0.3095703125;0.764892578125;;;;;;;;;;;;;;;
62.0863037109375;-0.03955078125;0.408203125;0.9951171875;;;;;;;;;;;;;;;
62.0897216796875;-0.1787109375;0.0400390625;0.9306640625;;;;;;;;;;;;;;;
62.09307861328125;0.1689453125;0.25390625;1.163330078125;;;;;;;;;;;;;;;
62.09637451171875;-0.12890625;0.037353515625;1.068359375;;;;;;;;;;;;;;;
62.099761962890625;-0.0810546875;-0.061767578125;0.90234375;;;;;;;;;;;;;;;
62.103118896484375;-0.130126953125;0.131591796875;1.038818359375;;;;;;;;;;;;;;;
62.10650634765625;-0.025146484375;-0.287353515625;0.994873046875;;;;;;;;;;;;;;;
62.109832763671875;-0.053955078125;0.3076171875;1.1826171875;;;;;;;;;;;;;;;
62.11322021484375;-0.190185546875;-0.093017578125;0.90478515625;;;;;;;;;;;;;;;
62.116668701171875;0.158447265625;0.326171875;1.050048828125;;;;;;;;;;;;;;;
62.120147705078125;-0.597900390625;0.17822265625;0.8427734375;;;;;;;;;;;;;;;
62.123504638671875;-0.185546875;0.000244140625;1.021484375;;;;;;;;;;;;;;;
62.12689208984375;-0.123291015625;-0.01416015625;1.2119140625;;;;;;;;;;;;;;;
62.1302490234375;0.122802734375;-0.35498046875;1.012451171875;;;;;;;;;;;;;;;
62.133636474609375;0.02978515625;0.28857421875;0.97705078125;;;;;;;;;;;;;;;
62.136993408203125;-0.330322265625;0.010498046875;0.7998046875;;;;;;;;;;;;;;;
62.140472412109375;0.150634765625;0.244384765625;1.234130859375;;;;;;;;;;;;;;;
62.143829345703125;-0.105224609375;0.014404296875;1.24658203125;;;;;;;;;;;;;;;
62.147216796875;-0.17138671875;-0.15966796875;1.0146484375;;;;;;;;;;;;;;;
62.15057373046875;-0.22509765625;0.161865234375;0.914306640625;;;;;;;;;;;;;;;
62.1539306640625;-0.17626953125;-0.07666015625;0.80078125;;;;;;;;;;;;;;;
62.15728759765625;0.005126953125;0.429443359375;1.12744140625;;;;;;;;;;;;;;;
62.160736083984375;-0.079833984375;-0.158447265625;1.035888671875;;;;;;;;;;;;;;;
62.1641845703125;0.17626953125;0.220458984375;1.1494140625;;;;;;;;;;;;;;;
62.16754150390625;-0.418212890625;0.02685546875;0.895751953125;;;;;;;;;;;;;;;
62.170867919921875;0.019287109375;0.0498046875;0.8427734375;;;;;;;;;;;;;;;
62.17431640625;-0.014892578125;0.12646484375;1.12060546875;;;;;;;;;;;;;;;
62.177703857421875;0.143310546875;-0.2666015625;1.109619140625;;;;;;;;;;;;;;;
62.181121826171875;-0.20751953125;0.4599609375;1.096923828125;;;;;;;;;;;;;;;
62.184539794921875;-0.3173828125;-0.23291015625;0.76220703125;;;;;;;;;;;;;;;
62.18792724609375;0.12841796875;0.32421875;1.08935546875;;;;;;;;;;;;;;;
62.19134521484375;-0.458984375;-0.02294921875;1.1728515625;;;;;;;;;;;;;;;
62.1947021484375;-0.119384765625;-0.03173828125;1.1123046875;;;;;;;;;;;;;;;
62.19805908203125;-0.20654296875;-0.010986328125;1.05322265625;;;;;;;;;;;;;;;
62.20147705078125;0.116943359375;-0.161376953125;0.77587890625;;;;;;;;;;;;;;;
62.204803466796875;-0.067626953125;0.339111328125;0.9921875;;;;;;;;;;;;;;;
62.208160400390625;-0.237548828125;-0.02294921875;0.889892578125;;;;;;;;;;;;;;;
62.21148681640625;0.190185546875;0.332763671875;1.218017578125;;;;;;;;;;;;;;;
62.214874267578125;-0.164306640625;-0.129150390625;1.084228515625;;;;;;;;;;;;;;;
62.218231201171875;0.04345703125;-0.04931640625;0.934326171875;;;;;;;;;;;;;;;
62.221588134765625;-0.171142578125;0.05615234375;1.0087890625;;;;;;;;;;;;;;;
62.2249755859375;-0.010009765625;0.045166015625;0.984375;;;;;;;;;;;;;;;
62.228363037109375;-0.02587890625;0.281982421875;1.158203125;;;;;;;;;;;;;;;
62.23175048828125;-0.008544921875;-0.171142578125;0.91357421875;;;;;;;;;;;;;;;
62.23516845703125;0.1630859375;0.29052734375;1.070068359375;;;;;;;;;;;;;;;
62.238494873046875;-0.479248046875;0.212890625;0.838134765625;;;;;;;;;;;;;;;
62.241851806640625;0.18115234375;0.02099609375;1.048583984375;;;;;;;;;;;;;;;
62.2452392578125;-0.04052734375;-0.0283203125;1.1240234375;;;;;;;;;;;;;;;
62.248687744140625;0.203125;-0.230224609375;1.0458984375;;;;;;;;;;;;;;;
62.252105712890625;0.00537109375;0.20263671875;0.96533203125;;;;;;;;;;;;;;;
62.25543212890625;-0.218994140625;-0.042724609375;0.7900390625;;;;;;;;;;;;;;;
62.258819580078125;0.065673828125;0.300537109375;1.1806640625;;;;;;;;;;;;;;;
62.262237548828125;-0.084228515625;-0.005126953125;1.13232421875;;;;;;;;;;;;;;;
62.265594482421875;0.058837890625;0.05224609375;1.1279296875;;;;;;;;;;;;;;;
62.26898193359375;-0.184814453125;0.022216796875;0.857421875;;;;;;;;;;;;;;;
62.272369384765625;-0.0732421875;0.120361328125;0.794189453125;;;;;;;;;;;;;;;
62.27581787109375;0.151611328125;0.27880859375;1.08056640625;;;;;;;;;;;;;;;
62.279205322265625;-0.017578125;-0.1689453125;1.0810546875;;;;;;;;;;;;;;;
62.28253173828125;0.104248046875;0.207763671875;1.201171875;;;;;;;;;;;;;;;
62.285919189453125;-0.301025390625;0.026611328125;0.84521484375;;;;;;;;;;;;;;;
62.289306640625;0.15478515625;0.164306640625;1.022705078125;;;;;;;;;;;;;;;
62.29278564453125;0.005126953125;0.129150390625;1.063720703125;;;;;;;;;;;;;;;
62.296173095703125;0.114013671875;-0.251953125;1.119873046875;;;;;;;;;;;;;;;
62.29962158203125;-0.12841796875;0.2568359375;1.087890625;;;;;;;;;;;;;;;
62.30303955078125;-0.205810546875;-0.202880859375;0.751220703125;;;;;;;;;;;;;;;
62.306427001953125;0.02783203125;0.359619140625;1.044189453125;;;;;;;;;;;;;;;
62.30987548828125;-0.21533203125;-0.0390625;1.056396484375;;;;;;;;;;;;;;;
62.313232421875;0.096435546875;0.079833984375;1.1845703125;;;;;;;;;;;;;;;
62.31658935546875;-0.1875;-0.014892578125;1.010498046875;;;;;;;;;;;;;;;
62.320037841796875;0.136962890625;0.04248046875;0.84033203125;;;;;;;;;;;;;;;
62.323394775390625;-0.116943359375;0.3212890625;0.928466796875;;;;;;;;;;;;;;;
62.326873779296875;-0.081787109375;-0.065673828125;0.884765625;;;;;;;;;;;;;;;
62.330230712890625;0.10400390625;0.14453125;1.282470703125;;;;;;;;;;;;;;;
62.333587646484375;-0.112060546875;-0.242431640625;1.04052734375;;;;;;;;;;;;;;;
62.337005615234375;0.135986328125;-0.00927734375;1.037353515625;;;;;;;;;;;;;;;
62.34033203125;-0.238525390625;0.19873046875;0.928955078125;;;;;;;;;;;;;;;
62.343780517578125;0.014892578125;0.2529296875;0.98193359375;;;;;;;;;;;;;;;
62.347137451171875;-0.07861328125;0.260009765625;1.123291015625;;;;;;;;;;;;;;;
62.350494384765625;-0.012939453125;-0.27880859375;0.970458984375;;;;;;;;;;;;;;;
62.3538818359375;-0.1201171875;0.1884765625;1.06494140625;;;;;;;;;;;;;;;
62.357208251953125;-0.339599609375;0.02099609375;0.77685546875;;;;;;;;;;;;;;;
62.360565185546875;0.236328125;0.190673828125;1.085693359375;;;;;;;;;;;;;;;
62.36395263671875;0.009033203125;0.0537109375;1.071533203125;;;;;;;;;;;;;;;
62.367279052734375;0.15771484375;-0.071533203125;1.119873046875;;;;;;;;;;;;;;;
62.370697021484375;-0.337646484375;0.1435546875;0.98193359375;;;;;;;;;;;;;;;
62.3741455078125;-0.197998046875;-0.054443359375;0.7685546875;;;;;;;;;;;;;;;
62.377532958984375;-0.03369140625;0.2822265625;1.137939453125;;;;;;;;;;;;;;;
62.3809814453125;-0.387939453125;-0.1298828125;1.076904296875;;;;;;;;;;;;;;;
62.384429931640625;0.071044921875;0.171875;1.187255859375;;;;;;;;;;;;;;;
62.387786865234375;-0.1875;0.080322265625;0.857421875;;;;;;;;;;;;;;;
62.39117431640625;0.056884765625;0.283935546875;0.82373046875;;;;;;;;;;;;;;;
62.394622802734375;-0.072998046875;0.12353515625;1.031005859375;;;;;;;;;;;;;;;
62.397979736328125;0.02783203125;-0.345703125;1.08642578125;;;;;;;;;;;;;;;
62.4013671875;-0.08544921875;0.2041015625;1.235107421875;;;;;;;;;;;;;;;
62.40472412109375;-0.43603515625;-0.07568359375;0.8076171875;;;;;;;;;;;;;;;
62.408172607421875;0.184814453125;0.267578125;1.082275390625;;;;;;;;;;;;;;;
62.41156005859375;-0.121826171875;0.18115234375;0.96826171875;;;;;;;;;;;;;;;
62.4149169921875;0.244384765625;-0.0791015625;1.158203125;;;;;;;;;;;;;;;
62.418243408203125;-0.28125;0.165771484375;1.005126953125;;;;;;;;;;;;;;;
62.42169189453125;-0.0439453125;-0.15673828125;0.848388671875;;;;;;;;;;;;;;;
62.425048828125;-0.15966796875;0.338134765625;1.0107421875;;;;;;;;;;;;;;;
62.428436279296875;-0.267333984375;-0.09765625;0.950927734375;;;;;;;;;;;;;;;
62.431793212890625;0.190185546875;0.13916015625;1.25244140625;;;;;;;;;;;;;;;
62.435211181640625;-0.165771484375;-0.065673828125;0.98876953125;;;;;;;;;;;;;;;
62.43853759765625;0.26806640625;0.19921875;0.87060546875;;;;;;;;;;;;;;;
62.44189453125;-0.11083984375;0.21142578125;0.908447265625;;;;;;;;;;;;;;;
62.445281982421875;0.018310546875;-0.123046875;0.921142578125;;;;;;;;;;;;;;;
62.44866943359375;-0.030029296875;0.18212890625;1.275634765625;;;;;;;;;;;;;;;
62.452056884765625;-0.269775390625;-0.30126953125;1.06103515625;;;;;;;;;;;;;;;
62.455474853515625;-0.048583984375;0.054931640625;1.069580078125;;;;;;;;;;;;;;;
62.458892822265625;-0.20703125;0.103759765625;0.8486328125;;;;;;;;;;;;;;;
62.462310791015625;0.078369140625;0.4736328125;1.01025390625;;;;;;;;;;;;;;;
62.465667724609375;-0.06787109375;0.208740234375;1.050048828125;;;;;;;;;;;;;;;
62.46905517578125;0.156005859375;-0.093994140625;1.025146484375;;;;;;;;;;;;;;;
62.47247314453125;-0.130126953125;0.072265625;1.04248046875;;;;;;;;;;;;;;;
62.47589111328125;-0.325927734375;-0.1142578125;0.788330078125;;;;;;;;;;;;;;;
62.479278564453125;0.1064453125;0.13671875;1.146240234375;;;;;;;;;;;;;;;
62.482696533203125;-0.06884765625;0.02490234375;1.018798828125;;;;;;;;;;;;;;;
62.486114501953125;0.13525390625;0.236328125;1.19384765625;;;;;;;;;;;;;;;
62.48944091796875;-0.299072265625;0.1630859375;0.937744140625;;;;;;;;;;;;;;;
62.4927978515625;-0.056884765625;0.082763671875;0.857177734375;;;;;;;;;;;;;;;
62.49615478515625;-0.119384765625;0.180908203125;1.028076171875;;;;;;;;;;;;;;;
62.49951171875;-0.026123046875;-0.2060546875;1.078857421875;;;;;;;;;;;;;;;
62.5029296875;0.000732421875;0.143798828125;1.240966796875;;;;;;;;;;;;;;;
62.50634765625;-0.17138671875;0.052490234375;0.840087890625;;;;;;;;;;;;;;;
62.50970458984375;0.01171875;0.404296875;0.89306640625;;;;;;;;;;;;;;;
62.51312255859375;-0.072265625;0.110107421875;0.958251953125;;;;;;;;;;;;;;;
62.51654052734375;-0.01318359375;-0.193115234375;1.139892578125;;;;;;;;;;;;;;;
62.5198974609375;-0.149169921875;0.103515625;1.21875;;;;;;;;;;;;;;;
62.52325439453125;-0.199462890625;-0.153076171875;0.865234375;;;;;;;;;;;;;;;
62.52667236328125;0.04736328125;0.23681640625;1.03759765625;;;;;;;;;;;;;;;
62.53009033203125;-0.07666015625;0.104248046875;0.937744140625;;;;;;;;;;;;;;;
62.533447265625;0.099365234375;0.30810546875;1.165283203125;;;;;;;;;;;;;;;
62.536865234375;-0.14453125;0.181396484375;0.996337890625;;;;;;;;;;;;;;;
62.54022216796875;0.043701171875;-0.00390625;0.912353515625;;;;;;;;;;;;;;;
62.5435791015625;-0.181640625;0.047607421875;0.943115234375;;;;;;;;;;;;;;;
62.5469970703125;0.064453125;-0.124267578125;0.890625;;;;;;;;;;;;;;;
62.550323486328125;0.497314453125;0.1845703125;1.334716796875;;;;;;;;;;;;;;;
62.5537109375;-0.177490234375;0.09130859375;0.989990234375;;;;;;;;;;;;;;;
62.55712890625;0.172119140625;0.31640625;1.123046875;;;;;;;;;;;;;;;
62.560546875;-0.06640625;0.102783203125;0.85400390625;;;;;;;;;;;;;;;
62.56390380859375;0.11962890625;-0.067626953125;0.93115234375;;;;;;;;;;;;;;;
62.567291259765625;-0.03369140625;0.03662109375;1.180908203125;;;;;;;;;;;;;;;
62.570648193359375;-0.405517578125;-0.10400390625;0.971435546875;;;;;;;;;;;;;;;
62.574066162109375;0.225341796875;0.195556640625;1.14501953125;;;;;;;;;;;;;;;
62.577392578125;-0.215087890625;0.123046875;0.811279296875;;;;;;;;;;;;;;;
62.58074951171875;0.24951171875;0.456298828125;0.997314453125;;;;;;;;;;;;;;;
62.584136962890625;0.033447265625;0.123291015625;0.99853515625;;;;;;;;;;;;;;;
62.587493896484375;0.09228515625;0.0107421875;1.196044921875;;;;;;;;;;;;;;;
62.5908203125;-0.139892578125;-0.008544921875;1.003173828125;;;;;;;;;;;;;;;
62.59429931640625;0.00390625;-0.097900390625;0.802001953125;;;;;;;;;;;;;;;
62.59759521484375;-0.00830078125;0.262939453125;1.22119140625;;;;;;;;;;;;;;;
62.60101318359375;-0.2138671875;-0.09716796875;1.00390625;;;;;;;;;;;;;;;
62.6043701171875;0.032470703125;0.2607421875;1.232177734375;;;;;;;;;;;;;;;
62.607757568359375;-0.150146484375;0.00439453125;0.848388671875;;;;;;;;;;;;;;;
62.611175537109375;0.268798828125;0.34033203125;0.88134765625;;;;;;;;;;;;;;;
62.614501953125;-0.0556640625;0.1435546875;1.011474609375;;;;;;;;;;;;;;;
62.617950439453125;0.0439453125;-0.137939453125;0.96826171875;;;;;;;;;;;;;;;
62.62139892578125;0.323486328125;0.17626953125;1.334716796875;;;;;;;;;;;;;;;
62.624786376953125;-0.2626953125;0.06298828125;0.871826171875;;;;;;;;;;;;;;;
62.628143310546875;-0.0546875;0.3984375;0.940673828125;;;;;;;;;;;;;;;
62.63153076171875;-0.2314453125;-0.04736328125;0.847900390625;;;;;;;;;;;;;;;
62.634979248046875;0.178466796875;-0.037109375;1.136474609375;;;;;;;;;;;;;;;
62.6383056640625;-0.02099609375;0.05224609375;1.16845703125;;;;;;;;;;;;;;;
62.64166259765625;0.068359375;0.07666015625;0.871337890625;;;;;;;;;;;;;;;
62.64501953125;0.10302734375;0.243408203125;1.089599609375;;;;;;;;;;;;;;;
62.648468017578125;-0.361328125;0.070068359375;0.863525390625;;;;;;;;;;;;;;;
62.651824951171875;0.05712890625;0.164306640625;1.200439453125;;;;;;;;;;;;;;;
62.655242919921875;-0.18359375;0.013427734375;0.966064453125;;;;;;;;;;;;;;;
62.65863037109375;0.10791015625;0.225341796875;0.957763671875;;;;;;;;;;;;;;;
62.662078857421875;-0.176025390625;0.037841796875;0.887939453125;;;;;;;;;;;;;;;
62.66546630859375;0.22314453125;0.018310546875;0.951904296875;;;;;;;;;;;;;;;
62.66888427734375;-0.129638671875;0.18212890625;1.3623046875;;;;;;;;;;;;;;;
62.6722412109375;-0.14990234375;-0.11474609375;0.9892578125;;;;;;;;;;;;;;;
62.675628662109375;-0.07080078125;0.363037109375;1.16796875;;;;;;;;;;;;;;;
62.678985595703125;-0.15869140625;-0.025146484375;0.7978515625;;;;;;;;;;;;;;;
62.68231201171875;-0.060791015625;0.39892578125;0.960205078125;;;;;;;;;;;;;;;
62.68572998046875;-0.138916015625;-0.02685546875;1.0869140625;;;;;;;;;;;;;;;
62.689117431640625;-0.23779296875;0.00146484375;0.99072265625;;;;;;;;;;;;;;;
62.692474365234375;0.25390625;0.197509765625;1.157958984375;;;;;;;;;;;;;;;
62.69586181640625;-0.138916015625;0.03857421875;0.8388671875;;;;;;;;;;;;;;;
62.699249267578125;0.14453125;0.404296875;1.058349609375;;;;;;;;;;;;;;;
62.702667236328125;-0.166015625;-0.3115234375;0.97998046875;;;;;;;;;;;;;;;
62.706085205078125;-0.080322265625;0.22216796875;1.1591796875;;;;;;;;;;;;;;;
62.70941162109375;-0.296630859375;-0.03662109375;0.953369140625;;;;;;;;;;;;;;;
62.712799072265625;0.106689453125;-0.07080078125;0.84228515625;;;;;;;;;;;;;;;
62.716156005859375;-0.0048828125;0.255615234375;1.064697265625;;;;;;;;;;;;;;;
62.71954345703125;-0.083740234375;-0.08251953125;1.05029296875;;;;;;;;;;;;;;;
62.722900390625;-0.132080078125;0.381103515625;1.21337890625;;;;;;;;;;;;;;;
62.72625732421875;-0.154296875;-0.070068359375;0.893310546875;;;;;;;;;;;;;;;
62.729736328125;0.01953125;0.392822265625;0.892822265625;;;;;;;;;;;;;;;
62.733062744140625;-0.20166015625;0.1015625;0.88330078125;;;;;;;;;;;;;;;
62.736480712890625;0.1708984375;-0.0869140625;1.12744140625;;;;;;;;;;;;;;;
62.73992919921875;0.00439453125;0.181640625;1.26611328125;;;;;;;;;;;;;;;
62.743316650390625;-0.103271484375;-0.0849609375;0.93505859375;;;;;;;;;;;;;;;
62.74676513671875;-0.07275390625;0.396240234375;0.973388671875;;;;;;;;;;;;;;;
62.75018310546875;-0.229248046875;-0.1328125;0.821533203125;;;;;;;;;;;;;;;
62.75360107421875;0.06982421875;0.124267578125;1.13623046875;;;;;;;;;;;;;;;
62.756988525390625;-0.14599609375;0.020751953125;1.1455078125;;;;;;;;;;;;;;;
62.76043701171875;-0.011962890625;0.064208984375;0.9775390625;;;;;;;;;;;;;;;
62.76373291015625;-0.16650390625;0.150146484375;0.966796875;;;;;;;;;;;;;;;
62.767120361328125;-0.11328125;0.051025390625;0.886474609375;;;;;;;;;;;;;;;
62.770538330078125;-0.072998046875;0.2333984375;1.193359375;;;;;;;;;;;;;;;
62.77392578125;-0.062255859375;-0.02587890625;1.024169921875;;;;;;;;;;;;;;;
62.77734375;-0.0458984375;0.28369140625;1.0283203125;;;;;;;;;;;;;;;
62.780792236328125;-0.249755859375;-0.040283203125;0.82275390625;;;;;;;;;;;;;;;
62.78424072265625;0.1982421875;-0.009521484375;0.990966796875;;;;;;;;;;;;;;;
62.787689208984375;-0.133544921875;0.120849609375;1.26904296875;;;;;;;;;;;;;;;
62.79107666015625;-0.03662109375;-0.06591796875;1.077880859375;;;;;;;;;;;;;;;
62.79449462890625;-0.245361328125;0.3837890625;1.125732421875;;;;;;;;;;;;;;;
62.797821044921875;-0.203369140625;-0.22216796875;0.767822265625;;;;;;;;;;;;;;;
62.801177978515625;-0.01123046875;0.384521484375;0.99365234375;;;;;;;;;;;;;;;
62.804473876953125;-0.173095703125;-0.04248046875;0.959716796875;;;;;;;;;;;;;;;
62.80780029296875;0.201171875;0.1357421875;1.12255859375;;;;;;;;;;;;;;;
62.81121826171875;-0.147216796875;0.11572265625;1.0830078125;;;;;;;;;;;;;;;
62.8145751953125;-0.1181640625;-0.058349609375;0.838623046875;;;;;;;;;;;;;;;
62.817901611328125;-0.169921875;0.2646484375;1.04833984375;;;;;;;;;;;;;;;
62.821319580078125;-0.128173828125;-0.363525390625;0.968505859375;;;;;;;;;;;;;;;
62.824737548828125;-0.0771484375;0.27392578125;1.201171875;;;;;;;;;;;;;;;
62.828155517578125;-0.213134765625;-0.035888671875;0.95263671875;;;;;;;;;;;;;;;
62.831512451171875;0.1396484375;0.30078125;0.95166015625;;;;;;;;;;;;;;;
62.83489990234375;-0.327880859375;0.28076171875;0.953857421875;;;;;;;;;;;;;;;
62.838287353515625;-0.098876953125;-0.0830078125;1.0263671875;;;;;;;;;;;;;;;
62.841644287109375;-0.139404296875;0.04931640625;1.226806640625;;;;;;;;;;;;;;;
62.845062255859375;0.02294921875;-0.268798828125;0.955810546875;;;;;;;;;;;;;;;
62.848388671875;0.131591796875;0.361572265625;0.983642578125;;;;;;;;;;;;;;;
62.85174560546875;-0.364990234375;-0.042236328125;0.82568359375;;;;;;;;;;;;;;;
62.855133056640625;0.171630859375;0.14501953125;1.1953125;;;;;;;;;;;;;;;
62.858551025390625;0.098388671875;0.144775390625;1.30078125;;;;;;;;;;;;;;;
62.86187744140625;-0.237060546875;-0.091064453125;0.964599609375;;;;;;;;;;;;;;;
62.865264892578125;-0.148193359375;0.196044921875;0.97021484375;;;;;;;;;;;;;;;
62.868621826171875;-0.250732421875;-0.19189453125;0.774169921875;;;;;;;;;;;;;;;
62.8719482421875;0.154541015625;0.2939453125;1.14501953125;;;;;;;;;;;;;;;
62.875335693359375;-0.07666015625;-0.06982421875;1.045166015625;;;;;;;;;;;;;;;
62.878631591796875;0.179931640625;0.30419921875;1.06787109375;;;;;;;;;;;;;;;
62.881988525390625;-0.25830078125;0.173583984375;0.94921875;;;;;;;;;;;;;;;
62.8853759765625;-0.13427734375;0.048095703125;0.875732421875;;;;;;;;;;;;;;;
62.888702392578125;-0.05615234375;0.032470703125;1.157958984375;;;;;;;;;;;;;;;
62.892059326171875;0.095947265625;-0.189453125;1.046142578125;;;;;;;;;;;;;;;
62.895477294921875;-0.059326171875;0.379638671875;1.06591796875;;;;;;;;;;;;;;;
62.898773193359375;-0.219482421875;-0.088623046875;0.768798828125;;;;;;;;;;;;;;;
62.902099609375;0.2529296875;0.27001953125;1.0986328125;;;;;;;;;;;;;;;
62.905487060546875;-0.47900390625;0.044921875;1.276611328125;;;;;;;;;;;;;;;
62.90887451171875;-0.23681640625;-0.088623046875;1.08447265625;;;;;;;;;;;;;;;
62.91229248046875;-0.221435546875;0.075439453125;1.095703125;;;;;;;;;;;;;;;
62.915679931640625;0.033447265625;-0.205322265625;0.739990234375;;;;;;;;;;;;;;;
62.919097900390625;0.064208984375;0.40087890625;1.01025390625;;;;;;;;;;;;;;;
62.92242431640625;-0.177978515625;0.00634765625;0.92822265625;;;;;;;;;;;;;;;
62.92578125;0.162109375;0.234375;1.15576171875;;;;;;;;;;;;;;;
62.929290771484375;0.05029296875;0.006103515625;1.114501953125;;;;;;;;;;;;;;;
62.93267822265625;-0.151611328125;-0.02978515625;0.898681640625;;;;;;;;;;;;;;;
62.936065673828125;-0.186767578125;0.147216796875;1.047119140625;;;;;;;;;;;;;;;
62.939422607421875;-0.1328125;-0.235595703125;0.96240234375;;;;;;;;;;;;;;;
62.9427490234375;0.003173828125;0.295166015625;1.196044921875;;;;;;;;;;;;;;;
62.9461669921875;-0.059814453125;-0.189208984375;0.904296875;;;;;;;;;;;;;;;
62.949676513671875;0.346923828125;0.400634765625;1.03271484375;;;;;;;;;;;;;;;
62.9530029296875;-0.3994140625;0.2431640625;0.919189453125;;;;;;;;;;;;;;;
62.95635986328125;-0.01904296875;0.080078125;1.00390625;;;;;;;;;;;;;;;
62.959808349609375;-0.056884765625;-0.07861328125;1.207763671875;;;;;;;;;;;;;;;
62.963134765625;0.02294921875;-0.33154296875;0.998291015625;;;;;;;;;;;;;;;
62.966552734375;0.076416015625;0.267333984375;0.977294921875;;;;;;;;;;;;;;;
62.96990966796875;-0.267822265625;-0.107177734375;0.781005859375;;;;;;;;;;;;;;;
62.973358154296875;0.234375;0.259033203125;1.197265625;;;;;;;;;;;;;;;
62.97674560546875;0.15283203125;0.08203125;1.220703125;;;;;;;;;;;;;;;
62.9801025390625;-0.081298828125;0.1005859375;1.046142578125;;;;;;;;;;;;;;;
62.98345947265625;-0.137451171875;0.06640625;0.930419921875;;;;;;;;;;;;;;;
62.98681640625;-0.195068359375;-0.104736328125;0.787353515625;;;;;;;;;;;;;;;
62.990264892578125;0.078857421875;0.2177734375;1.111572265625;;;;;;;;;;;;;;;
62.993743896484375;-0.080810546875;-0.09521484375;1.04345703125;;;;;;;;;;;;;;;
62.99713134765625;0.156982421875;0.28369140625;1.1513671875;;;;;;;;;;;;;;;
63.000457763671875;-0.259765625;0.118408203125;0.890869140625;;;;;;;;;;;;;;;
63.003814697265625;0.074462890625;0.166748046875;0.9775390625;;;;;;;;;;;;;;;
63.00714111328125;-0.022216796875;-0.01220703125;1.129150390625;;;;;;;;;;;;;;;
63.010589599609375;0.111328125;-0.404296875;1.08056640625;;;;;;;;;;;;;;;
63.013946533203125;-0.1171875;0.31005859375;1.08984375;;;;;;;;;;;;;;;
63.017303466796875;-0.224609375;-0.12158203125;0.738525390625;;;;;;;;;;;;;;;
63.020660400390625;0.106201171875;0.349609375;1.075927734375;;;;;;;;;;;;;;;
63.02398681640625;-0.29248046875;0.100341796875;1.126708984375;;;;;;;;;;;;;;;
63.027313232421875;-0.007568359375;0.026611328125;1.150390625;;;;;;;;;;;;;;;
63.030670166015625;-0.222900390625;0.03857421875;1.058837890625;;;;;;;;;;;;;;;
63.03399658203125;0.161376953125;-0.279296875;0.759765625;;;;;;;;;;;;;;;
63.037353515625;0.0068359375;0.3720703125;0.9736328125;;;;;;;;;;;;;;;
63.040771484375;-0.097900390625;-0.015869140625;0.88525390625;;;;;;;;;;;;;;;
63.04412841796875;0.093505859375;0.359130859375;1.236572265625;;;;;;;;;;;;;;;
63.04754638671875;-0.268798828125;-0.09521484375;1.037353515625;;;;;;;;;;;;;;;
63.0509033203125;0.104736328125;-0.021240234375;0.975341796875;;;;;;;;;;;;;;;
63.0543212890625;-0.161376953125;0.035400390625;0.984619140625;;;;;;;;;;;;;;;
63.0577392578125;-0.001220703125;0.0478515625;0.9716796875;;;;;;;;;;;;;;;
63.0611572265625;0.04833984375;0.320068359375;1.151123046875;;;;;;;;;;;;;;;
63.064605712890625;0.007080078125;-0.1083984375;0.9130859375;;;;;;;;;;;;;;;
63.06805419921875;0.068115234375;0.274169921875;1.0556640625;;;;;;;;;;;;;;;
63.071441650390625;-0.374267578125;0.120849609375;0.81201171875;;;;;;;;;;;;;;;
63.074798583984375;0.264404296875;0.05126953125;1.0419921875;;;;;;;;;;;;;;;
63.078155517578125;-0.0263671875;0.021728515625;1.1357421875;;;;;;;;;;;;;;;
63.08154296875;0.104736328125;-0.291015625;1.070556640625;;;;;;;;;;;;;;;
63.0849609375;-0.24853515625;0.270751953125;0.987060546875;;;;;;;;;;;;;;;
63.08831787109375;-0.28515625;-0.077880859375;0.741943359375;;;;;;;;;;;;;;;
63.0916748046875;0.056396484375;0.35400390625;1.187255859375;;;;;;;;;;;;;;;
63.095123291015625;-0.23193359375;-0.087646484375;1.114501953125;;;;;;;;;;;;;;;
63.098480224609375;0.099853515625;0.1171875;1.134521484375;;;;;;;;;;;;;;;
63.101959228515625;-0.220947265625;0.037109375;0.8662109375;;;;;;;;;;;;;;;
63.105255126953125;0.103515625;0.131103515625;0.82861328125;;;;;;;;;;;;;;;
63.108642578125;-0.06005859375;0.165771484375;1.074951171875;;;;;;;;;;;;;;;
63.11199951171875;-0.0009765625;-0.208984375;1.036376953125;;;;;;;;;;;;;;;
63.115478515625;0.08642578125;0.27685546875;1.23583984375;;;;;;;;;;;;;;;
63.118865966796875;-0.572021484375;-0.176025390625;0.796630859375;;;;;;;;;;;;;;;
63.122344970703125;0.34765625;0.152099609375;1.027587890625;;;;;;;;;;;;;;;
63.125701904296875;-0.113037109375;0.126953125;1.037353515625;;;;;;;;;;;;;;;
63.129119873046875;0.20947265625;0.189208984375;1.117431640625;;;;;;;;;;;;;;;
63.1324462890625;-0.2109375;0.221923828125;1.06396484375;;;;;;;;;;;;;;;
63.13580322265625;-0.22216796875;-0.16943359375;0.796875;;;;;;;;;;;;;;;
63.139190673828125;-0.092529296875;0.3330078125;1.042236328125;;;;;;;;;;;;;;;
63.142547607421875;-0.27392578125;-0.040283203125;0.850341796875;;;;;;;;;;;;;;;
63.1458740234375;0.221435546875;0.108642578125;1.18994140625;;;;;;;;;;;;;;;
63.14923095703125;-0.200927734375;0.03564453125;1.002197265625;;;;;;;;;;;;;;;
63.152618408203125;0.206298828125;-0.0185546875;0.94970703125;;;;;;;;;;;;;;;
63.156005859375;-0.094970703125;0.205322265625;0.92724609375;;;;;;;;;;;;;;;
63.159423828125;-0.03857421875;-0.116455078125;0.90185546875;;;;;;;;;;;;;;;
63.16278076171875;0.01708984375;0.248291015625;1.271484375;;;;;;;;;;;;;;;
63.166168212890625;-0.374755859375;-0.20556640625;1.088623046875;;;;;;;;;;;;;;;
63.169525146484375;-0.06591796875;0.031982421875;0.997802734375;;;;;;;;;;;;;;;
63.1728515625;-0.159423828125;0.057373046875;0.80029296875;;;;;;;;;;;;;;;
63.176300048828125;0.069091796875;0.282470703125;0.979248046875;;;;;;;;;;;;;;;
63.179656982421875;0.03369140625;0.206298828125;1.098876953125;;;;;;;;;;;;;;;
63.183013916015625;0.112060546875;-0.15087890625;0.955322265625;;;;;;;;;;;;;;;
63.1864013671875;0.00927734375;0.226318359375;1.111083984375;;;;;;;;;;;;;;;
63.189788818359375;-0.603271484375;0.017578125;0.732177734375;;;;;;;;;;;;;;;
63.193206787109375;0.344482421875;0.131591796875;1.06298828125;;;;;;;;;;;;;;;
63.196563720703125;-0.0146484375;-0.044921875;1.08349609375;;;;;;;;;;;;;;;
63.199951171875;0.21826171875;-0.06787109375;1.119384765625;;;;;;;;;;;;;;;
63.203277587890625;-0.2783203125;0.160888671875;1.000732421875;;;;;;;;;;;;;;;
63.206787109375;-0.145263671875;0.051513671875;0.782470703125;;;;;;;;;;;;;;;
63.21014404296875;-0.016357421875;0.370849609375;1.15185546875;;;;;;;;;;;;;;;
63.21356201171875;-0.302734375;-0.147705078125;1.1162109375;;;;;;;;;;;;;;;
63.2169189453125;-0.0869140625;0.07861328125;1.19384765625;;;;;;;;;;;;;;;
63.220367431640625;-0.25146484375;-0.10888671875;0.85986328125;;;;;;;;;;;;;;;
63.2237548828125;0.1220703125;0.338623046875;0.83251953125;;;;;;;;;;;;;;;
63.227142333984375;0.010009765625;0.14990234375;1.037353515625;;;;;;;;;;;;;;;
63.23052978515625;0.060546875;-0.211181640625;1.07763671875;;;;;;;;;;;;;;;
63.23388671875;-0.1103515625;0.2021484375;1.229248046875;;;;;;;;;;;;;;;
63.23724365234375;-0.205322265625;-0.15478515625;0.868408203125;;;;;;;;;;;;;;;
63.240692138671875;0.030029296875;0.275146484375;1.07470703125;;;;;;;;;;;;;;;
63.24407958984375;-0.1669921875;0.06005859375;0.994140625;;;;;;;;;;;;;;;
63.24749755859375;0.067626953125;0.276611328125;1.143310546875;;;;;;;;;;;;;;;
63.2509765625;-0.13330078125;0.149658203125;1.040283203125;;;;;;;;;;;;;;;
63.25433349609375;0.035888671875;-0.1181640625;0.82080078125;;;;;;;;;;;;;;;
63.2578125;-0.08837890625;0.149169921875;1.030029296875;;;;;;;;;;;;;;;
63.26123046875;-0.1708984375;-0.022705078125;0.919189453125;;;;;;;;;;;;;;;
63.264556884765625;0.120361328125;0.116943359375;1.240478515625;;;;;;;;;;;;;;;
63.268035888671875;-0.08056640625;-0.0068359375;1.00634765625;;;;;;;;;;;;;;;
63.27142333984375;0.14404296875;0.204345703125;1.039794921875;;;;;;;;;;;;;;;
63.274810791015625;0.020263671875;0.193359375;0.892822265625;;;;;;;;;;;;;;;
63.278228759765625;-0.035888671875;0.055419921875;0.936767578125;;;;;;;;;;;;;;;
63.2816162109375;-0.050048828125;0.1318359375;1.2060546875;;;;;;;;;;;;;;;
63.2850341796875;-0.156982421875;-0.212158203125;1.04150390625;;;;;;;;;;;;;;;
63.288360595703125;0.0556640625;0.161376953125;1.090576171875;;;;;;;;;;;;;;;
63.29168701171875;-0.130615234375;0.12060546875;0.827392578125;;;;;;;;;;;;;;;
63.295013427734375;0.18017578125;0.42431640625;0.989501953125;;;;;;;;;;;;;;;
63.298431396484375;0.044189453125;0.166748046875;1.099853515625;;;;;;;;;;;;;;;
63.301788330078125;-0.071533203125;-0.14404296875;1.13525390625;;;;;;;;;;;;;;;
63.305145263671875;-0.111328125;0.0634765625;1.043212890625;;;;;;;;;;;;;;;
63.308502197265625;-0.216796875;-0.065673828125;0.814697265625;;;;;;;;;;;;;;;
63.3118896484375;0.02392578125;0.235107421875;1.12060546875;;;;;;;;;;;;;;;
63.3153076171875;-0.076416015625;-0.006591796875;1.052978515625;;;;;;;;;;;;;;;
63.318695068359375;0.061767578125;0.137451171875;1.159423828125;;;;;;;;;;;;;;;
63.322113037109375;-0.235107421875;0.1005859375;0.843994140625;;;;;;;;;;;;;;;
63.325439453125;-0.0068359375;0.06396484375;0.7978515625;;;;;;;;;;;;;;;
63.328765869140625;-0.000244140625;0.21728515625;1.065673828125;;;;;;;;;;;;;;;
63.332244873046875;-0.082763671875;-0.155029296875;1.06494140625;;;;;;;;;;;;;;;
63.33563232421875;0.085205078125;0.138427734375;1.26806640625;;;;;;;;;;;;;;;
63.339019775390625;-0.2685546875;0.065673828125;0.854736328125;;;;;;;;;;;;;;;
63.3424072265625;0.088134765625;0.293212890625;0.86376953125;;;;;;;;;;;;;;;
63.345855712890625;-0.189697265625;0.119873046875;0.93603515625;;;;;;;;;;;;;;;
63.34930419921875;0.138427734375;-0.2900390625;1.08349609375;;;;;;;;;;;;;;;
63.352630615234375;-0.005859375;0.218017578125;1.19091796875;;;;;;;;;;;;;;;
63.35601806640625;-0.10595703125;-0.097900390625;0.878173828125;;;;;;;;;;;;;;;
63.359466552734375;0.0087890625;0.305908203125;1.052490234375;;;;;;;;;;;;;;;
63.362823486328125;-0.19580078125;0.090576171875;0.8994140625;;;;;;;;;;;;;;;
63.3662109375;0.121826171875;0.171875;1.18115234375;;;;;;;;;;;;;;;
63.36968994140625;-0.257080078125;0.10107421875;0.977294921875;;;;;;;;;;;;;;;
63.373077392578125;0.157470703125;-0.06982421875;0.883056640625;;;;;;;;;;;;;;;
63.37652587890625;-0.234619140625;0.184814453125;0.9287109375;;;;;;;;;;;;;;;
63.3798828125;0.082275390625;-0.06396484375;0.864990234375;;;;;;;;;;;;;;;
63.383270263671875;0.320556640625;0.188232421875;1.27783203125;;;;;;;;;;;;;;;
63.386688232421875;-0.07470703125;-0.085693359375;1.015869140625;;;;;;;;;;;;;;;
63.390167236328125;0.095458984375;0.29443359375;1.089111328125;;;;;;;;;;;;;;;
63.393646240234375;-0.417724609375;0.095458984375;0.841064453125;;;;;;;;;;;;;;;
63.39703369140625;0.068359375;0.20361328125;0.92529296875;;;;;;;;;;;;;;;
63.400421142578125;-0.018310546875;0.10400390625;1.146484375;;;;;;;;;;;;;;;
63.403778076171875;0.07177734375;-0.162109375;1.04296875;;;;;;;;;;;;;;;
63.40728759765625;-0.000244140625;0.203125;1.091552734375;;;;;;;;;;;;;;;
63.41064453125;-0.13330078125;0.140625;0.802001953125;;;;;;;;;;;;;;;
63.414093017578125;0.105712890625;0.455810546875;0.990966796875;;;;;;;;;;;;;;;
63.41748046875;-0.118408203125;-0.080810546875;1.009033203125;;;;;;;;;;;;;;;
63.4208984375;0.151611328125;-0.068603515625;1.18310546875;;;;;;;;;;;;;;;
63.424285888671875;-0.2275390625;0.076904296875;1.036376953125;;;;;;;;;;;;;;;
63.427642822265625;-0.268310546875;0.026611328125;0.74658203125;;;;;;;;;;;;;;;
63.4310302734375;0.317138671875;0.250732421875;1.1357421875;;;;;;;;;;;;;;;
63.434417724609375;-0.019775390625;-0.05078125;1.01513671875;;;;;;;;;;;;;;;
63.437835693359375;0.203857421875;0.2880859375;1.2109375;;;;;;;;;;;;;;;
63.441192626953125;-0.319091796875;0.041259765625;0.82958984375;;;;;;;;;;;;;;;
63.444610595703125;0.08154296875;0.276123046875;0.87890625;;;;;;;;;;;;;;;
63.447998046875;-0.251708984375;0.208251953125;0.971923828125;;;;;;;;;;;;;;;
63.451416015625;0.005859375;-0.213134765625;1.06494140625;;;;;;;;;;;;;;;
63.4547119140625;-0.1103515625;0.078857421875;1.239013671875;;;;;;;;;;;;;;;
63.4581298828125;-0.091064453125;-0.0322265625;0.87548828125;;;;;;;;;;;;;;;
63.46148681640625;0.03759765625;0.466552734375;1.000244140625;;;;;;;;;;;;;;;
63.464874267578125;-0.149169921875;0.123046875;0.86376953125;;;;;;;;;;;;;;;
63.468231201171875;0.138427734375;-0.02783203125;1.1435546875;;;;;;;;;;;;;;;
63.47174072265625;-0.20947265625;0.09521484375;1.0390625;;;;;;;;;;;;;;;
63.475067138671875;-0.095703125;-0.1630859375;0.93896484375;;;;;;;;;;;;;;;
63.47845458984375;-0.119140625;0.103271484375;1.015869140625;;;;;;;;;;;;;;;
63.481781005859375;-0.151123046875;0.115966796875;0.868408203125;;;;;;;;;;;;;;;
63.485137939453125;0.075927734375;0.274658203125;1.204345703125;;;;;;;;;;;;;;;
63.488494873046875;-0.166748046875;0.17724609375;0.987548828125;;;;;;;;;;;;;;;
63.491851806640625;0.0771484375;0.0986328125;0.9697265625;;;;;;;;;;;;;;;
63.4952392578125;-0.2802734375;-0.00537109375;0.8486328125;;;;;;;;;;;;;;;
63.49859619140625;0.08740234375;-0.144287109375;0.922607421875;;;;;;;;;;;;;;;
63.50189208984375;0.135009765625;0.110595703125;1.263916015625;;;;;;;;;;;;;;;
63.50531005859375;-0.015869140625;-0.019287109375;1.041748046875;;;;;;;;;;;;;;;
63.5086669921875;-0.05908203125;0.34130859375;1.1220703125;;;;;;;;;;;;;;;
63.512054443359375;-0.2763671875;-0.00732421875;0.795654296875;;;;;;;;;;;;;;;
63.515411376953125;0.0439453125;0.30029296875;0.985595703125;;;;;;;;;;;;;;;
63.51873779296875;-0.0458984375;0.0;1.02197265625;;;;;;;;;;;;;;;
63.52215576171875;0.138916015625;-0.03662109375;1.10009765625;;;;;;;;;;;;;;;
63.525482177734375;-0.110595703125;0.156005859375;1.091796875;;;;;;;;;;;;;;;
63.528961181640625;-0.162841796875;0.047607421875;0.82666015625;;;;;;;;;;;;;;;
63.532440185546875;-0.0947265625;0.295654296875;1.038330078125;;;;;;;;;;;;;;;
63.535797119140625;-0.11083984375;-0.271484375;0.96923828125;;;;;;;;;;;;;;;
63.539215087890625;0.030029296875;0.05712890625;1.209228515625;;;;;;;;;;;;;;;
63.5426025390625;-0.227294921875;0.076416015625;0.994873046875;;;;;;;;;;;;;;;
63.54595947265625;-0.020263671875;0.2099609375;0.864990234375;;;;;;;;;;;;;;;
63.54931640625;-0.053466796875;0.259033203125;1.023681640625;;;;;;;;;;;;;;;
63.552703857421875;-0.0078125;-0.151611328125;1.035888671875;;;;;;;;;;;;;;;
63.55609130859375;-0.01416015625;0.118896484375;1.23046875;;;;;;;;;;;;;;;
63.559539794921875;-0.1171875;-0.046142578125;0.908447265625;;;;;;;;;;;;;;;
63.562896728515625;-0.107666015625;0.32373046875;0.931884765625;;;;;;;;;;;;;;;
63.566314697265625;-0.233642578125;0.10400390625;0.88671875;;;;;;;;;;;;;;;
63.56976318359375;0.247802734375;-0.00244140625;1.160400390625;;;;;;;;;;;;;;;
63.5731201171875;0.28759765625;0.14501953125;1.336669921875;;;;;;;;;;;;;;;
63.576507568359375;-0.2607421875;-0.146728515625;0.92236328125;;;;;;;;;;;;;;;
63.579986572265625;-0.096923828125;0.3154296875;1.0263671875;;;;;;;;;;;;;;;
63.583404541015625;-0.20556640625;-0.09619140625;0.78173828125;;;;;;;;;;;;;;;
63.586822509765625;0.236083984375;0.358154296875;1.17724609375;;;;;;;;;;;;;;;
63.590179443359375;-0.228515625;0.00390625;1.07666015625;;;;;;;;;;;;;;;
63.59368896484375;-0.003173828125;0.17529296875;0.97314453125;;;;;;;;;;;;;;;
63.597198486328125;-0.189453125;0.237060546875;1.038818359375;;;;;;;;;;;;;;;
63.60052490234375;-0.220458984375;-0.02978515625;0.8564453125;;;;;;;;;;;;;;;
63.6038818359375;0.160888671875;0.1357421875;1.19970703125;;;;;;;;;;;;;;;
63.60723876953125;0.080322265625;0.000244140625;1.015869140625;;;;;;;;;;;;;;;
63.610626220703125;-0.108642578125;0.3828125;1.1591796875;;;;;;;;;;;;;;;
63.61407470703125;-0.297607421875;-0.032958984375;0.835693359375;;;;;;;;;;;;;;;
63.617431640625;0.219970703125;0.078125;1.01611328125;;;;;;;;;;;;;;;
63.620819091796875;-0.303955078125;0.08447265625;1.1015625;;;;;;;;;;;;;;;
63.624267578125;-0.193359375;-0.11181640625;1.046630859375;;;;;;;;;;;;;;;
63.627593994140625;-0.16259765625;0.24853515625;1.152099609375;;;;;;;;;;;;;;;
63.6309814453125;-0.1201171875;-0.051025390625;0.719970703125;;;;;;;;;;;;;;;
63.6343994140625;0.21826171875;0.41845703125;1.013671875;;;;;;;;;;;;;;;
63.637725830078125;-0.267578125;-0.02490234375;0.998291015625;;;;;;;;;;;;;;;
63.64111328125;0.17138671875;0.07177734375;1.0615234375;;;;;;;;;;;;;;;
63.6444091796875;0.111572265625;0.08203125;1.147216796875;;;;;;;;;;;;;;;
63.647735595703125;-0.233154296875;-0.048828125;0.85693359375;;;;;;;;;;;;;;;
63.65106201171875;-0.135009765625;0.2685546875;1.044677734375;;;;;;;;;;;;;;;
63.65435791015625;-0.1162109375;-0.24072265625;0.961669921875;;;;;;;;;;;;;;;
63.65771484375;0.03369140625;0.311279296875;1.205322265625;;;;;;;;;;;;;;;
63.661285400390625;-0.148193359375;-0.04833984375;0.936279296875;;;;;;;;;;;;;;;
63.66473388671875;0.2509765625;0.294189453125;0.954345703125;;;;;;;;;;;;;;;
63.66815185546875;-0.264892578125;0.15380859375;0.974853515625;;;;;;;;;;;;;;;
63.671478271484375;-0.120361328125;-0.097412109375;1.030029296875;;;;;;;;;;;;;;;
63.67486572265625;-0.17724609375;-0.03369140625;1.238037109375;;;;;;;;;;;;;;;
63.678253173828125;-0.040283203125;-0.159423828125;0.9375;;;;;;;;;;;;;;;
63.681610107421875;-0.021728515625;0.3818359375;0.934326171875;;;;;;;;;;;;;;;
63.68499755859375;-0.200439453125;0.0537109375;0.829345703125;;;;;;;;;;;;;;;
63.688446044921875;0.275390625;0.15673828125;1.212646484375;;;;;;;;;;;;;;;
63.69183349609375;-0.297607421875;0.072509765625;1.283935546875;;;;;;;;;;;;;;;
63.695220947265625;-0.22509765625;-0.072021484375;0.97412109375;;;;;;;;;;;;;;;
63.69866943359375;-0.22998046875;0.129150390625;0.9755859375;;;;;;;;;;;;;;;
63.7020263671875;-0.0322265625;-0.1240234375;0.766357421875;;;;;;;;;;;;;;;
63.705474853515625;0.074462890625;0.278076171875;1.126708984375;;;;;;;;;;;;;;;
63.7088623046875;-0.095458984375;0.033203125;1.013427734375;;;;;;;;;;;;;;;
63.7122802734375;0.1171875;0.287841796875;1.064453125;;;;;;;;;;;;;;;
63.715667724609375;-0.125244140625;0.016845703125;0.955078125;;;;;;;;;;;;;;;
63.71905517578125;-0.17724609375;0.0673828125;0.883056640625;;;;;;;;;;;;;;;
63.722503662109375;-0.064208984375;0.001220703125;1.16357421875;;;;;;;;;;;;;;;
63.725830078125;0.01611328125;-0.25146484375;1.04150390625;;;;;;;;;;;;;;;
63.729248046875;-0.042724609375;0.28466796875;1.125244140625;;;;;;;;;;;;;;;
63.732696533203125;-0.257080078125;-0.0126953125;0.772216796875;;;;;;;;;;;;;;;
63.736175537109375;0.2509765625;0.452392578125;1.05908203125;;;;;;;;;;;;;;;
63.739471435546875;-0.3828125;0.21484375;1.021728515625;;;;;;;;;;;;;;;
63.742889404296875;-0.177490234375;-0.05517578125;1.082275390625;;;;;;;;;;;;;;;
63.746307373046875;-0.256103515625;-0.06787109375;1.113525390625;;;;;;;;;;;;;;;
63.749755859375;-0.020751953125;-0.269287109375;0.8115234375;;;;;;;;;;;;;;;
63.75311279296875;0.014892578125;0.369384765625;0.978515625;;;;;;;;;;;;;;;
63.756500244140625;-0.187255859375;-0.048828125;0.9462890625;;;;;;;;;;;;;;;
63.7598876953125;0.1865234375;0.2294921875;1.245849609375;;;;;;;;;;;;;;;
63.763275146484375;-0.084716796875;0.083740234375;1.080078125;;;;;;;;;;;;;;;
63.766693115234375;-0.04150390625;0.055908203125;0.871337890625;;;;;;;;;;;;;;;
63.7701416015625;-0.142578125;0.186767578125;0.906982421875;;;;;;;;;;;;;;;
63.773590087890625;-0.140869140625;-0.24853515625;0.961181640625;;;;;;;;;;;;;;;
63.776947021484375;0.000244140625;0.29345703125;1.1845703125;;;;;;;;;;;;;;;
63.780303955078125;-0.0478515625;-0.15771484375;0.960205078125;;;;;;;;;;;;;;;
63.783660888671875;0.19482421875;0.314208984375;0.97998046875;;;;;;;;;;;;;;;
63.78704833984375;-0.2119140625;0.2080078125;0.914794921875;;;;;;;;;;;;;;;
63.790435791015625;0.026611328125;0.141357421875;1.019775390625;;;;;;;;;;;;;;;
63.793853759765625;-0.124267578125;-0.050537109375;1.22216796875;;;;;;;;;;;;;;;
63.797271728515625;-0.008544921875;-0.25537109375;0.998779296875;;;;;;;;;;;;;;;
63.800628662109375;-0.125244140625;0.22900390625;0.96728515625;;;;;;;;;;;;;;;
63.80401611328125;-0.25439453125;-0.119384765625;0.747314453125;;;;;;;;;;;;;;;
63.80743408203125;0.112548828125;0.173828125;1.200439453125;;;;;;;;;;;;;;;
63.810791015625;-0.115234375;0.0810546875;1.191162109375;;;;;;;;;;;;;;;
63.814208984375;0.011962890625;0.117431640625;1.028564453125;;;;;;;;;;;;;;;
63.817626953125;-0.197998046875;0.092041015625;0.93994140625;;;;;;;;;;;;;;;
63.821075439453125;-0.012939453125;-0.1083984375;0.813232421875;;;;;;;;;;;;;;;
63.824493408203125;-0.0126953125;0.190673828125;1.11962890625;;;;;;;;;;;;;;;
63.82781982421875;-0.021484375;-0.0849609375;0.998779296875;;;;;;;;;;;;;;;
63.8311767578125;-0.016357421875;0.30908203125;1.14990234375;;;;;;;;;;;;;;;
63.8345947265625;-0.271728515625;-0.050537109375;0.87451171875;;;;;;;;;;;;;;;
63.8380126953125;0.076171875;0.055908203125;0.957763671875;;;;;;;;;;;;;;;
63.8414306640625;-0.117919921875;-0.008544921875;1.1279296875;;;;;;;;;;;;;;;
63.844818115234375;0.12890625;-0.0546875;1.112060546875;;;;;;;;;;;;;;;
63.84814453125;-0.181396484375;0.348876953125;1.12255859375;;;;;;;;;;;;;;;
63.85150146484375;-0.116943359375;-0.104736328125;0.749267578125;;;;;;;;;;;;;;;
63.854888916015625;0.076904296875;0.330078125;1.0703125;;;;;;;;;;;;;;;
63.858245849609375;-0.253173828125;0.05810546875;0.9619140625;;;;;;;;;;;;;;;
63.8616943359375;0.214599609375;-0.03076171875;1.126220703125;;;;;;;;;;;;;;;
63.865020751953125;-0.173095703125;0.060791015625;1.066650390625;;;;;;;;;;;;;;;
63.868377685546875;0.00927734375;-0.222900390625;0.8955078125;;;;;;;;;;;;;;;
63.87176513671875;-0.0849609375;0.305419921875;0.981689453125;;;;;;;;;;;;;;;
63.87506103515625;-0.14013671875;-0.114501953125;0.898681640625;;;;;;;;;;;;;;;
63.878448486328125;0.01953125;0.32080078125;1.297119140625;;;;;;;;;;;;;;;
63.88177490234375;-0.183349609375;-0.061767578125;1.045654296875;;;;;;;;;;;;;;;
63.88519287109375;-0.002685546875;0.125;0.958740234375;;;;;;;;;;;;;;;
63.888641357421875;-0.21142578125;0.139404296875;0.83056640625;;;;;;;;;;;;;;;
63.89202880859375;0.048583984375;-0.05078125;0.971923828125;;;;;;;;;;;;;;;
63.89544677734375;-0.03076171875;0.098388671875;1.201416015625;;;;;;;;;;;;;;;
63.89898681640625;-0.038818359375;-0.210205078125;1.017822265625;;;;;;;;;;;;;;;
63.902374267578125;0.083984375;0.31787109375;1.092529296875;;;;;;;;;;;;;;;
63.90576171875;-0.546142578125;0.109375;0.8095703125;;;;;;;;;;;;;;;
63.90911865234375;0.1708984375;0.094970703125;1.113037109375;;;;;;;;;;;;;;;
63.9124755859375;-0.056884765625;0.11328125;1.14013671875;;;;;;;;;;;;;;;
63.9158935546875;0.220947265625;-0.121826171875;1.0634765625;;;;;;;;;;;;;;;
63.919281005859375;-0.252197265625;0.253173828125;0.947021484375;;;;;;;;;;;;;;;
63.92266845703125;-0.25927734375;-0.224365234375;0.765625;;;;;;;;;;;;;;;
63.92608642578125;-0.02294921875;0.221435546875;1.19580078125;;;;;;;;;;;;;;;
63.929473876953125;-0.287841796875;-0.1142578125;1.041748046875;;;;;;;;;;;;;;;
63.932769775390625;-0.13037109375;0.2431640625;1.090087890625;;;;;;;;;;;;;;;
63.9361572265625;-0.2275390625;0.099365234375;0.894287109375;;;;;;;;;;;;;;;
63.939483642578125;0.04638671875;0.14013671875;0.822021484375;;;;;;;;;;;;;;;
63.942840576171875;-0.03857421875;0.124267578125;1.0908203125;;;;;;;;;;;;;;;
63.9462890625;0.05029296875;-0.232666015625;1.06005859375;;;;;;;;;;;;;;;
63.94964599609375;-0.112548828125;0.228515625;1.21728515625;;;;;;;;;;;;;;;
63.9530029296875;-0.248779296875;-0.17578125;0.89453125;;;;;;;;;;;;;;;
63.9564208984375;-0.0625;0.185791015625;0.99609375;;;;;;;;;;;;;;;
63.9598388671875;-0.1826171875;0.08935546875;1.1025390625;;;;;;;;;;;;;;;
63.96319580078125;0.03759765625;0.11279296875;1.084228515625;;;;;;;;;;;;;;;
63.966552734375;-0.1875;0.227294921875;1.1064453125;;;;;;;;;;;;;;;
63.969940185546875;0.03173828125;-0.215087890625;0.767578125;;;;;;;;;;;;;;;
63.97332763671875;0.04345703125;0.232421875;1.070068359375;;;;;;;;;;;;;;;
63.976654052734375;-0.416015625;0.0;0.931640625;;;;;;;;;;;;;;;
63.980072021484375;0.170654296875;0.046875;1.140625;;;;;;;;;;;;;;;
63.983428955078125;-0.1923828125;0.062255859375;1.04052734375;;;;;;;;;;;;;;;
63.986785888671875;0.152099609375;-0.065185546875;0.927001953125;;;;;;;;;;;;;;;
63.990203857421875;-0.216552734375;0.2294921875;0.97900390625;;;;;;;;;;;;;;;
63.99359130859375;-0.138671875;-0.08056640625;0.91259765625;;;;;;;;;;;;;;;
63.996978759765625;0.035400390625;0.32958984375;1.21875;;;;;;;;;;;;;;;
64.00042724609375;-0.047119140625;-0.11669921875;1.052734375;;;;;;;;;;;;;;;
64.0037841796875;0.084228515625;0.07861328125;1.02392578125;;;;;;;;;;;;;;;
64.00714111328125;-0.17919921875;0.0361328125;0.819091796875;;;;;;;;;;;;;;;
64.01055908203125;0.03466796875;0.19482421875;0.95654296875;;;;;;;;;;;;;;;
64.01394653320312;-0.011962890625;0.109130859375;1.15625;;;;;;;;;;;;;;;
64.017333984375;-0.000732421875;-0.227783203125;1.066162109375;;;;;;;;;;;;;;;
64.02069091796875;0.010009765625;0.299072265625;1.054443359375;;;;;;;;;;;;;;;
64.0240478515625;-0.266357421875;-0.110595703125;0.84765625;;;;;;;;;;;;;;;
64.02749633789062;0.062255859375;0.20361328125;1.125732421875;;;;;;;;;;;;;;;
64.03091430664062;-0.0498046875;-0.09619140625;1.099365234375;;;;;;;;;;;;;;;
64.034423828125;0.144287109375;0.353271484375;1.083251953125;;;;;;;;;;;;;;;
64.037841796875;-0.09912109375;0.1943359375;0.918212890625;;;;;;;;;;;;;;;
64.04122924804688;-0.046875;-0.0263671875;0.805419921875;;;;;;;;;;;;;;;
64.04458618164062;-0.072265625;0.182373046875;1.12841796875;;;;;;;;;;;;;;;
64.04791259765625;-0.088623046875;-0.107666015625;1.050537109375;;;;;;;;;;;;;;;
64.05126953125;0.074951171875;0.154052734375;1.201904296875;;;;;;;;;;;;;;;
64.05474853515625;-0.20166015625;0.02734375;0.83544921875;;;;;;;;;;;;;;;
64.05810546875;0.1640625;0.302001953125;0.9404296875;;;;;;;;;;;;;;;
64.06158447265625;0.1142578125;0.17138671875;1.041748046875;;;;;;;;;;;;;;;
64.06497192382812;0.098388671875;-0.21923828125;1.1005859375;;;;;;;;;;;;;;;
64.06829833984375;-0.18603515625;0.22412109375;1.198486328125;;;;;;;;;;;;;;;
64.07171630859375;-0.271728515625;-0.183837890625;0.854248046875;;;;;;;;;;;;;;;
64.07510375976562;0.109375;0.244873046875;1.048095703125;;;;;;;;;;;;;;;
64.07852172851562;-0.155517578125;0.185546875;0.910888671875;;;;;;;;;;;;;;;
64.08193969726562;0.111328125;0.25341796875;1.10791015625;;;;;;;;;;;;;;;
64.08526611328125;-0.126953125;0.234130859375;1.039306640625;;;;;;;;;;;;;;;
64.08865356445312;0.137451171875;-0.176513671875;0.793212890625;;;;;;;;;;;;;;;
64.09197998046875;-0.0810546875;0.1572265625;1.033447265625;;;;;;;;;;;;;;;
64.0953369140625;-0.16943359375;-0.0546875;0.918701171875;;;;;;;;;;;;;;;
64.09878540039062;0.15966796875;0.07421875;1.239501953125;;;;;;;;;;;;;;;
64.1021728515625;-0.255859375;0.08056640625;1.00048828125;;;;;;;;;;;;;;;
64.10552978515625;0.161376953125;0.130615234375;0.998291015625;;;;;;;;;;;;;;;
64.10894775390625;-0.251708984375;0.2841796875;0.907470703125;;;;;;;;;;;;;;;
64.11236572265625;-0.010498046875;0.0302734375;0.87255859375;;;;;;;;;;;;;;;
64.11572265625;0.155029296875;0.20751953125;1.24267578125;;;;;;;;;;;;;;;
64.11904907226562;-0.10498046875;-0.281494140625;1.06640625;;;;;;;;;;;;;;;
64.12240600585938;0.0712890625;0.166015625;1.0751953125;;;;;;;;;;;;;;;
64.125732421875;-0.270751953125;0.158935546875;0.807373046875;;;;;;;;;;;;;;;
64.129150390625;0.04248046875;0.336669921875;0.982177734375;;;;;;;;;;;;;;;
64.132568359375;-0.09814453125;0.0966796875;1.0537109375;;;;;;;;;;;;;;;
64.13589477539062;0.0673828125;-0.19580078125;1.146484375;;;;;;;;;;;;;;;
64.1392822265625;-0.2470703125;0.1572265625;1.065673828125;;;;;;;;;;;;;;;
64.14266967773438;-0.24755859375;-0.098388671875;0.74609375;;;;;;;;;;;;;;;
64.1461181640625;0.318359375;0.241943359375;1.15966796875;;;;;;;;;;;;;;;
64.1495361328125;-0.044189453125;0.034423828125;1.029052734375;;;;;;;;;;;;;;;
64.1529541015625;0.215576171875;0.25390625;1.188232421875;;;;;;;;;;;;;;;
64.15634155273438;-0.425048828125;0.109130859375;0.83251953125;;;;;;;;;;;;;;;
64.15972900390625;0.215087890625;0.04248046875;0.74609375;;;;;;;;;;;;;;;
64.16311645507812;-0.005615234375;0.14794921875;1.105224609375;;;;;;;;;;;;;;;
64.16650390625;-0.071533203125;-0.17919921875;0.968017578125;;;;;;;;;;;;;;;
64.16983032226562;0.22607421875;0.171142578125;1.240966796875;;;;;;;;;;;;;;;
64.1732177734375;-0.158203125;-0.08740234375;0.848876953125;;;;;;;;;;;;;;;
64.17654418945312;0.17041015625;0.37548828125;0.98779296875;;;;;;;;;;;;;;;
64.17990112304688;-0.174072265625;0.103271484375;0.939208984375;;;;;;;;;;;;;;;
64.18331909179688;0.093994140625;0.1220703125;1.08935546875;;;;;;;;;;;;;;;
64.18667602539062;-0.095947265625;0.128173828125;1.133056640625;;;;;;;;;;;;;;;
64.19003295898438;-0.323974609375;-0.0947265625;0.8251953125;;;;;;;;;;;;;;;
64.193359375;0.22021484375;0.196533203125;1.064208984375;;;;;;;;;;;;;;;
64.19671630859375;-0.150146484375;0.2080078125;0.85498046875;;;;;;;;;;;;;;;
64.20010375976562;0.25732421875;0.26220703125;1.184814453125;;;;;;;;;;;;;;;
64.20343017578125;-0.276611328125;0.190185546875;0.97509765625;;;;;;;;;;;;;;;
64.2069091796875;0.172119140625;-0.096435546875;1.037841796875;;;;;;;;;;;;;;;
64.2103271484375;-0.203857421875;0.066162109375;0.9716796875;;;;;;;;;;;;;;;
64.21371459960938;-0.143798828125;-0.1826171875;0.829833984375;;;;;;;;;;;;;;;
64.2171630859375;0.462646484375;0.130615234375;1.298095703125;;;;;;;;;;;;;;;
64.22048950195312;-0.074462890625;0.090087890625;1.001220703125;;;;;;;;;;;;;;;
64.22384643554688;0.195556640625;0.341796875;1.08984375;;;;;;;;;;;;;;;
64.22720336914062;-0.370361328125;0.149169921875;0.714111328125;;;;;;;;;;;;;;;
64.23062133789062;0.103271484375;0.1845703125;0.91943359375;;;;;;;;;;;;;;;
64.2340087890625;0.0771484375;0.099365234375;1.15185546875;;;;;;;;;;;;;;;
64.23733520507812;-0.088134765625;-0.2333984375;1.0966796875;;;;;;;;;;;;;;;
64.24072265625;-0.063720703125;0.132568359375;1.11083984375;;;;;;;;;;;;;;;
64.244140625;-0.224365234375;0.103759765625;0.791259765625;;;;;;;;;;;;;;;
64.24758911132812;0.00341796875;0.461669921875;1.009521484375;;;;;;;;;;;;;;;
64.25094604492188;-0.141357421875;-0.0439453125;1.002685546875;;;;;;;;;;;;;;;
64.25430297851562;0.145263671875;-0.041748046875;1.177001953125;;;;;;;;;;;;;;;
64.25759887695312;-0.2705078125;0.066162109375;1.02490234375;;;;;;;;;;;;;;;
64.26095581054688;-0.148681640625;-0.041015625;0.847412109375;;;;;;;;;;;;;;;
64.2642822265625;-0.076171875;0.126953125;1.072021484375;;;;;;;;;;;;;;;
64.26763916015625;0.000244140625;-0.093505859375;1.022216796875;;;;;;;;;;;;;;;
64.27099609375;0.041748046875;0.292236328125;1.2158203125;;;;;;;;;;;;;;;
64.27435302734375;-0.267578125;0.073974609375;0.865234375;;;;;;;;;;;;;;;
64.27774047851562;-0.005859375;0.244873046875;0.869384765625;;;;;;;;;;;;;;;
64.28115844726562;-0.176025390625;0.07470703125;0.98486328125;;;;;;;;;;;;;;;
64.28451538085938;0.0615234375;-0.16162109375;1.0966796875;;;;;;;;;;;;;;;
64.28790283203125;-0.03857421875;0.058837890625;1.24853515625;;;;;;;;;;;;;;;
64.29129028320312;-0.064697265625;-0.12060546875;0.89111328125;;;;;;;;;;;;;;;
64.29464721679688;-0.061279296875;0.417236328125;1.019287109375;;;;;;;;;;;;;;;
64.29800415039062;-0.311279296875;0.081787109375;0.8916015625;;;;;;;;;;;;;;;
64.30142211914062;0.00048828125;0.21630859375;1.130859375;;;;;;;;;;;;;;;
64.3048095703125;-0.1181640625;0.066650390625;1.085693359375;;;;;;;;;;;;;;;
64.30816650390625;0.125;-0.066650390625;0.926025390625;;;;;;;;;;;;;;;
64.31155395507812;-0.099853515625;0.15673828125;1.009521484375;;;;;;;;;;;;;;;
64.31497192382812;-0.075927734375;0.067626953125;0.894287109375;;;;;;;;;;;;;;;
64.31842041015625;0.0927734375;0.227783203125;1.1640625;;;;;;;;;;;;;;;
64.32177734375;-0.1162109375;-0.218505859375;0.989013671875;;;;;;;;;;;;;;;
64.3251953125;0.033447265625;0.046875;1.098388671875;;;;;;;;;;;;;;;
64.32855224609375;-0.14892578125;0.057861328125;0.916259765625;;;;;;;;;;;;;;;
64.33193969726562;0.03515625;0.25732421875;0.932373046875;;;;;;;;;;;;;;;
64.33538818359375;0.007568359375;0.146240234375;1.194091796875;;;;;;;;;;;;;;;
64.33877563476562;-0.124267578125;-0.140625;1.02978515625;;;;;;;;;;;;;;;
64.34207153320312;0.0390625;0.164306640625;1.1240234375;;;;;;;;;;;;;;;
64.34542846679688;-0.2333984375;0.07177734375;0.754638671875;;;;;;;;;;;;;;;
64.34881591796875;0.1953125;0.357666015625;0.981201171875;;;;;;;;;;;;;;;
64.35214233398438;-0.04345703125;0.064697265625;1.0849609375;;;;;;;;;;;;;;;
64.35552978515625;-0.015625;-0.060546875;1.200439453125;;;;;;;;;;;;;;;
64.35894775390625;-0.14501953125;0.109619140625;1.10791015625;;;;;;;;;;;;;;;
64.3623046875;-0.17724609375;0.01904296875;0.81591796875;;;;;;;;;;;;;;;
64.36569213867188;-0.066162109375;0.358154296875;1.022216796875;;;;;;;;;;;;;;;
64.369140625;-0.1591796875;-0.149658203125;0.945556640625;;;;;;;;;;;;;;;
64.37258911132812;0.135009765625;0.050537109375;1.203369140625;;;;;;;;;;;;;;;
64.37588500976562;-0.162353515625;0.0693359375;0.921630859375;;;;;;;;;;;;;;;
64.37924194335938;0.100830078125;0.159912109375;0.863525390625;;;;;;;;;;;;;;;
64.38265991210938;0.047607421875;0.209228515625;1.06640625;;;;;;;;;;;;;;;
64.3861083984375;-0.180419921875;-0.145751953125;1.014404296875;;;;;;;;;;;;;;;
64.38955688476562;0.00244140625;0.09326171875;1.248046875;;;;;;;;;;;;;;;
64.39285278320312;-0.28076171875;-0.004150390625;0.849365234375;;;;;;;;;;;;;;;
64.396240234375;0.1494140625;0.3720703125;0.88232421875;;;;;;;;;;;;;;;
64.39959716796875;-0.086181640625;0.126220703125;0.909423828125;;;;;;;;;;;;;;;
64.4029541015625;0.163330078125;0.028076171875;1.132568359375;;;;;;;;;;;;;;;
64.40631103515625;0.07763671875;0.01025390625;1.275390625;;;;;;;;;;;;;;;
64.40972900390625;-0.131103515625;-0.126708984375;0.916259765625;;;;;;;;;;;;;;;
64.4130859375;-0.01611328125;0.218017578125;1.02685546875;;;;;;;;;;;;;;;
64.41647338867188;-0.159423828125;0.016845703125;0.786376953125;;;;;;;;;;;;;;;
64.4197998046875;0.200439453125;0.3623046875;1.152099609375;;;;;;;;;;;;;;;
64.42318725585938;-0.142822265625;0.12841796875;1.022216796875;;;;;;;;;;;;;;;
64.42657470703125;0.208740234375;0.09765625;0.93408203125;;;;;;;;;;;;;;;
64.429931640625;0.135498046875;0.070556640625;1.0234375;;;;;;;;;;;;;;;
64.43325805664062;-0.212158203125;0.10107421875;0.84375;;;;;;;;;;;;;;;
64.43670654296875;-0.061279296875;0.111083984375;1.223876953125;;;;;;;;;;;;;;;
64.44012451171875;-0.2109375;-0.2607421875;0.962890625;;;;;;;;;;;;;;;
64.44345092773438;0.1201171875;0.253662109375;1.13671875;;;;;;;;;;;;;;;
64.44680786132812;-0.279296875;-0.031005859375;0.830322265625;;;;;;;;;;;;;;;
64.45010375976562;0.261474609375;0.3740234375;0.95703125;;;;;;;;;;;;;;;
64.4534912109375;0.087890625;0.121826171875;1.20654296875;;;;;;;;;;;;;;;
64.45693969726562;-0.27734375;0.052734375;1.03125;;;;;;;;;;;;;;;
64.46035766601562;-0.125;0.010986328125;1.1513671875;;;;;;;;;;;;;;;
64.46371459960938;-0.241943359375;-0.0537109375;0.768310546875;;;;;;;;;;;;;;;
64.46707153320312;0.013916015625;0.377197265625;0.96630859375;;;;;;;;;;;;;;;
64.47042846679688;-0.135498046875;-0.162353515625;1.00341796875;;;;;;;;;;;;;;;
64.47384643554688;0.137451171875;0.02783203125;1.220703125;;;;;;;;;;;;;;;
64.47720336914062;-0.042724609375;0.15478515625;1.0849609375;;;;;;;;;;;;;;;
64.48062133789062;-0.042236328125;0.119384765625;0.837158203125;;;;;;;;;;;;;;;
64.48394775390625;-0.099853515625;0.300537109375;1.003173828125;;;;;;;;;;;;;;;
64.4873046875;-0.11865234375;-0.2783203125;0.939208984375;;;;;;;;;;;;;;;
64.49075317382812;-0.042724609375;0.231201171875;1.20947265625;;;;;;;;;;;;;;;
64.49411010742188;-0.17431640625;-0.095703125;0.8935546875;;;;;;;;;;;;;;;
64.4974365234375;0.12158203125;0.2880859375;0.895751953125;;;;;;;;;;;;;;;
64.50082397460938;-0.0234375;0.21728515625;1.001953125;;;;;;;;;;;;;;;
64.5042724609375;-0.075439453125;0.01708984375;1.05810546875;;;;;;;;;;;;;;;
64.50765991210938;-0.102783203125;0.002685546875;1.251953125;;;;;;;;;;;;;;;
64.51095581054688;-0.099853515625;-0.192138671875;0.925048828125;;;;;;;;;;;;;;;
64.51434326171875;-0.061767578125;0.3349609375;0.95263671875;;;;;;;;;;;;;;;
64.51779174804688;-0.138427734375;0.037841796875;0.8076171875;;;;;;;;;;;;;;;
64.52114868164062;0.146484375;0.10400390625;1.173583984375;;;;;;;;;;;;;;;
64.52456665039062;-0.123046875;0.157470703125;1.147705078125;;;;;;;;;;;;;;;
64.528076171875;-0.108154296875;-0.023681640625;0.96875;;;;;;;;;;;;;;;
64.53152465820312;-0.1533203125;0.188232421875;0.989501953125;;;;;;;;;;;;;;;
64.53497314453125;-0.048095703125;-0.211181640625;0.804443359375;;;;;;;;;;;;;;;
64.53836059570312;0.069580078125;0.3212890625;1.135498046875;;;;;;;;;;;;;;;
64.54177856445312;-0.0283203125;-0.03369140625;1.004150390625;;;;;;;;;;;;;;;
64.54510498046875;0.044189453125;0.330078125;1.04296875;;;;;;;;;;;;;;;
64.54852294921875;-0.173095703125;0.080810546875;0.957763671875;;;;;;;;;;;;;;;
64.55184936523438;-0.119140625;0.08203125;0.89794921875;;;;;;;;;;;;;;;
64.55520629882812;-0.090087890625;0.057861328125;1.184326171875;;;;;;;;;;;;;;;
64.55850219726562;0.031494140625;-0.3427734375;1.058837890625;;;;;;;;;;;;;;;
64.56185913085938;-0.1259765625;0.27734375;1.12353515625;;;;;;;;;;;;;;;
64.56524658203125;-0.18017578125;-0.035400390625;0.786376953125;;;;;;;;;;;;;;;
64.568603515625;0.16943359375;0.47705078125;1.04052734375;;;;;;;;;;;;;;;
64.57205200195312;-0.417724609375;0.182861328125;1.036865234375;;;;;;;;;;;;;;;
64.57550048828125;0.12353515625;-0.076171875;1.082275390625;;;;;;;;;;;;;;;
64.57879638671875;-0.210205078125;0.04345703125;1.146484375;;;;;;;;;;;;;;;
64.5821533203125;-0.03564453125;-0.271728515625;0.84619140625;;;;;;;;;;;;;;;
64.5855712890625;-0.230712890625;0.469970703125;1.0361328125;;;;;;;;;;;;;;;
64.5889892578125;-0.40625;-0.114013671875;0.9130859375;;;;;;;;;;;;;;;
64.59243774414062;0.185546875;0.277099609375;1.276123046875;;;;;;;;;;;;;;;
64.59585571289062;-0.36572265625;0.000244140625;1.118408203125;;;;;;;;;;;;;;;
64.59927368164062;-0.094482421875;0.055419921875;0.848876953125;;;;;;;;;;;;;;;
64.60272216796875;-0.233642578125;0.243896484375;0.95361328125;;;;;;;;;;;;;;;
64.606201171875;-0.0849609375;-0.266357421875;0.974609375;;;;;;;;;;;;;;;
64.609619140625;-0.16650390625;0.20947265625;1.194091796875;;;;;;;;;;;;;;;
64.61294555664062;-0.04931640625;-0.115478515625;0.96044921875;;;;;;;;;;;;;;;
64.61624145507812;-0.02587890625;0.347412109375;1.002197265625;;;;;;;;;;;;;;;
64.61965942382812;-0.5498046875;0.02099609375;0.8603515625;;;;;;;;;;;;;;;
64.623046875;0.346923828125;-0.035400390625;1.118896484375;;;;;;;;;;;;;;;
64.62640380859375;-0.08349609375;0.07275390625;1.232421875;;;;;;;;;;;;;;;
64.62982177734375;-0.114501953125;-0.090087890625;0.93798828125;;;;;;;;;;;;;;;
64.6331787109375;-0.07958984375;0.321533203125;0.9755859375;;;;;;;;;;;;;;;
64.63653564453125;-0.37744140625;-0.03125;0.778076171875;;;;;;;;;;;;;;;
64.639892578125;0.272216796875;0.258544921875;1.233642578125;;;;;;;;;;;;;;;
64.64324951171875;-0.599609375;0.027099609375;1.006591796875;;;;;;;;;;;;;;;
64.64663696289062;-0.274169921875;-0.01123046875;0.990966796875;;;;;;;;;;;;;;;
64.6500244140625;-0.146484375;0.11669921875;0.97314453125;;;;;;;;;;;;;;;
64.65347290039062;-0.0830078125;-0.105712890625;0.75341796875;;;;;;;;;;;;;;;
64.6568603515625;0.049560546875;0.251953125;1.096435546875;;;;;;;;;;;;;;;
64.66018676757812;-0.025146484375;-0.183349609375;1.049560546875;;;;;;;;;;;;;;;
64.66363525390625;-0.031005859375;0.30078125;1.260009765625;;;;;;;;;;;;;;;
64.66696166992188;-0.459716796875;-0.070556640625;0.922119140625;;;;;;;;;;;;;;;
64.67031860351562;-0.087890625;0.03759765625;0.9140625;;;;;;;;;;;;;;;
64.67373657226562;-0.0791015625;0.05322265625;0.956787109375;;;;;;;;;;;;;;;
64.67709350585938;0.210693359375;-0.101806640625;1.109619140625;;;;;;;;;;;;;;;
64.68045043945312;-0.17236328125;0.309326171875;1.116455078125;;;;;;;;;;;;;;;
64.68386840820312;-0.081298828125;-0.114501953125;0.8427734375;;;;;;;;;;;;;;;
64.68728637695312;0.151611328125;0.3720703125;1.09375;;;;;;;;;;;;;;;
64.69070434570312;-0.60302734375;0.1318359375;0.94873046875;;;;;;;;;;;;;;;
64.69415283203125;0.30322265625;-0.070556640625;1.084228515625;;;;;;;;;;;;;;;
64.697509765625;-0.231201171875;-0.035400390625;1.087890625;;;;;;;;;;;;;;;
64.70089721679688;0.07080078125;-0.256591796875;0.88720703125;;;;;;;;;;;;;;;
64.70431518554688;-0.12255859375;0.268310546875;0.98388671875;;;;;;;;;;;;;;;
64.707763671875;-0.130615234375;-0.03271484375;0.9111328125;;;;;;;;;;;;;;;
64.71115112304688;0.119873046875;0.363525390625;1.262451171875;;;;;;;;;;;;;;;
64.7144775390625;-0.328369140625;0.01416015625;1.10302734375;;;;;;;;;;;;;;;
64.7178955078125;-0.10302734375;0.002197265625;0.937255859375;;;;;;;;;;;;;;;
64.72125244140625;-0.240234375;0.068359375;0.853759765625;;;;;;;;;;;;;;;
64.72457885742188;0.141845703125;-0.080322265625;0.974365234375;;;;;;;;;;;;;;;
64.72796630859375;0.017333984375;0.0859375;1.18408203125;;;;;;;;;;;;;;;
64.73135375976562;0.048828125;-0.136962890625;1.01904296875;;;;;;;;;;;;;;;
64.73471069335938;-0.14453125;0.348876953125;1.062744140625;;;;;;;;;;;;;;;
64.73809814453125;-0.451904296875;0.001708984375;0.856201171875;;;;;;;;;;;;;;;
64.741455078125;0.166748046875;0.042724609375;1.095458984375;;;;;;;;;;;;;;;
64.74484252929688;0.125244140625;-0.056396484375;1.183349609375;;;;;;;;;;;;;;;
64.7481689453125;0.130859375;0.1181640625;1.05224609375;;;;;;;;;;;;;;;
64.75155639648438;-0.068603515625;0.248291015625;0.970458984375;;;;;;;;;;;;;;;
64.75497436523438;-0.1494140625;-0.091796875;0.7998046875;;;;;;;;;;;;;;;
64.75839233398438;0.103271484375;0.253662109375;1.170654296875;;;;;;;;;;;;;;;
64.76174926757812;-0.18359375;0.01806640625;1.09423828125;;;;;;;;;;;;;;;
64.7652587890625;-0.016357421875;0.0458984375;1.0888671875;;;;;;;;;;;;;;;
64.76864624023438;-0.1455078125;0.032958984375;0.909912109375;;;;;;;;;;;;;;;
64.77212524414062;0.052490234375;0.05029296875;0.871826171875;;;;;;;;;;;;;;;
64.77554321289062;-0.017578125;0.23583984375;1.096435546875;;;;;;;;;;;;;;;
64.77890014648438;-0.03271484375;-0.242919921875;1.05810546875;;;;;;;;;;;;;;;
64.7823486328125;-0.08984375;0.297119140625;1.21142578125;;;;;;;;;;;;;;;
64.78570556640625;-0.308349609375;-0.1123046875;0.886962890625;;;;;;;;;;;;;;;
64.78903198242188;0.113037109375;0.186767578125;0.96728515625;;;;;;;;;;;;;;;
64.79248046875;-0.04052734375;0.0556640625;0.93994140625;;;;;;;;;;;;;;;
64.79580688476562;0.112060546875;0.129150390625;1.0830078125;;;;;;;;;;;;;;;
64.79910278320312;-0.08837890625;0.151611328125;1.090087890625;;;;;;;;;;;;;;;
64.80252075195312;-0.0107421875;-0.173095703125;0.90625;;;;;;;;;;;;;;;
64.80584716796875;0.01416015625;0.243408203125;1.06005859375;;;;;;;;;;;;;;;
64.80923461914062;-0.3056640625;0.07958984375;0.93017578125;;;;;;;;;;;;;;;
64.8126220703125;0.240966796875;0.020751953125;1.266357421875;;;;;;;;;;;;;;;
64.81607055664062;-0.24267578125;0.0654296875;1.024658203125;;;;;;;;;;;;;;;
64.81948852539062;0.234130859375;-0.117431640625;0.914306640625;;;;;;;;;;;;;;;
64.82284545898438;-0.01171875;0.308837890625;0.874755859375;;;;;;;;;;;;;;;
64.8262939453125;-0.07958984375;-0.130859375;0.87841796875;;;;;;;;;;;;;;;
64.82968139648438;0.134521484375;0.309814453125;1.29052734375;;;;;;;;;;;;;;;
64.8330078125;-0.191650390625;-0.126220703125;1.07666015625;;;;;;;;;;;;;;;
64.83645629882812;0.170166015625;0.069091796875;1.0078125;;;;;;;;;;;;;;;
64.83978271484375;-0.23828125;0.087646484375;0.802734375;;;;;;;;;;;;;;;
64.84317016601562;0.190185546875;0.203857421875;0.955078125;;;;;;;;;;;;;;;
64.84658813476562;0.07958984375;0.181640625;1.1484375;;;;;;;;;;;;;;;
64.84991455078125;0.01416015625;-0.1376953125;1.055419921875;;;;;;;;;;;;;;;
64.85330200195312;-0.1318359375;0.193115234375;1.053955078125;;;;;;;;;;;;;;;
64.856689453125;-0.306884765625;-0.153564453125;0.80224609375;;;;;;;;;;;;;;;
64.86004638671875;0.291748046875;0.050537109375;1.169921875;;;;;;;;;;;;;;;
64.86343383789062;-0.15576171875;0.095947265625;1.098388671875;;;;;;;;;;;;;;;
64.8668212890625;0.097412109375;0.270263671875;1.101806640625;;;;;;;;;;;;;;;
64.87017822265625;-0.2841796875;0.252685546875;0.893798828125;;;;;;;;;;;;;;;
64.87362670898438;0.10693359375;-0.091064453125;0.73095703125;;;;;;;;;;;;;;;
64.8770751953125;0.080078125;0.134765625;1.15478515625;;;;;;;;;;;;;;;
64.88043212890625;-0.1552734375;-0.123291015625;1.0205078125;;;;;;;;;;;;;;;
64.88381958007812;0.173095703125;0.108154296875;1.173095703125;;;;;;;;;;;;;;;
64.88717651367188;-0.23974609375;0.0966796875;0.857666015625;;;;;;;;;;;;;;;
64.89053344726562;0.080810546875;0.1982421875;0.922607421875;;;;;;;;;;;;;;;
64.89395141601562;-0.232421875;0.178955078125;1.045166015625;;;;;;;;;;;;;;;
64.89727783203125;-0.031494140625;-0.115234375;1.052001953125;;;;;;;;;;;;;;;
64.90069580078125;-0.102783203125;0.2431640625;1.192138671875;;;;;;;;;;;;;;;
64.90408325195312;-0.019287109375;-0.18017578125;0.79931640625;;;;;;;;;;;;;;;
64.90750122070312;0.352783203125;0.208984375;1.056396484375;;;;;;;;;;;;;;;
64.91094970703125;-0.16064453125;0.212646484375;0.871826171875;;;;;;;;;;;;;;;
64.914306640625;0.08056640625;0.202880859375;1.1396484375;;;;;;;;;;;;;;;
64.91778564453125;-0.265625;0.043701171875;1.03662109375;;;;;;;;;;;;;;;
64.92117309570312;0.059814453125;-0.18994140625;0.9306640625;;;;;;;;;;;;;;;
64.92462158203125;-0.090087890625;0.132080078125;1.011962890625;;;;;;;;;;;;;;;
64.927978515625;-0.229736328125;-0.017578125;0.850341796875;;;;;;;;;;;;;;;
64.93133544921875;0.531982421875;0.075439453125;1.33544921875;;;;;;;;;;;;;;;
64.93472290039062;-0.1572265625;0.134521484375;0.986083984375;;;;;;;;;;;;;;;
64.93807983398438;0.233642578125;0.286376953125;1.0068359375;;;;;;;;;;;;;;;
64.94137573242188;-0.300537109375;0.225830078125;0.757568359375;;;;;;;;;;;;;;;
64.94482421875;-0.071533203125;0.043701171875;0.890380859375;;;;;;;;;;;;;;;
64.94821166992188;0.065673828125;-0.05517578125;1.219970703125;;;;;;;;;;;;;;;
64.9515380859375;-0.232421875;-0.239990234375;1.031494140625;;;;;;;;;;;;;;;
64.95492553710938;0.044921875;0.1103515625;1.052734375;;;;;;;;;;;;;;;
64.958251953125;-0.20263671875;0.071533203125;0.779296875;;;;;;;;;;;;;;;
64.96157836914062;0.204833984375;0.330078125;1.042236328125;;;;;;;;;;;;;;;
64.9649658203125;0.010498046875;0.094482421875;1.083251953125;;;;;;;;;;;;;;;
64.96826171875;0.098876953125;-0.1494140625;1.152099609375;;;;;;;;;;;;;;;
64.97164916992188;-0.30712890625;0.10693359375;0.9736328125;;;;;;;;;;;;;;;
64.9749755859375;-0.470703125;-0.15234375;0.77587890625;;;;;;;;;;;;;;;
64.978271484375;0.216796875;0.0947265625;1.147216796875;;;;;;;;;;;;;;;
64.981689453125;0.0146484375;0.039306640625;1.009033203125;;;;;;;;;;;;;;;
64.98507690429688;0.209228515625;0.376220703125;1.161865234375;;;;;;;;;;;;;;;
64.98846435546875;-0.296875;0.1669921875;0.872314453125;;;;;;;;;;;;;;;
64.991943359375;0.08251953125;0.06396484375;0.890869140625;;;;;;;;;;;;;;;
64.995361328125;-0.078125;0.064208984375;1.0615234375;;;;;;;;;;;;;;;
64.99880981445312;-0.082275390625;-0.1943359375;1.070068359375;;;;;;;;;;;;;;;
65.00222778320312;-0.03955078125;0.050048828125;1.2373046875;;;;;;;;;;;;;;;
65.005615234375;-0.228759765625;-0.034912109375;0.836669921875;;;;;;;;;;;;;;;
65.00900268554688;0.05029296875;0.382080078125;0.978759765625;;;;;;;;;;;;;;;
65.01239013671875;-0.27783203125;0.176513671875;1.003173828125;;;;;;;;;;;;;;;
65.01568603515625;0.049560546875;0.0283203125;1.0986328125;;;;;;;;;;;;;;;
65.0191650390625;-0.09228515625;0.1201171875;1.1259765625;;;;;;;;;;;;;;;
65.02252197265625;0.018798828125;-0.192138671875;0.893798828125;;;;;;;;;;;;;;;
65.02584838867188;0.03466796875;0.13037109375;1.045654296875;;;;;;;;;;;;;;;
65.02923583984375;-0.111328125;0.088134765625;0.879150390625;;;;;;;;;;;;;;;
65.03265380859375;-0.05322265625;0.3369140625;1.144775390625;;;;;;;;;;;;;;;
65.0360107421875;-0.1376953125;-0.02099609375;1.03466796875;;;;;;;;;;;;;;;
65.0394287109375;0.033935546875;-0.078857421875;1.03857421875;;;;;;;;;;;;;;;
65.04281616210938;-0.190185546875;0.05859375;0.971923828125;;;;;;;;;;;;;;;
65.04620361328125;-0.105712890625;0.042236328125;0.9052734375;;;;;;;;;;;;;;;
65.04949951171875;0.135009765625;0.03759765625;1.2470703125;;;;;;;;;;;;;;;
65.0528564453125;-0.0361328125;0.01611328125;1.009765625;;;;;;;;;;;;;;;
65.05621337890625;0.145263671875;0.318603515625;1.065185546875;;;;;;;;;;;;;;;
65.05960083007812;-0.302490234375;0.242919921875;0.760986328125;;;;;;;;;;;;;;;
65.06304931640625;-0.005859375;0.145751953125;0.9501953125;;;;;;;;;;;;;;;
65.06646728515625;0.014892578125;-0.090087890625;1.18505859375;;;;;;;;;;;;;;;
65.06988525390625;-0.095947265625;-0.259033203125;1.111572265625;;;;;;;;;;;;;;;
65.07339477539062;-0.095703125;0.138671875;1.10986328125;;;;;;;;;;;;;;;
65.07675170898438;-0.158935546875;0.02734375;0.793212890625;;;;;;;;;;;;;;;
65.08013916015625;-0.002685546875;0.44140625;1.0791015625;;;;;;;;;;;;;;;
65.08352661132812;-0.0048828125;-0.024169921875;1.02734375;;;;;;;;;;;;;;;
65.08697509765625;0.010498046875;0.20556640625;1.173583984375;;;;;;;;;;;;;;;
65.09027099609375;-0.23876953125;0.04833984375;0.942626953125;;;;;;;;;;;;;;;
65.09365844726562;-0.135986328125;-0.0185546875;0.7978515625;;;;;;;;;;;;;;;
65.09707641601562;0.17529296875;0.235595703125;1.1396484375;;;;;;;;;;;;;;;
65.1005859375;-0.0888671875;-0.030517578125;1.0419921875;;;;;;;;;;;;;;;
65.10391235351562;0.10986328125;0.256103515625;1.218994140625;;;;;;;;;;;;;;;
65.10726928710938;-0.29931640625;-0.177490234375;0.80908203125;;;;;;;;;;;;;;;
65.11065673828125;0.198486328125;0.17626953125;0.9755859375;;;;;;;;;;;;;;;
65.11410522460938;0.08349609375;0.06689453125;1.026123046875;;;;;;;;;;;;;;;
65.11758422851562;-0.066162109375;-0.1494140625;1.0576171875;;;;;;;;;;;;;;;
65.1209716796875;0.0;0.09765625;1.265869140625;;;;;;;;;;;;;;;
65.1243896484375;-0.280517578125;-0.119384765625;0.876953125;;;;;;;;;;;;;;;
65.12777709960938;0.01708984375;0.313720703125;0.979248046875;;;;;;;;;;;;;;;
65.1312255859375;-0.146240234375;0.072509765625;0.8115234375;;;;;;;;;;;;;;;
65.13458251953125;0.168212890625;0.26220703125;1.123046875;;;;;;;;;;;;;;;
65.13803100585938;-0.044677734375;0.074462890625;1.091796875;;;;;;;;;;;;;;;
65.14141845703125;0.11669921875;-0.0068359375;0.90380859375;;;;;;;;;;;;;;;
65.14480590820312;0.10205078125;0.1669921875;1.040283203125;;;;;;;;;;;;;;;
65.14825439453125;-0.243408203125;0.1494140625;0.863037109375;;;;;;;;;;;;;;;
65.15158081054688;-0.064453125;0.14306640625;1.2060546875;;;;;;;;;;;;;;;
65.15493774414062;-0.24609375;-0.2021484375;0.9609375;;;;;;;;;;;;;;;
65.15835571289062;0.13623046875;0.068359375;1.084716796875;;;;;;;;;;;;;;;
65.16165161132812;-0.189697265625;0.06884765625;0.90283203125;;;;;;;;;;;;;;;
65.16506958007812;0.119140625;0.29736328125;0.91064453125;;;;;;;;;;;;;;;
65.16845703125;0.179931640625;0.14208984375;1.235107421875;;;;;;;;;;;;;;;
65.17184448242188;-0.12646484375;-0.036376953125;1.00830078125;;;;;;;;;;;;;;;
65.17526245117188;0.01220703125;0.139404296875;1.148193359375;;;;;;;;;;;;;;;
65.17864990234375;-0.312255859375;0.09619140625;0.73828125;;;;;;;;;;;;;;;
65.1820068359375;0.003662109375;0.3173828125;0.964111328125;;;;;;;;;;;;;;;
65.18533325195312;-0.028564453125;-0.078857421875;1.091064453125;;;;;;;;;;;;;;;
65.18878173828125;0.08740234375;-0.137939453125;1.154052734375;;;;;;;;;;;;;;;
65.19219970703125;-0.039306640625;0.187744140625;1.086181640625;;;;;;;;;;;;;;;
65.19552612304688;-0.11767578125;0.0615234375;0.808837890625;;;;;;;;;;;;;;;
65.19888305664062;-0.127197265625;0.477783203125;1.045166015625;;;;;;;;;;;;;;;
65.202392578125;-0.08154296875;-0.173828125;0.985107421875;;;;;;;;;;;;;;;
65.20584106445312;0.00439453125;0.211181640625;1.19873046875;;;;;;;;;;;;;;;
65.20928955078125;-0.259521484375;-0.052490234375;0.884521484375;;;;;;;;;;;;;;;
65.212646484375;0.02783203125;0.140380859375;0.80859375;;;;;;;;;;;;;;;
65.21609497070312;0.17236328125;0.282958984375;1.083251953125;;;;;;;;;;;;;;;
65.21939086914062;-0.153076171875;-0.053955078125;1.0068359375;;;;;;;;;;;;;;;
65.22286987304688;-0.042236328125;0.22412109375;1.25830078125;;;;;;;;;;;;;;;
65.22628784179688;-0.274169921875;-0.328857421875;0.873291015625;;;;;;;;;;;;;;;
65.2296142578125;0.03125;0.35107421875;0.9521484375;;;;;;;;;;;;;;;
65.23300170898438;-0.211669921875;0.050537109375;0.88720703125;;;;;;;;;;;;;;;
65.23635864257812;0.125732421875;0.259765625;1.11962890625;;;;;;;;;;;;;;;
65.23977661132812;0.033447265625;0.10107421875;1.186767578125;;;;;;;;;;;;;;;
65.2431640625;-0.048583984375;-0.044921875;0.90966796875;;;;;;;;;;;;;;;
65.24658203125;-0.09375;0.394775390625;1.02197265625;;;;;;;;;;;;;;;
65.24996948242188;-0.175537109375;-0.069091796875;0.78955078125;;;;;;;;;;;;;;;
65.25341796875;0.061279296875;0.311279296875;1.12841796875;;;;;;;;;;;;;;;
65.25677490234375;-0.144287109375;0.03076171875;1.011474609375;;;;;;;;;;;;;;;
65.26010131835938;0.136474609375;0.10546875;1.15625;;;;;;;;;;;;;;;
65.26351928710938;-0.14697265625;0.12646484375;0.9853515625;;;;;;;;;;;;;;;
65.26693725585938;-0.160400390625;0.02685546875;0.840087890625;;;;;;;;;;;;;;;
65.270263671875;-0.0087890625;0.182861328125;1.193115234375;;;;;;;;;;;;;;;
65.27365112304688;-0.049072265625;-0.345458984375;1.0087890625;;;;;;;;;;;;;;;
65.277099609375;-0.0390625;0.2646484375;1.099853515625;;;;;;;;;;;;;;;
65.28045654296875;-0.274658203125;0.01416015625;0.832275390625;;;;;;;;;;;;;;;
65.28387451171875;0.06689453125;0.392822265625;0.9677734375;;;;;;;;;;;;;;;
65.28717041015625;-0.1015625;0.18603515625;1.116455078125;;;;;;;;;;;;;;;
65.29049682617188;0.061279296875;-0.12744140625;1.055908203125;;;;;;;;;;;;;;;
65.29385375976562;-0.181884765625;0.052734375;1.14404296875;;;;;;;;;;;;;;;
65.29721069335938;-0.2265625;-0.19677734375;0.748046875;;;;;;;;;;;;;;;
65.30059814453125;-0.007080078125;0.42578125;1.017578125;;;;;;;;;;;;;;;
65.30404663085938;-0.22705078125;-0.0302734375;0.970458984375;;;;;;;;;;;;;;;
65.30746459960938;0.154052734375;0.169677734375;1.2421875;;;;;;;;;;;;;;;
65.31094360351562;-0.233642578125;0.15087890625;1.0703125;;;;;;;;;;;;;;;
65.3143310546875;-0.11962890625;-0.025146484375;0.8349609375;;;;;;;;;;;;;;;
65.31777954101562;-0.155029296875;0.2978515625;0.95947265625;;;;;;;;;;;;;;;
65.3211669921875;0.038330078125;-0.350830078125;0.951416015625;;;;;;;;;;;;;;;
65.32452392578125;0.0107421875;0.355224609375;1.170166015625;;;;;;;;;;;;;;;
65.32797241210938;-0.042236328125;0.01416015625;0.92578125;;;;;;;;;;;;;;;
65.33135986328125;-0.01513671875;0.3232421875;0.9599609375;;;;;;;;;;;;;;;
65.33468627929688;-0.2578125;0.095458984375;0.943115234375;;;;;;;;;;;;;;;
65.33807373046875;0.0380859375;-0.144775390625;1.08056640625;;;;;;;;;;;;;;;
65.34152221679688;-0.133544921875;0.12353515625;1.213134765625;;;;;;;;;;;;;;;
65.34487915039062;0.032470703125;-0.177490234375;0.9375;;;;;;;;;;;;;;;
65.3482666015625;-0.189697265625;0.4404296875;0.98583984375;;;;;;;;;;;;;;;
65.35159301757812;-0.404052734375;-0.001953125;0.82373046875;;;;;;;;;;;;;;;
65.35498046875;0.1728515625;0.28515625;1.20263671875;;;;;;;;;;;;;;;
65.3583984375;-0.3046875;0.06689453125;1.111572265625;;;;;;;;;;;;;;;
65.36175537109375;-0.205810546875;-0.09423828125;0.93701171875;;;;;;;;;;;;;;;
65.36514282226562;-0.141845703125;0.1728515625;1.005615234375;;;;;;;;;;;;;;;
65.36849975585938;-0.101806640625;-0.142822265625;0.80078125;;;;;;;;;;;;;;;
65.37188720703125;0.077880859375;0.41748046875;1.144287109375;;;;;;;;;;;;;;;
65.375244140625;-0.2158203125;0.048828125;1.02197265625;;;;;;;;;;;;;;;
65.37863159179688;-0.02099609375;0.289794921875;1.2177734375;;;;;;;;;;;;;;;
65.382080078125;-0.307861328125;-0.072021484375;0.986083984375;;;;;;;;;;;;;;;
65.38546752929688;-0.135498046875;-0.077392578125;0.86865234375;;;;;;;;;;;;;;;
65.3887939453125;-0.05712890625;0.01416015625;1.022216796875;;;;;;;;;;;;;;;
65.39218139648438;0.11865234375;-0.151611328125;1.069091796875;;;;;;;;;;;;;;;
65.39556884765625;-0.139892578125;0.4521484375;1.14599609375;;;;;;;;;;;;;;;
65.39895629882812;-0.333984375;0.00537109375;0.7900390625;;;;;;;;;;;;;;;
65.40240478515625;0.09375;0.340087890625;1.05322265625;;;;;;;;;;;;;;;
65.40582275390625;-0.4697265625;0.1015625;1.033203125;;;;;;;;;;;;;;;
65.40914916992188;0.15771484375;-0.14013671875;1.057861328125;;;;;;;;;;;;;;;
65.41262817382812;-0.201171875;-0.029541015625;1.118408203125;;;;;;;;;;;;;;;
65.416015625;0.072509765625;-0.322509765625;0.84228515625;;;;;;;;;;;;;;;
65.41946411132812;-0.182861328125;0.44970703125;1.03515625;;;;;;;;;;;;;;;
65.42282104492188;-0.39208984375;-0.076171875;0.90478515625;;;;;;;;;;;;;;;
65.42626953125;0.126953125;0.3701171875;1.27490234375;;;;;;;;;;;;;;;
65.42965698242188;-0.159423828125;0.0048828125;1.122802734375;;;;;;;;;;;;;;;
65.43301391601562;-0.10205078125;-0.001708984375;0.87841796875;;;;;;;;;;;;;;;
65.43634033203125;-0.144775390625;0.079345703125;0.919189453125;;;;;;;;;;;;;;;
65.43972778320312;0.085205078125;-0.251220703125;0.988037109375;;;;;;;;;;;;;;;
65.443115234375;-0.007568359375;0.260009765625;1.185302734375;;;;;;;;;;;;;;;
65.44647216796875;-0.078125;-0.094970703125;0.96923828125;;;;;;;;;;;;;;;
65.44979858398438;-0.096923828125;0.402587890625;1.017333984375;;;;;;;;;;;;;;;
65.4532470703125;-0.350830078125;0.03076171875;0.929931640625;;;;;;;;;;;;;;;
65.45663452148438;-0.036865234375;0.030029296875;1.0859375;;;;;;;;;;;;;;;
65.4599609375;-0.0390625;-0.066162109375;1.223876953125;;;;;;;;;;;;;;;
65.46337890625;0.044921875;-0.016845703125;0.99755859375;;;;;;;;;;;;;;;
65.46670532226562;-0.091552734375;0.3193359375;0.97607421875;;;;;;;;;;;;;;;
65.47006225585938;-0.24169921875;-0.14453125;0.785400390625;;;;;;;;;;;;;;;
65.47348022460938;0.112060546875;0.2998046875;1.18017578125;;;;;;;;;;;;;;;
65.4769287109375;-0.080322265625;0.08056640625;1.10302734375;;;;;;;;;;;;;;;
65.48031616210938;0.01025390625;0.10107421875;1.061767578125;;;;;;;;;;;;;;;
65.48367309570312;-0.197509765625;-0.010986328125;0.912109375;;;;;;;;;;;;;;;
65.48703002929688;0.056640625;-0.105224609375;0.855712890625;;;;;;;;;;;;;;;
65.49044799804688;0.02294921875;0.232177734375;1.123291015625;;;;;;;;;;;;;;;
65.49395751953125;0.028564453125;-0.15576171875;1.047119140625;;;;;;;;;;;;;;;
65.497314453125;-0.064453125;0.318115234375;1.210693359375;;;;;;;;;;;;;;;
65.50079345703125;-0.2412109375;-0.055908203125;0.89013671875;;;;;;;;;;;;;;;
65.50418090820312;0.0703125;0.123779296875;0.965576171875;;;;;;;;;;;;;;;
65.50753784179688;-0.12255859375;0.016845703125;0.942138671875;;;;;;;;;;;;;;;
65.51092529296875;0.113037109375;-0.0458984375;1.095458984375;;;;;;;;;;;;;;;
65.51434326171875;-0.130859375;0.36962890625;1.081787109375;;;;;;;;;;;;;;;
65.51773071289062;-0.0048828125;-0.11474609375;0.8916015625;;;;;;;;;;;;;;;
65.52120971679688;0.032470703125;0.311279296875;1.086669921875;;;;;;;;;;;;;;;
65.52459716796875;-0.353271484375;0.06494140625;0.9580078125;;;;;;;;;;;;;;;
65.5279541015625;0.24560546875;-0.11181640625;1.1318359375;;;;;;;;;;;;;;;
65.53143310546875;-0.194091796875;0.0947265625;1.02880859375;;;;;;;;;;;;;;;
65.53482055664062;0.21728515625;-0.235107421875;0.896728515625;;;;;;;;;;;;;;;
65.53817749023438;-0.093994140625;0.513671875;0.975341796875;;;;;;;;;;;;;;;
65.54156494140625;-0.14453125;-0.14306640625;0.90966796875;;;;;;;;;;;;;;;
65.54498291015625;0.051513671875;0.387451171875;1.28564453125;;;;;;;;;;;;;;;
65.54833984375;-0.173095703125;-0.232177734375;1.068115234375;;;;;;;;;;;;;;;
65.55166625976562;0.092529296875;0.048095703125;0.953125;;;;;;;;;;;;;;;
65.55508422851562;-0.174560546875;0.1083984375;0.80712890625;;;;;;;;;;;;;;;
65.55859375;0.1865234375;0.057861328125;0.95263671875;;;;;;;;;;;;;;;
65.56192016601562;0.095703125;0.3203125;1.17626953125;;;;;;;;;;;;;;;
65.56527709960938;-0.020263671875;-0.120361328125;1.054931640625;;;;;;;;;;;;;;;
65.568603515625;-0.183837890625;0.308349609375;1.05615234375;;;;;;;;;;;;;;;
65.572021484375;-0.537109375;-0.235107421875;0.80859375;;;;;;;;;;;;;;;
65.57534790039062;0.39111328125;-0.028564453125;1.152099609375;;;;;;;;;;;;;;;
65.57879638671875;-0.0390625;0.0576171875;1.10107421875;;;;;;;;;;;;;;;
65.58221435546875;0.202392578125;0.2548828125;1.087158203125;;;;;;;;;;;;;;;
65.58554077148438;-0.244140625;0.40234375;0.89013671875;;;;;;;;;;;;;;;
65.58892822265625;0.09765625;-0.08837890625;0.734130859375;;;;;;;;;;;;;;;
65.59231567382812;0.083984375;0.092041015625;1.17626953125;;;;;;;;;;;;;;;
65.59573364257812;-0.197509765625;-0.16259765625;0.977294921875;;;;;;;;;;;;;;;
65.59915161132812;0.4853515625;0.119873046875;1.127685546875;;;;;;;;;;;;;;;
65.60247802734375;-0.32958984375;0.104248046875;0.84619140625;;;;;;;;;;;;;;;
65.60589599609375;0.236083984375;0.087158203125;0.86962890625;;;;;;;;;;;;;;;
65.60934448242188;0.097412109375;0.231689453125;1.10107421875;;;;;;;;;;;;;;;
65.61273193359375;-0.02978515625;-0.230224609375;1.03759765625;;;;;;;;;;;;;;;
65.61611938476562;-0.115234375;0.224365234375;1.191650390625;;;;;;;;;;;;;;;
65.61956787109375;-0.552490234375;-0.2216796875;0.767333984375;;;;;;;;;;;;;;;
65.62295532226562;0.57177734375;0.3154296875;1.070556640625;;;;;;;;;;;;;;;
65.62628173828125;-0.32421875;0.21484375;0.852783203125;;;;;;;;;;;;;;;
65.62966918945312;0.031005859375;0.1640625;1.087158203125;;;;;;;;;;;;;;;
65.63302612304688;-0.083984375;0.274169921875;1.05810546875;;;;;;;;;;;;;;;
65.63638305664062;0.2431640625;-0.20947265625;0.912353515625;;;;;;;;;;;;;;;
65.63980102539062;0.1728515625;0.1279296875;1.076904296875;;;;;;;;;;;;;;;
65.64309692382812;-0.322265625;-0.078125;0.85107421875;;;;;;;;;;;;;;;
65.64645385742188;0.413330078125;0.13427734375;1.36767578125;;;;;;;;;;;;;;;
65.64981079101562;-0.55859375;0.09033203125;0.90185546875;;;;;;;;;;;;;;;
65.65322875976562;0.5380859375;0.087158203125;1.019775390625;;;;;;;;;;;;;;;
65.65664672851562;-0.3916015625;0.259033203125;0.86279296875;;;;;;;;;;;;;;;
65.6600341796875;-0.29296875;-0.0322265625;0.906494140625;;;;;;;;;;;;;;;
65.66339111328125;-0.16845703125;0.112548828125;1.309814453125;;;;;;;;;;;;;;;
65.66671752929688;-0.26123046875;-0.25830078125;0.99462890625;;;;;;;;;;;;;;;
65.67010498046875;0.259033203125;0.20361328125;0.99951171875;;;;;;;;;;;;;;;
65.67349243164062;-0.072509765625;0.1513671875;0.848876953125;;;;;;;;;;;;;;;
65.67694091796875;0.017578125;0.35400390625;0.99267578125;;;;;;;;;;;;;;;
65.68035888671875;-0.072265625;0.037109375;1.0927734375;;;;;;;;;;;;;;;
65.68368530273438;0.068603515625;-0.178466796875;1.127197265625;;;;;;;;;;;;;;;
65.68710327148438;-0.209716796875;0.08349609375;1.0537109375;;;;;;;;;;;;;;;
65.6905517578125;-0.3349609375;-0.129150390625;0.7421875;;;;;;;;;;;;;;;
65.69390869140625;0.395751953125;0.158203125;1.226318359375;;;;;;;;;;;;;;;
65.697265625;-0.1787109375;0.024169921875;1.062255859375;;;;;;;;;;;;;;;
65.70059204101562;0.190185546875;0.405029296875;1.1357421875;;;;;;;;;;;;;;;
65.70394897460938;-0.260009765625;0.15380859375;0.833984375;;;;;;;;;;;;;;;
65.70733642578125;0.109375;0.1298828125;0.782470703125;;;;;;;;;;;;;;;
65.710693359375;-0.05615234375;0.032958984375;1.121337890625;;;;;;;;;;;;;;;
65.71417236328125;-0.240478515625;-0.23193359375;0.99560546875;;;;;;;;;;;;;;;
65.717529296875;0.283203125;0.03173828125;1.208984375;;;;;;;;;;;;;;;
65.72091674804688;-0.173828125;0.051025390625;0.796875;;;;;;;;;;;;;;;
65.724365234375;0.239990234375;0.387939453125;0.99609375;;;;;;;;;;;;;;;
65.72775268554688;-0.312255859375;0.16455078125;1.00537109375;;;;;;;;;;;;;;;
65.73114013671875;0.088134765625;0.059814453125;1.107177734375;;;;;;;;;;;;;;;
65.7344970703125;-0.178466796875;0.106689453125;1.13818359375;;;;;;;;;;;;;;;
65.73785400390625;0.010986328125;-0.22509765625;0.860595703125;;;;;;;;;;;;;;;
65.74127197265625;0.186767578125;0.191162109375;1.080810546875;;;;;;;;;;;;;;;
65.74459838867188;-0.212158203125;0.158203125;0.895263671875;;;;;;;;;;;;;;;
65.74789428710938;0.061279296875;0.327880859375;1.15283203125;;;;;;;;;;;;;;;
65.7513427734375;-0.202880859375;-0.032470703125;1.02197265625;;;;;;;;;;;;;;;
65.7547607421875;0.04150390625;-0.135009765625;0.980712890625;;;;;;;;;;;;;;;
65.75811767578125;-0.12353515625;0.046875;0.9794921875;;;;;;;;;;;;;;;
65.76153564453125;-0.143798828125;0.033203125;0.921142578125;;;;;;;;;;;;;;;
65.76486206054688;0.147705078125;0.102294921875;1.2705078125;;;;;;;;;;;;;;;
65.768310546875;0.038818359375;0.064208984375;1.030029296875;;;;;;;;;;;;;;;
65.77169799804688;0.0341796875;0.274169921875;1.07275390625;;;;;;;;;;;;;;;
65.775146484375;-0.430908203125;0.1865234375;0.751220703125;;;;;;;;;;;;;;;
65.778564453125;-0.140625;0.025634765625;0.94873046875;;;;;;;;;;;;;;;
65.78192138671875;-0.0068359375;0.0869140625;1.1796875;;;;;;;;;;;;;;;
65.7852783203125;-0.03515625;-0.2080078125;1.079345703125;;;;;;;;;;;;;;;
65.78863525390625;0.17578125;0.20361328125;1.096435546875;;;;;;;;;;;;;;;
65.79205322265625;-0.197509765625;0.16064453125;0.84619140625;;;;;;;;;;;;;;;
65.79537963867188;-0.16650390625;0.463623046875;1.041259765625;;;;;;;;;;;;;;;
65.79873657226562;-0.039306640625;-0.099609375;1.07470703125;;;;;;;;;;;;;;;
65.80209350585938;-0.054443359375;-0.231201171875;1.14892578125;;;;;;;;;;;;;;;
65.80548095703125;-0.15966796875;0.0673828125;0.94482421875;;;;;;;;;;;;;;;
65.80880737304688;-0.174560546875;0.015380859375;0.794921875;;;;;;;;;;;;;;;
65.8121337890625;0.122314453125;0.28125;1.151611328125;;;;;;;;;;;;;;;
65.81558227539062;0.032958984375;-0.068115234375;1.012451171875;;;;;;;;;;;;;;;
65.8189697265625;0.20361328125;0.389892578125;1.196533203125;;;;;;;;;;;;;;;
65.82235717773438;-0.249267578125;0.130615234375;0.837158203125;;;;;;;;;;;;;;;
65.8258056640625;-0.041259765625;0.0927734375;0.84765625;;;;;;;;;;;;;;;
65.82919311523438;-0.07275390625;0.0146484375;1.0771484375;;;;;;;;;;;;;;;
65.83258056640625;-0.019287109375;-0.25439453125;1.030517578125;;;;;;;;;;;;;;;
65.83587646484375;0.074462890625;0.222412109375;1.293212890625;;;;;;;;;;;;;;;
65.83926391601562;-0.2080078125;-0.082275390625;0.847900390625;;;;;;;;;;;;;;;
65.84268188476562;0.05615234375;0.57275390625;1.023193359375;;;;;;;;;;;;;;;
65.84600830078125;-0.3095703125;-0.02099609375;0.92724609375;;;;;;;;;;;;;;;
65.84942626953125;0.096923828125;0.13916015625;1.1083984375;;;;;;;;;;;;;;;
65.85281372070312;-0.008056640625;-0.028564453125;1.138427734375;;;;;;;;;;;;;;;
65.85623168945312;0.058349609375;-0.057861328125;0.848876953125;;;;;;;;;;;;;;;
65.859619140625;0.125;0.253173828125;1.095458984375;;;;;;;;;;;;;;;
65.863037109375;-0.295166015625;0.15087890625;0.876953125;;;;;;;;;;;;;;;
65.866455078125;-0.02001953125;0.291748046875;1.189453125;;;;;;;;;;;;;;;
65.86978149414062;-0.201416015625;-0.241455078125;0.957275390625;;;;;;;;;;;;;;;
65.8731689453125;0.229248046875;0.014892578125;1.07421875;;;;;;;;;;;;;;;
65.87655639648438;-0.2333984375;0.044921875;0.936279296875;;;;;;;;;;;;;;;
65.87994384765625;0.030029296875;0.263671875;0.90380859375;;;;;;;;;;;;;;;
65.88330078125;0.0859375;0.1240234375;1.305908203125;;;;;;;;;;;;;;;
65.88665771484375;-0.29443359375;-0.119140625;0.998779296875;;;;;;;;;;;;;;;
65.8900146484375;-0.030517578125;0.149169921875;1.096923828125;;;;;;;;;;;;;;;
65.89337158203125;-0.260009765625;0.0166015625;0.737060546875;;;;;;;;;;;;;;;
65.89678955078125;0.19140625;0.375732421875;0.958251953125;;;;;;;;;;;;;;;
65.900146484375;0.09716796875;-0.005859375;1.14599609375;;;;;;;;;;;;;;;
65.90347290039062;-0.0283203125;-0.055419921875;1.137939453125;;;;;;;;;;;;;;;
65.90689086914062;0.146240234375;0.1513671875;1.138916015625;;;;;;;;;;;;;;;
65.9102783203125;-0.26220703125;-0.06298828125;0.77392578125;;;;;;;;;;;;;;;
65.91363525390625;-0.046875;0.40283203125;1.050048828125;;;;;;;;;;;;;;;
65.91702270507812;-0.16552734375;-0.242431640625;0.977294921875;;;;;;;;;;;;;;;
65.92044067382812;0.0771484375;0.029052734375;1.199951171875;;;;;;;;;;;;;;;
65.92388916015625;-0.2236328125;0.011962890625;0.886474609375;;;;;;;;;;;;;;;
65.92724609375;0.145751953125;0.212646484375;0.835693359375;;;;;;;;;;;;;;;
65.93060302734375;-0.01611328125;0.26123046875;1.128173828125;;;;;;;;;;;;;;;
65.9339599609375;-0.220947265625;-0.09912109375;0.98681640625;;;;;;;;;;;;;;;
65.93731689453125;-0.054443359375;0.18212890625;1.267333984375;;;;;;;;;;;;;;;
65.94073486328125;-0.26708984375;-0.048828125;0.8427734375;;;;;;;;;;;;;;;
65.94406127929688;0.021484375;0.3486328125;0.98876953125;;;;;;;;;;;;;;;
65.94744873046875;-0.134765625;0.044677734375;0.98828125;;;;;;;;;;;;;;;
65.95089721679688;0.146240234375;-0.072509765625;1.083740234375;;;;;;;;;;;;;;;
65.9542236328125;-0.013916015625;0.2255859375;1.342529296875;;;;;;;;;;;;;;;
65.95758056640625;-0.168212890625;-0.172119140625;0.872802734375;;;;;;;;;;;;;;;
65.9609375;-0.09423828125;0.445556640625;1.052734375;;;;;;;;;;;;;;;
65.96438598632812;-0.40234375;-0.11376953125;0.85595703125;;;;;;;;;;;;;;;
65.96780395507812;-0.050048828125;0.376953125;1.13427734375;;;;;;;;;;;;;;;
65.97119140625;-0.152587890625;-0.040283203125;1.05908203125;;;;;;;;;;;;;;;
65.97451782226562;0.275634765625;0.11376953125;0.869873046875;;;;;;;;;;;;;;;
65.97787475585938;0.094970703125;0.138427734375;1.046630859375;;;;;;;;;;;;;;;
65.98117065429688;-0.2080078125;0.03173828125;0.875244140625;;;;;;;;;;;;;;;
65.98455810546875;-0.0283203125;0.22607421875;1.195556640625;;;;;;;;;;;;;;;
65.98788452148438;-0.06591796875;-0.31005859375;0.9990234375;;;;;;;;;;;;;;;
65.9912109375;-0.018310546875;0.2822265625;1.069091796875;;;;;;;;;;;;;;;
65.99453735351562;-0.280517578125;-0.004150390625;0.830078125;;;;;;;;;;;;;;;
65.99798583984375;0.041259765625;0.32275390625;0.968994140625;;;;;;;;;;;;;;;
66.00137329101562;-0.00537109375;0.1162109375;1.177490234375;;;;;;;;;;;;;;;
66.0047607421875;0.01416015625;-0.106201171875;1.034423828125;;;;;;;;;;;;;;;
66.00814819335938;-0.082763671875;0.0908203125;1.108642578125;;;;;;;;;;;;;;;
66.01156616210938;-0.175537109375;-0.119873046875;0.77685546875;;;;;;;;;;;;;;;
66.014892578125;-0.05419921875;0.419921875;1.00244140625;;;;;;;;;;;;;;;
66.01824951171875;-0.10888671875;-0.029541015625;1.003173828125;;;;;;;;;;;;;;;
66.02169799804688;0.10498046875;0.0771484375;1.22265625;;;;;;;;;;;;;;;
66.025146484375;-0.20703125;0.14990234375;1.094970703125;;;;;;;;;;;;;;;
66.02847290039062;-0.150634765625;-0.0234375;0.812255859375;;;;;;;;;;;;;;;
66.03195190429688;-0.1171875;0.38134765625;1.016357421875;;;;;;;;;;;;;;;
66.035400390625;-0.151611328125;-0.48046875;0.971435546875;;;;;;;;;;;;;;;
66.03875732421875;0.048583984375;0.39501953125;1.18994140625;;;;;;;;;;;;;;;
66.04208374023438;-0.156005859375;-0.0546875;0.886962890625;;;;;;;;;;;;;;;
66.04547119140625;0.086669921875;0.37451171875;0.893310546875;;;;;;;;;;;;;;;
66.04885864257812;-0.1728515625;0.173583984375;1.019287109375;;;;;;;;;;;;;;;
66.05227661132812;-0.107177734375;-0.0947265625;1.021484375;;;;;;;;;;;;;;;
66.05563354492188;-0.187255859375;0.0830078125;1.220703125;;;;;;;;;;;;;;;
66.05905151367188;-0.107421875;-0.4189453125;0.913818359375;;;;;;;;;;;;;;;
66.06256103515625;-0.044677734375;0.361083984375;0.95947265625;;;;;;;;;;;;;;;
66.06594848632812;-0.18212890625;0.056396484375;0.852783203125;;;;;;;;;;;;;;;
66.0693359375;0.1806640625;0.0986328125;1.178955078125;;;;;;;;;;;;;;;
66.07272338867188;-0.2294921875;0.19287109375;1.112060546875;;;;;;;;;;;;;;;
66.07611083984375;-0.136474609375;-0.097900390625;0.93896484375;;;;;;;;;;;;;;;
66.07952880859375;-0.208984375;0.267333984375;0.99462890625;;;;;;;;;;;;;;;
66.08291625976562;-0.110595703125;-0.215576171875;0.797119140625;;;;;;;;;;;;;;;
66.08633422851562;0.00146484375;0.37744140625;1.1484375;;;;;;;;;;;;;;;
66.08969116210938;-0.083740234375;0.001953125;1.02978515625;;;;;;;;;;;;;;;
66.0931396484375;0.08642578125;0.2099609375;1.200927734375;;;;;;;;;;;;;;;
66.09646606445312;-0.28173828125;0.015869140625;0.968505859375;;;;;;;;;;;;;;;
66.09982299804688;-0.1064453125;-0.040771484375;0.890625;;;;;;;;;;;;;;;
66.10317993164062;-0.085205078125;0.09716796875;1.178466796875;;;;;;;;;;;;;;;
66.10659790039062;0.056640625;-0.2451171875;1.04833984375;;;;;;;;;;;;;;;
66.11004638671875;-0.190185546875;0.429443359375;1.11962890625;;;;;;;;;;;;;;;
66.11337280273438;-0.3369140625;-0.02294921875;0.815185546875;;;;;;;;;;;;;;;
66.11676025390625;0.08056640625;0.3203125;1.0439453125;;;;;;;;;;;;;;;
66.12014770507812;-0.45703125;0.059814453125;1.024658203125;;;;;;;;;;;;;;;
66.12359619140625;0.310546875;-0.157958984375;1.037353515625;;;;;;;;;;;;;;;
66.12701416015625;-0.133056640625;0.039306640625;1.149658203125;;;;;;;;;;;;;;;
66.13040161132812;-0.25;-0.2294921875;0.7646484375;;;;;;;;;;;;;;;
66.13385009765625;0.06591796875;0.462158203125;0.973388671875;;;;;;;;;;;;;;;
66.13720703125;-0.1357421875;-0.138916015625;0.973876953125;;;;;;;;;;;;;;;
66.14056396484375;0.1875;0.265380859375;1.261474609375;;;;;;;;;;;;;;;
66.14395141601562;-0.33251953125;0.011962890625;1.12646484375;;;;;;;;;;;;;;;
66.14730834960938;-0.19189453125;-0.00927734375;0.869384765625;;;;;;;;;;;;;;;
66.15069580078125;-0.173095703125;0.099609375;0.921875;;;;;;;;;;;;;;;
66.154052734375;0.129638671875;-0.2900390625;0.976806640625;;;;;;;;;;;;;;;
66.15744018554688;-0.02978515625;0.275634765625;1.18603515625;;;;;;;;;;;;;;;
66.16082763671875;-0.0703125;-0.07861328125;0.93505859375;;;;;;;;;;;;;;;
66.16421508789062;-0.08740234375;0.38720703125;1.02001953125;;;;;;;;;;;;;;;
66.16757202148438;-0.500732421875;0.032470703125;0.94287109375;;;;;;;;;;;;;;;
66.1708984375;0.021484375;-0.046875;1.080810546875;;;;;;;;;;;;;;;
66.17428588867188;-0.052001953125;-0.08056640625;1.220947265625;;;;;;;;;;;;;;;
66.177734375;0.043212890625;-0.08251953125;0.979736328125;;;;;;;;;;;;;;;
66.18115234375;-0.117919921875;0.291015625;0.95556640625;;;;;;;;;;;;;;;
66.18450927734375;-0.25048828125;-0.056884765625;0.810791015625;;;;;;;;;;;;;;;
66.18798828125;0.2421875;0.314453125;1.21533203125;;;;;;;;;;;;;;;
66.19134521484375;-0.23046875;0.13525390625;1.12158203125;;;;;;;;;;;;;;;
66.19479370117188;-0.099365234375;0.04150390625;0.982177734375;;;;;;;;;;;;;;;
66.1981201171875;-0.22705078125;-0.027587890625;0.939453125;;;;;;;;;;;;;;;
66.20147705078125;-0.04736328125;-0.137451171875;0.832275390625;;;;;;;;;;;;;;;
66.20480346679688;0.0126953125;0.118408203125;1.133544921875;;;;;;;;;;;;;;;
66.208251953125;-0.027587890625;-0.23828125;1.034423828125;;;;;;;;;;;;;;;
66.21160888671875;0.0859375;0.283203125;1.22998046875;;;;;;;;;;;;;;;
66.21493530273438;-0.143798828125;0.077392578125;0.92822265625;;;;;;;;;;;;;;;
66.21835327148438;-0.082763671875;0.1552734375;0.923095703125;;;;;;;;;;;;;;;
66.22174072265625;-0.0322265625;0.0380859375;1.01513671875;;;;;;;;;;;;;;;
66.22518920898438;0.03271484375;-0.18017578125;1.077392578125;;;;;;;;;;;;;;;
66.22854614257812;-0.05859375;0.333251953125;1.09423828125;;;;;;;;;;;;;;;
66.23196411132812;-0.09619140625;-0.195556640625;0.8369140625;;;;;;;;;;;;;;;
66.23544311523438;0.2197265625;0.39892578125;1.07568359375;;;;;;;;;;;;;;;
66.23883056640625;-0.267333984375;0.108154296875;1.021240234375;;;;;;;;;;;;;;;
66.24221801757812;0.091796875;0.01513671875;1.1103515625;;;;;;;;;;;;;;;
66.24566650390625;-0.255615234375;-0.076171875;1.052978515625;;;;;;;;;;;;;;;
66.24908447265625;0.06884765625;-0.3251953125;0.865966796875;;;;;;;;;;;;;;;
66.25250244140625;0.015380859375;0.379638671875;0.960205078125;;;;;;;;;;;;;;;
66.25592041015625;-0.078369140625;-0.087158203125;0.92578125;;;;;;;;;;;;;;;
66.25930786132812;0.10546875;0.384033203125;1.308349609375;;;;;;;;;;;;;;;
66.26275634765625;-0.18359375;-0.06787109375;1.036376953125;;;;;;;;;;;;;;;
66.26614379882812;0.040771484375;0.033203125;0.92041015625;;;;;;;;;;;;;;;
66.26956176757812;-0.0966796875;0.051513671875;0.855224609375;;;;;;;;;;;;;;;
66.27301025390625;0.134033203125;-0.040283203125;0.965576171875;;;;;;;;;;;;;;;
66.27639770507812;0.075439453125;0.245849609375;1.186767578125;;;;;;;;;;;;;;;
66.27978515625;-0.05517578125;-0.10302734375;0.990478515625;;;;;;;;;;;;;;;
66.283203125;-0.08984375;0.298828125;1.02734375;;;;;;;;;;;;;;;
66.28662109375;-0.329833984375;-0.069580078125;0.868896484375;;;;;;;;;;;;;;;
66.2900390625;0.15869140625;-0.017578125;1.154296875;;;;;;;;;;;;;;;
66.29339599609375;-0.02685546875;-0.02392578125;1.127197265625;;;;;;;;;;;;;;;
66.29684448242188;0.12841796875;0.20947265625;1.03076171875;;;;;;;;;;;;;;;
66.30020141601562;-0.061279296875;0.336181640625;0.92529296875;;;;;;;;;;;;;;;
66.30355834960938;-0.00341796875;-0.062744140625;0.730224609375;;;;;;;;;;;;;;;
66.306884765625;0.19189453125;0.189453125;1.213623046875;;;;;;;;;;;;;;;
66.310302734375;-0.0185546875;0.050048828125;1.082275390625;;;;;;;;;;;;;;;
66.31365966796875;0.073486328125;0.0595703125;1.10986328125;;;;;;;;;;;;;;;
66.31707763671875;-0.27685546875;0.015869140625;0.853515625;;;;;;;;;;;;;;;
66.32049560546875;0.08837890625;0.005859375;0.8701171875;;;;;;;;;;;;;;;
66.32382202148438;-0.029296875;0.2041015625;1.089599609375;;;;;;;;;;;;;;;
66.32717895507812;-0.01904296875;-0.16455078125;1.036376953125;;;;;;;;;;;;;;;
66.33050537109375;-0.1044921875;0.2841796875;1.20751953125;;;;;;;;;;;;;;;
66.3338623046875;-0.284423828125;-0.07275390625;0.84716796875;;;;;;;;;;;;;;;
66.3372802734375;0.15087890625;0.206787109375;1.013671875;;;;;;;;;;;;;;;
66.34072875976562;-0.15283203125;0.1083984375;0.921875;;;;;;;;;;;;;;;
66.34414672851562;0.150146484375;0.040283203125;1.13037109375;;;;;;;;;;;;;;;
66.34750366210938;-0.1943359375;0.088134765625;1.066650390625;;;;;;;;;;;;;;;
66.35086059570312;-0.033203125;-0.22021484375;0.8515625;;;;;;;;;;;;;;;
66.35421752929688;-0.029052734375;0.270751953125;1.091552734375;;;;;;;;;;;;;;;
66.35757446289062;-0.361572265625;0.00732421875;0.8857421875;;;;;;;;;;;;;;;
66.36102294921875;0.471435546875;0.09130859375;1.327880859375;;;;;;;;;;;;;;;
66.36441040039062;-0.231689453125;0.12451171875;0.9921875;;;;;;;;;;;;;;;
66.36773681640625;0.191162109375;-0.00390625;0.93408203125;;;;;;;;;;;;;;;
66.37106323242188;-0.2060546875;0.280517578125;0.843505859375;;;;;;;;;;;;;;;
66.37445068359375;-0.218505859375;-0.151611328125;0.8583984375;;;;;;;;;;;;;;;
66.37783813476562;0.2177734375;0.19873046875;1.302001953125;;;;;;;;;;;;;;;
66.38125610351562;-0.321044921875;-0.17626953125;0.97705078125;;;;;;;;;;;;;;;
66.38473510742188;0.199462890625;0.1689453125;0.996337890625;;;;;;;;;;;;;;;
66.3880615234375;-0.3115234375;0.119873046875;0.782958984375;;;;;;;;;;;;;;;
66.39141845703125;0.216552734375;0.236328125;1.0068359375;;;;;;;;;;;;;;;
66.39480590820312;-0.06201171875;0.0888671875;1.11474609375;;;;;;;;;;;;;;;
66.39816284179688;0.080322265625;-0.140869140625;1.09375;;;;;;;;;;;;;;;
66.40155029296875;-0.265380859375;0.139404296875;1.07666015625;;;;;;;;;;;;;;;
66.40487670898438;-0.53662109375;-0.116943359375;0.743896484375;;;;;;;;;;;;;;;
66.40829467773438;0.486083984375;0.0302734375;1.18408203125;;;;;;;;;;;;;;;
66.41162109375;0.004638671875;0.014892578125;1.068115234375;;;;;;;;;;;;;;;
66.41506958007812;0.343505859375;0.427001953125;1.1162109375;;;;;;;;;;;;;;;
66.41848754882812;-0.366943359375;0.27001953125;0.864501953125;;;;;;;;;;;;;;;
66.42184448242188;0.03369140625;0.0703125;0.779296875;;;;;;;;;;;;;;;
66.42529296875;-0.074462890625;0.0087890625;1.159912109375;;;;;;;;;;;;;;;
66.42864990234375;-0.194580078125;-0.1708984375;1.07177734375;;;;;;;;;;;;;;;
66.43209838867188;0.065185546875;0.02880859375;1.153076171875;;;;;;;;;;;;;;;
66.43545532226562;-0.203857421875;0.081298828125;0.851318359375;;;;;;;;;;;;;;;
66.43881225585938;0.114013671875;0.2177734375;0.92431640625;;;;;;;;;;;;;;;
66.44216918945312;-0.20068359375;0.203857421875;1.037353515625;;;;;;;;;;;;;;;
66.44561767578125;0.094482421875;-0.030517578125;1.086181640625;;;;;;;;;;;;;;;
66.448974609375;-0.1884765625;0.267822265625;1.16748046875;;;;;;;;;;;;;;;
66.45242309570312;-0.11474609375;-0.2119140625;0.876953125;;;;;;;;;;;;;;;
66.45578002929688;0.023681640625;0.153564453125;1.044189453125;;;;;;;;;;;;;;;
66.45913696289062;-0.163818359375;0.0087890625;0.884033203125;;;;;;;;;;;;;;;
66.46249389648438;0.090576171875;0.2724609375;1.114990234375;;;;;;;;;;;;;;;
66.46585083007812;-0.191162109375;0.098388671875;1.06103515625;;;;;;;;;;;;;;;
66.46914672851562;0.044921875;-0.113037109375;0.930419921875;;;;;;;;;;;;;;;
66.47262573242188;-0.196044921875;0.165771484375;1.032470703125;;;;;;;;;;;;;;;
66.47598266601562;-0.17919921875;-0.072998046875;0.94970703125;;;;;;;;;;;;;;;
66.4793701171875;0.027587890625;0.073486328125;1.28857421875;;;;;;;;;;;;;;;
66.4827880859375;-0.195556640625;-0.00634765625;0.993896484375;;;;;;;;;;;;;;;
66.48611450195312;0.144775390625;0.41552734375;0.986572265625;;;;;;;;;;;;;;;
66.489501953125;-0.203857421875;0.2333984375;0.802734375;;;;;;;;;;;;;;;
66.49285888671875;-0.014892578125;0.02392578125;0.9541015625;;;;;;;;;;;;;;;
66.49624633789062;-0.020751953125;-0.01416015625;1.217529296875;;;;;;;;;;;;;;;
66.49957275390625;-0.079833984375;-0.21337890625;1.081787109375;;;;;;;;;;;;;;;
66.5029296875;0.123779296875;0.14599609375;1.069091796875;;;;;;;;;;;;;;;
66.50640869140625;-0.1591796875;0.060791015625;0.79736328125;;;;;;;;;;;;;;;
66.509765625;0.009765625;0.462890625;1.060546875;;;;;;;;;;;;;;;
66.51321411132812;0.0458984375;0.03662109375;1.1025390625;;;;;;;;;;;;;;;
66.51675415039062;-0.013916015625;-0.156494140625;1.145263671875;;;;;;;;;;;;;;;
66.52008056640625;-0.210693359375;0.06005859375;0.94677734375;;;;;;;;;;;;;;;
66.5234375;-0.252685546875;-0.11083984375;0.804931640625;;;;;;;;;;;;;;;
66.52691650390625;0.1298828125;0.10546875;1.1708984375;;;;;;;;;;;;;;;
66.53024291992188;-0.026123046875;0.06396484375;1.042724609375;;;;;;;;;;;;;;;
66.53359985351562;0.115234375;0.407470703125;1.15283203125;;;;;;;;;;;;;;;
66.53704833984375;-0.225341796875;0.2275390625;0.847412109375;;;;;;;;;;;;;;;
66.5404052734375;0.006103515625;0.08203125;0.921875;;;;;;;;;;;;;;;
66.54376220703125;-0.072021484375;-0.025634765625;1.109130859375;;;;;;;;;;;;;;;
66.54721069335938;-0.0703125;-0.26171875;1.042724609375;;;;;;;;;;;;;;;
66.550537109375;0.154541015625;0.08447265625;1.2529296875;;;;;;;;;;;;;;;
66.55401611328125;-0.2080078125;-0.004638671875;0.80078125;;;;;;;;;;;;;;;
66.55743408203125;0.133544921875;0.341796875;0.989501953125;;;;;;;;;;;;;;;
66.56076049804688;-0.3056640625;0.170654296875;0.97705078125;;;;;;;;;;;;;;;
66.56414794921875;0.067138671875;0.14599609375;1.102294921875;;;;;;;;;;;;;;;
66.5675048828125;-0.03955078125;0.15869140625;1.1337890625;;;;;;;;;;;;;;;
66.5709228515625;0.09619140625;-0.19482421875;0.80859375;;;;;;;;;;;;;;;
66.57431030273438;0.31103515625;0.16552734375;1.093994140625;;;;;;;;;;;;;;;
66.57769775390625;-0.1787109375;0.147705078125;0.881591796875;;;;;;;;;;;;;;;
66.58108520507812;-0.029296875;0.227783203125;1.189208984375;;;;;;;;;;;;;;;
66.58444213867188;-0.322021484375;-0.046142578125;0.9658203125;;;;;;;;;;;;;;;
66.58786010742188;0.24169921875;-0.05126953125;0.99609375;;;;;;;;;;;;;;;
66.59133911132812;-0.089599609375;0.08740234375;0.94873046875;;;;;;;;;;;;;;;
66.59466552734375;0.0009765625;0.15771484375;0.903564453125;;;;;;;;;;;;;;;
66.5980224609375;0.308837890625;0.140625;1.3623046875;;;;;;;;;;;;;;;
66.60140991210938;-0.312255859375;-0.0595703125;0.96142578125;;;;;;;;;;;;;;;
66.60479736328125;0.1416015625;0.164306640625;1.048095703125;;;;;;;;;;;;;;;
66.60818481445312;-0.236083984375;0.08544921875;0.738525390625;;;;;;;;;;;;;;;
66.611572265625;0.16845703125;0.208984375;0.934326171875;;;;;;;;;;;;;;;
66.61495971679688;0.1962890625;-0.026123046875;1.20166015625;;;;;;;;;;;;;;;
66.61837768554688;-0.090576171875;-0.08154296875;1.041259765625;;;;;;;;;;;;;;;
66.62176513671875;0.103759765625;0.21533203125;1.12646484375;;;;;;;;;;;;;;;
66.62521362304688;-0.30078125;-0.061279296875;0.7822265625;;;;;;;;;;;;;;;
66.62860107421875;0.03564453125;0.39501953125;1.062744140625;;;;;;;;;;;;;;;
66.63198852539062;-0.15185546875;-0.185791015625;1.013916015625;;;;;;;;;;;;;;;
66.63534545898438;0.0986328125;0.3408203125;1.152587890625;;;;;;;;;;;;;;;
66.63876342773438;-0.166748046875;-0.025634765625;0.907958984375;;;;;;;;;;;;;;;
66.64218139648438;0.029052734375;0.177978515625;0.758544921875;;;;;;;;;;;;;;;
66.6455078125;0.298583984375;0.200439453125;1.22900390625;;;;;;;;;;;;;;;
66.64889526367188;-0.34033203125;0.01318359375;1.00048828125;;;;;;;;;;;;;;;
66.6522216796875;0.0498046875;0.266357421875;1.216064453125;;;;;;;;;;;;;;;
66.6556396484375;-0.333740234375;0.07177734375;0.803466796875;;;;;;;;;;;;;;;
66.6590576171875;0.152099609375;0.298828125;0.97998046875;;;;;;;;;;;;;;;
66.6624755859375;-0.036376953125;-0.032470703125;1.0625;;;;;;;;;;;;;;;
66.66586303710938;0.082275390625;-0.204345703125;1.02392578125;;;;;;;;;;;;;;;
66.66925048828125;0.224609375;0.16552734375;1.335693359375;;;;;;;;;;;;;;;
66.672607421875;-0.16845703125;-0.031494140625;0.832763671875;;;;;;;;;;;;;;;
66.67599487304688;-0.008544921875;0.5400390625;1.0263671875;;;;;;;;;;;;;;;
66.67935180664062;-0.318115234375;0.054931640625;0.800537109375;;;;;;;;;;;;;;;
66.68276977539062;0.058349609375;0.275390625;1.135986328125;;;;;;;;;;;;;;;
66.68609619140625;-0.183837890625;-0.076904296875;1.0888671875;;;;;;;;;;;;;;;
66.68948364257812;0.275146484375;-0.047607421875;1.031494140625;;;;;;;;;;;;;;;
66.69281005859375;0.287109375;0.228515625;1.06982421875;;;;;;;;;;;;;;;
66.69625854492188;-0.1328125;0.164306640625;0.898193359375;;;;;;;;;;;;;;;
66.69961547851562;-0.15771484375;0.298583984375;1.2197265625;;;;;;;;;;;;;;;
66.70297241210938;-0.227294921875;-0.267822265625;0.970703125;;;;;;;;;;;;;;;
66.70632934570312;0.030029296875;0.2119140625;1.0390625;;;;;;;;;;;;;;;
66.70965576171875;-0.324951171875;-0.00341796875;0.8994140625;;;;;;;;;;;;;;;
66.71307373046875;-0.0302734375;0.239990234375;0.9111328125;;;;;;;;;;;;;;;
66.716552734375;0.16845703125;0.078125;1.224853515625;;;;;;;;;;;;;;;
66.71990966796875;-0.003662109375;-0.044677734375;1.0322265625;;;;;;;;;;;;;;;
66.72329711914062;-0.063232421875;0.14697265625;1.103515625;;;;;;;;;;;;;;;
66.72665405273438;-0.279541015625;0.0615234375;0.7490234375;;;;;;;;;;;;;;;
66.73007202148438;-0.046142578125;0.335693359375;0.997314453125;;;;;;;;;;;;;;;
66.7335205078125;-0.127685546875;-0.0419921875;1.049560546875;;;;;;;;;;;;;;;
66.73690795898438;0.1103515625;-0.08935546875;1.199951171875;;;;;;;;;;;;;;;
66.74029541015625;-0.254638671875;0.185791015625;1.07958984375;;;;;;;;;;;;;;;
66.74374389648438;-0.1611328125;0.017333984375;0.826171875;;;;;;;;;;;;;;;
66.74710083007812;-0.185302734375;0.400146484375;1.038330078125;;;;;;;;;;;;;;;
66.75045776367188;0.031982421875;-0.295654296875;0.984619140625;;;;;;;;;;;;;;;
66.75393676757812;0.0078125;0.271484375;1.15576171875;;;;;;;;;;;;;;;
66.75729370117188;-0.1630859375;-0.03662109375;0.857421875;;;;;;;;;;;;;;;
66.76065063476562;0.160888671875;0.242431640625;0.8583984375;;;;;;;;;;;;;;;
66.76400756835938;-0.167236328125;0.27490234375;1.044677734375;;;;;;;;;;;;;;;
66.76742553710938;-0.13427734375;-0.0869140625;1.0361328125;;;;;;;;;;;;;;;
66.77081298828125;-0.0322265625;0.11669921875;1.178955078125;;;;;;;;;;;;;;;
66.77432250976562;-0.178466796875;-0.376953125;0.88134765625;;;;;;;;;;;;;;;
66.77780151367188;0.048828125;0.22265625;0.93408203125;;;;;;;;;;;;;;;
66.78118896484375;-0.12646484375;0.12939453125;0.904296875;;;;;;;;;;;;;;;
66.78463745117188;0.160400390625;0.3505859375;1.14599609375;;;;;;;;;;;;;;;
66.78805541992188;-0.147216796875;0.299072265625;1.129638671875;;;;;;;;;;;;;;;
66.79150390625;-0.058837890625;-0.13916015625;0.9580078125;;;;;;;;;;;;;;;
66.79486083984375;-0.267578125;-0.01318359375;0.960693359375;;;;;;;;;;;;;;;
66.79818725585938;-0.10986328125;-0.1826171875;0.82275390625;;;;;;;;;;;;;;;
66.8016357421875;0.02880859375;0.28759765625;1.14501953125;;;;;;;;;;;;;;;
66.80499267578125;-0.06982421875;0.028564453125;1.029296875;;;;;;;;;;;;;;;
66.80838012695312;0.183837890625;0.1689453125;1.150146484375;;;;;;;;;;;;;;;
66.81182861328125;-0.11474609375;0.15966796875;0.98193359375;;;;;;;;;;;;;;;
66.8153076171875;-0.1064453125;0.02099609375;0.9365234375;;;;;;;;;;;;;;;
66.81881713867188;-0.17724609375;0.118896484375;1.103515625;;;;;;;;;;;;;;;
66.8221435546875;-0.0615234375;-0.329833984375;1.013671875;;;;;;;;;;;;;;;
66.82568359375;-0.080078125;0.218994140625;1.072021484375;;;;;;;;;;;;;;;
66.82907104492188;-0.235107421875;0.082275390625;0.752197265625;;;;;;;;;;;;;;;
66.83236694335938;0.15087890625;0.333984375;1.0380859375;;;;;;;;;;;;;;;
66.83572387695312;-0.3916015625;0.159912109375;1.09619140625;;;;;;;;;;;;;;;
66.83908081054688;0.105224609375;-0.177978515625;1.053955078125;;;;;;;;;;;;;;;
66.84246826171875;-0.155029296875;0.074462890625;1.1279296875;;;;;;;;;;;;;;;
66.8458251953125;-0.154296875;-0.106201171875;0.793212890625;;;;;;;;;;;;;;;
66.8492431640625;-0.185546875;0.456787109375;1.03369140625;;;;;;;;;;;;;;;
66.8525390625;-0.315185546875;-0.046875;1.0166015625;;;;;;;;;;;;;;;
66.85595703125;0.096923828125;0.108642578125;1.232177734375;;;;;;;;;;;;;;;
66.85931396484375;-0.20263671875;0.078369140625;1.12890625;;;;;;;;;;;;;;;
66.8626708984375;-0.16162109375;-0.03125;0.834228515625;;;;;;;;;;;;;;;
66.86605834960938;-0.1298828125;0.202880859375;1.00927734375;;;;;;;;;;;;;;;
66.86944580078125;0.034912109375;-0.33251953125;1.0009765625;;;;;;;;;;;;;;;
66.87286376953125;0.01904296875;0.3759765625;1.186767578125;;;;;;;;;;;;;;;
66.876220703125;-0.113525390625;0.017822265625;0.89892578125;;;;;;;;;;;;;;;
66.87960815429688;-0.01220703125;0.302001953125;0.952880859375;;;;;;;;;;;;;;;
66.883056640625;-0.260498046875;0.080322265625;1.048828125;;;;;;;;;;;;;;;
66.88638305664062;-0.245849609375;-0.10400390625;1.044921875;;;;;;;;;;;;;;;
66.88980102539062;-0.02685546875;-0.0673828125;1.23095703125;;;;;;;;;;;;;;;
66.8931884765625;-0.0439453125;-0.190673828125;0.90087890625;;;;;;;;;;;;;;;
66.89654541015625;0.052490234375;0.38330078125;1.00439453125;;;;;;;;;;;;;;;
66.89993286132812;-0.303466796875;0.041259765625;0.857666015625;;;;;;;;;;;;;;;
66.90341186523438;0.21142578125;0.33056640625;1.177978515625;;;;;;;;;;;;;;;
66.90670776367188;-0.09326171875;0.15673828125;1.19775390625;;;;;;;;;;;;;;;
66.9100341796875;-0.1025390625;-0.01708984375;0.932373046875;;;;;;;;;;;;;;;
66.91348266601562;-0.120361328125;-0.1455078125;0.958984375;;;;;;;;;;;;;;;
66.9168701171875;-0.080810546875;-0.22021484375;0.849365234375;;;;;;;;;;;;;;;
66.92031860351562;-0.030029296875;0.206787109375;1.149169921875;;;;;;;;;;;;;;;
66.92364501953125;-0.08984375;-0.123779296875;1.01123046875;;;;;;;;;;;;;;;
66.92706298828125;0.088134765625;0.341064453125;1.2060546875;;;;;;;;;;;;;;;
66.93038940429688;-0.06396484375;0.1328125;0.983154296875;;;;;;;;;;;;;;;
66.93377685546875;-0.22998046875;0.094970703125;0.898193359375;;;;;;;;;;;;;;;
66.937255859375;-0.025390625;-0.1181640625;1.061279296875;;;;;;;;;;;;;;;
66.940673828125;-0.05712890625;-0.27490234375;1.04150390625;;;;;;;;;;;;;;;
66.94406127929688;0.02294921875;0.1787109375;1.112548828125;;;;;;;;;;;;;;;
66.94744873046875;-0.201904296875;-0.04833984375;0.77099609375;;;;;;;;;;;;;;;
66.9508056640625;0.2392578125;0.4189453125;1.03857421875;;;;;;;;;;;;;;;
66.95419311523438;-0.1259765625;0.036865234375;1.077880859375;;;;;;;;;;;;;;;
66.95751953125;-0.006103515625;-0.0068359375;1.189208984375;;;;;;;;;;;;;;;
66.9608154296875;-0.1513671875;-0.10498046875;1.096435546875;;;;;;;;;;;;;;;
66.96417236328125;-0.079345703125;-0.1982421875;0.81787109375;;;;;;;;;;;;;;;
66.96759033203125;-0.054443359375;0.331787109375;0.96826171875;;;;;;;;;;;;;;;
66.97097778320312;-0.155517578125;-0.15869140625;0.943115234375;;;;;;;;;;;;;;;
66.974365234375;0.173583984375;0.208984375;1.278564453125;;;;;;;;;;;;;;;
66.97769165039062;-0.103515625;0.027587890625;1.02099609375;;;;;;;;;;;;;;;
66.98104858398438;-0.00390625;0.12158203125;0.877685546875;;;;;;;;;;;;;;;
66.98443603515625;-0.0302734375;0.156005859375;0.9384765625;;;;;;;;;;;;;;;
66.98776245117188;0.01171875;-0.215087890625;1.010009765625;;;;;;;;;;;;;;;
66.9912109375;0.02099609375;0.1806640625;1.18115234375;;;;;;;;;;;;;;;
66.99459838867188;-0.068115234375;-0.026611328125;0.93505859375;;;;;;;;;;;;;;;
66.99795532226562;-0.040771484375;0.297607421875;1.013671875;;;;;;;;;;;;;;;
67.0013427734375;-0.229248046875;0.05810546875;0.919921875;;;;;;;;;;;;;;;
67.00466918945312;0.0810546875;-0.07763671875;1.125;;;;;;;;;;;;;;;
67.00808715820312;0.03515625;-0.028564453125;1.178466796875;;;;;;;;;;;;;;;
67.011474609375;0.04248046875;0.0341796875;0.9697265625;;;;;;;;;;;;;;;
67.014892578125;-0.066650390625;0.36083984375;0.947998046875;;;;;;;;;;;;;;;
67.018310546875;-0.135498046875;0.044921875;0.780517578125;;;;;;;;;;;;;;;
67.0216064453125;0.175537109375;0.202392578125;1.218994140625;;;;;;;;;;;;;;;
67.02496337890625;-0.092041015625;0.0439453125;1.1181640625;;;;;;;;;;;;;;;
67.02838134765625;0.0693359375;-0.0595703125;1.026611328125;;;;;;;;;;;;;;;
67.03179931640625;-0.122314453125;0.062255859375;0.90673828125;;;;;;;;;;;;;;;
67.03521728515625;-0.007080078125;-0.123046875;0.84765625;;;;;;;;;;;;;;;
67.0386962890625;-0.029541015625;0.2890625;1.1435546875;;;;;;;;;;;;;;;
67.04214477539062;-0.036865234375;-0.188232421875;1.0361328125;;;;;;;;;;;;;;;
67.04556274414062;-0.06396484375;0.298583984375;1.202880859375;;;;;;;;;;;;;;;
67.04891967773438;-0.291748046875;-0.029541015625;0.89697265625;;;;;;;;;;;;;;;
67.05233764648438;0.0087890625;0.19384765625;0.95751953125;;;;;;;;;;;;;;;
67.05581665039062;-0.114990234375;0.025146484375;0.97802734375;;;;;;;;;;;;;;;
67.0592041015625;0.1630859375;-0.122802734375;1.078125;;;;;;;;;;;;;;;
67.06256103515625;-0.183349609375;0.214111328125;1.108642578125;;;;;;;;;;;;;;;
67.06600952148438;-0.135498046875;-0.127197265625;0.81689453125;;;;;;;;;;;;;;;
67.06939697265625;-0.147705078125;0.33544921875;1.097900390625;;;;;;;;;;;;;;;
67.07281494140625;-0.431884765625;-0.080078125;0.9736328125;;;;;;;;;;;;;;;
67.07620239257812;0.22021484375;0.04345703125;1.2451171875;;;;;;;;;;;;;;;
67.07958984375;-0.162841796875;0.12744140625;1.050537109375;;;;;;;;;;;;;;;
67.08297729492188;0.095458984375;0.143310546875;0.87255859375;;;;;;;;;;;;;;;
67.08636474609375;-0.225830078125;0.364501953125;0.912841796875;;;;;;;;;;;;;;;
67.08975219726562;-0.363525390625;-0.258056640625;0.877197265625;;;;;;;;;;;;;;;
67.09320068359375;0.15625;0.15185546875;1.285400390625;;;;;;;;;;;;;;;
67.09661865234375;-0.27490234375;-0.12890625;1.00146484375;;;;;;;;;;;;;;;
67.10003662109375;-0.019775390625;0.21826171875;0.909912109375;;;;;;;;;;;;;;;
67.10345458984375;-0.222412109375;0.25;0.85009765625;;;;;;;;;;;;;;;
67.1068115234375;0.125732421875;0.04541015625;1.030029296875;;;;;;;;;;;;;;;
67.11019897460938;-0.12841796875;0.109619140625;1.171630859375;;;;;;;;;;;;;;;
67.11361694335938;0.010498046875;-0.20361328125;1.00634765625;;;;;;;;;;;;;;;
67.11700439453125;-0.172119140625;0.223876953125;1.002197265625;;;;;;;;;;;;;;;
67.120361328125;-0.592529296875;-0.059326171875;0.816162109375;;;;;;;;;;;;;;;
67.12380981445312;0.284912109375;0.035400390625;1.15283203125;;;;;;;;;;;;;;;
67.12716674804688;-0.017333984375;0.029541015625;1.010498046875;;;;;;;;;;;;;;;
67.1304931640625;0.27099609375;0.256103515625;1.03759765625;;;;;;;;;;;;;;;
67.13381958007812;-0.311767578125;0.29736328125;0.903564453125;;;;;;;;;;;;;;;
67.13723754882812;0.0068359375;-0.058349609375;0.7333984375;;;;;;;;;;;;;;;
67.14059448242188;0.163330078125;0.13720703125;1.188232421875;;;;;;;;;;;;;;;
67.14395141601562;-0.217529296875;-0.067626953125;1.067626953125;;;;;;;;;;;;;;;
67.14736938476562;0.111083984375;0.020263671875;1.078125;;;;;;;;;;;;;;;
67.1507568359375;-0.237060546875;0.111083984375;0.853759765625;;;;;;;;;;;;;;;
67.15420532226562;0.113037109375;0.117431640625;0.89599609375;;;;;;;;;;;;;;;
67.15753173828125;-0.19384765625;0.257080078125;1.104736328125;;;;;;;;;;;;;;;
67.16085815429688;0.013671875;-0.154052734375;1.06689453125;;;;;;;;;;;;;;;
67.16427612304688;-0.169189453125;0.33544921875;1.1767578125;;;;;;;;;;;;;;;
67.16763305664062;-0.165283203125;-0.19091796875;0.86572265625;;;;;;;;;;;;;;;
67.1710205078125;0.065673828125;0.17138671875;1.025390625;;;;;;;;;;;;;;;
67.1744384765625;-0.100830078125;-0.052001953125;0.91455078125;;;;;;;;;;;;;;;
67.1778564453125;0.1865234375;0.1982421875;1.116455078125;;;;;;;;;;;;;;;
67.1812744140625;-0.221923828125;0.1708984375;1.05224609375;;;;;;;;;;;;;;;
67.18466186523438;0.009765625;-0.111328125;0.88525390625;;;;;;;;;;;;;;;
67.1881103515625;-0.135498046875;0.312744140625;1.05224609375;;;;;;;;;;;;;;;
67.19149780273438;-0.2412109375;-0.16015625;0.978271484375;;;;;;;;;;;;;;;
67.19488525390625;0.102294921875;0.03125;1.28955078125;;;;;;;;;;;;;;;
67.19827270507812;-0.078369140625;-0.017822265625;0.993896484375;;;;;;;;;;;;;;;
67.20172119140625;0.1494140625;0.396240234375;0.912353515625;;;;;;;;;;;;;;;
67.20510864257812;-0.20458984375;0.2451171875;0.8251953125;;;;;;;;;;;;;;;
67.20846557617188;0.09326171875;-0.006591796875;0.95166015625;;;;;;;;;;;;;;;
67.21185302734375;-0.0546875;0.08154296875;1.258544921875;;;;;;;;;;;;;;;
67.21533203125;-0.05322265625;-0.110107421875;1.046142578125;;;;;;;;;;;;;;;
67.21868896484375;-0.108642578125;0.149658203125;1.041748046875;;;;;;;;;;;;;;;
67.22213745117188;-0.19140625;0.104736328125;0.808837890625;;;;;;;;;;;;;;;
67.22549438476562;0.052978515625;0.261474609375;1.037353515625;;;;;;;;;;;;;;;
67.22891235351562;0.015869140625;0.06884765625;1.136962890625;;;;;;;;;;;;;;;
67.2322998046875;0.015380859375;-0.042724609375;1.06494140625;;;;;;;;;;;;;;;
67.23562622070312;-0.201416015625;0.136962890625;1.001953125;;;;;;;;;;;;;;;
67.23907470703125;-0.271240234375;-0.01904296875;0.8388671875;;;;;;;;;;;;;;;
67.24240112304688;0.085693359375;0.27197265625;1.205078125;;;;;;;;;;;;;;;
67.24581909179688;-0.00439453125;0.0146484375;1.07080078125;;;;;;;;;;;;;;;
67.24923706054688;0.034423828125;0.322021484375;1.0791015625;;;;;;;;;;;;;;;
67.25262451171875;-0.158935546875;0.063720703125;0.859375;;;;;;;;;;;;;;;
67.2559814453125;0.00341796875;-0.04345703125;0.900634765625;;;;;;;;;;;;;;;
67.25927734375;-0.031005859375;0.104736328125;1.18896484375;;;;;;;;;;;;;;;
67.26263427734375;-0.1884765625;-0.156982421875;1.053955078125;;;;;;;;;;;;;;;
67.26596069335938;-0.02880859375;0.11767578125;1.25732421875;;;;;;;;;;;;;;;
67.26934814453125;-0.21533203125;0.0361328125;0.844482421875;;;;;;;;;;;;;;;
67.27276611328125;0.095458984375;0.309814453125;0.941162109375;;;;;;;;;;;;;;;
67.27618408203125;-0.178955078125;0.215087890625;0.873291015625;;;;;;;;;;;;;;;
67.279541015625;0.0;-0.097900390625;1.072998046875;;;;;;;;;;;;;;;
67.28292846679688;-0.131103515625;0.146728515625;1.167236328125;;;;;;;;;;;;;;;
67.28631591796875;0.00732421875;-0.256103515625;0.760986328125;;;;;;;;;;;;;;;
67.28970336914062;0.357421875;0.241455078125;1.06103515625;;;;;;;;;;;;;;;
67.2930908203125;-0.129638671875;0.123291015625;0.91796875;;;;;;;;;;;;;;;
67.29641723632812;0.0341796875;0.304931640625;1.16015625;;;;;;;;;;;;;;;
67.2998046875;-0.279541015625;-0.0078125;1.016357421875;;;;;;;;;;;;;;;
67.30316162109375;0.15380859375;-0.126953125;0.921142578125;;;;;;;;;;;;;;;
67.30654907226562;-0.038330078125;0.089599609375;1.02587890625;;;;;;;;;;;;;;;
67.3099365234375;-0.161865234375;0.060302734375;0.866455078125;;;;;;;;;;;;;;;
67.31341552734375;0.43310546875;0.123291015625;1.367431640625;;;;;;;;;;;;;;;
67.31689453125;-0.240234375;0.061767578125;0.965087890625;;;;;;;;;;;;;;;
67.32028198242188;0.204833984375;0.287109375;0.989990234375;;;;;;;;;;;;;;;
67.32363891601562;-0.220947265625;0.160400390625;0.7568359375;;;;;;;;;;;;;;;
67.32705688476562;0.18896484375;0.021484375;0.923828125;;;;;;;;;;;;;;;
67.3304443359375;0.21240234375;0.0;1.24755859375;;;;;;;;;;;;;;;
67.33389282226562;-0.265380859375;-0.125244140625;1.00927734375;;;;;;;;;;;;;;;
67.33721923828125;0.1318359375;0.181640625;1.054931640625;;;;;;;;;;;;;;;
67.34063720703125;-0.24169921875;0.02197265625;0.79052734375;;;;;;;;;;;;;;;
67.34396362304688;0.093017578125;0.32373046875;1.07958984375;;;;;;;;;;;;;;;
67.34732055664062;-0.1259765625;-0.122314453125;1.050048828125;;;;;;;;;;;;;;;
67.35067749023438;0.107666015625;0.163818359375;1.154541015625;;;;;;;;;;;;;;;
67.35403442382812;-0.146728515625;0.082275390625;0.91943359375;;;;;;;;;;;;;;;
67.357421875;0.173828125;0.09130859375;0.746826171875;;;;;;;;;;;;;;;
67.36077880859375;0.407470703125;0.22998046875;1.21630859375;;;;;;;;;;;;;;;
67.3641357421875;-0.1611328125;0.143798828125;1.035400390625;;;;;;;;;;;;;;;
67.36752319335938;0.12841796875;0.265625;1.169677734375;;;;;;;;;;;;;;;
67.37094116210938;-0.418212890625;-0.20947265625;0.788818359375;;;;;;;;;;;;;;;
67.374267578125;0.320556640625;0.02880859375;0.966552734375;;;;;;;;;;;;;;;
67.37774658203125;0.22412109375;0.0576171875;1.1240234375;;;;;;;;;;;;;;;
67.38107299804688;-0.19677734375;0.09375;1.01123046875;;;;;;;;;;;;;;;
67.38449096679688;0.16162109375;0.168212890625;1.2919921875;;;;;;;;;;;;;;;
67.3878173828125;-0.277099609375;0.009521484375;0.82763671875;;;;;;;;;;;;;;;
67.39120483398438;0.149658203125;0.5185546875;0.983154296875;;;;;;;;;;;;;;;
67.3946533203125;-0.22509765625;0.0751953125;0.83203125;;;;;;;;;;;;;;;
67.39804077148438;0.1220703125;0.12158203125;1.103515625;;;;;;;;;;;;;;;
67.40142822265625;-0.047119140625;0.082763671875;1.123046875;;;;;;;;;;;;;;;
67.40481567382812;0.038818359375;-0.1279296875;0.987548828125;;;;;;;;;;;;;;;
67.40829467773438;0.01416015625;0.178955078125;1.024169921875;;;;;;;;;;;;;;;
67.41171264648438;-0.083740234375;0.17041015625;0.914794921875;;;;;;;;;;;;;;;
67.4150390625;-0.065673828125;0.268310546875;1.2109375;;;;;;;;;;;;;;;
67.41848754882812;-0.24951171875;-0.08251953125;0.976318359375;;;;;;;;;;;;;;;
67.42193603515625;0.1123046875;0.00341796875;1.0166015625;;;;;;;;;;;;;;;
67.42526245117188;-0.251708984375;0.0869140625;0.952880859375;;;;;;;;;;;;;;;
67.4285888671875;-0.071533203125;0.09130859375;0.924560546875;;;;;;;;;;;;;;;
67.43203735351562;0.05224609375;0.094970703125;1.230712890625;;;;;;;;;;;;;;;
67.43539428710938;0.01123046875;-0.031494140625;1.00439453125;;;;;;;;;;;;;;;
67.4388427734375;0.019775390625;0.161865234375;1.0576171875;;;;;;;;;;;;;;;
67.44216918945312;-0.25390625;0.109619140625;0.774658203125;;;;;;;;;;;;;;;
67.445556640625;0.009521484375;0.17333984375;1.005615234375;;;;;;;;;;;;;;;
67.448974609375;-0.05859375;0.088623046875;1.114990234375;;;;;;;;;;;;;;;
67.45233154296875;0.070068359375;-0.110595703125;1.15966796875;;;;;;;;;;;;;;;
67.45571899414062;-0.251953125;0.2080078125;1.06787109375;;;;;;;;;;;;;;;
67.45913696289062;-0.12841796875;-0.082275390625;0.831787109375;;;;;;;;;;;;;;;
67.4625244140625;-0.14306640625;0.3828125;1.04248046875;;;;;;;;;;;;;;;
67.46591186523438;-0.00732421875;-0.124267578125;1.02685546875;;;;;;;;;;;;;;;
67.46926879882812;0.04150390625;0.29443359375;1.151611328125;;;;;;;;;;;;;;;
67.47265625;-0.182861328125;0.080322265625;0.89111328125;;;;;;;;;;;;;;;
67.47601318359375;0.11572265625;0.101806640625;0.843017578125;;;;;;;;;;;;;;;
67.47940063476562;-0.10107421875;0.23291015625;1.07763671875;;;;;;;;;;;;;;;
67.4827880859375;-0.005859375;-0.10791015625;1.059814453125;;;;;;;;;;;;;;;
67.48623657226562;-0.107421875;0.262451171875;1.161865234375;;;;;;;;;;;;;;;
67.48965454101562;-0.206298828125;-0.265625;0.85400390625;;;;;;;;;;;;;;;
67.49310302734375;0.015625;0.215087890625;0.949951171875;;;;;;;;;;;;;;;
67.49658203125;-0.139404296875;0.12646484375;1.007568359375;;;;;;;;;;;;;;;
67.49996948242188;0.0439453125;0.198974609375;1.10693359375;;;;;;;;;;;;;;;
67.50344848632812;-0.1259765625;0.218994140625;1.16357421875;;;;;;;;;;;;;;;
67.5068359375;-0.130615234375;-0.13427734375;0.86962890625;;;;;;;;;;;;;;;
67.51025390625;-0.052978515625;0.1455078125;0.979248046875;;;;;;;;;;;;;;;
67.513671875;-0.1025390625;0.034423828125;0.835205078125;;;;;;;;;;;;;;;
67.51705932617188;0.156494140625;0.2705078125;1.144775390625;;;;;;;;;;;;;;;
67.5203857421875;-0.121337890625;0.12255859375;1.060302734375;;;;;;;;;;;;;;;
67.5238037109375;0.13525390625;0.0166015625;1.052001953125;;;;;;;;;;;;;;;
67.52725219726562;-0.07373046875;0.187744140625;1.014404296875;;;;;;;;;;;;;;;
67.53060913085938;-0.15234375;-0.012939453125;0.888916015625;;;;;;;;;;;;;;;
67.5340576171875;0.013427734375;0.14404296875;1.16845703125;;;;;;;;;;;;;;;
67.53738403320312;-0.1669921875;-0.176025390625;0.97314453125;;;;;;;;;;;;;;;
67.540771484375;0.129150390625;0.166748046875;1.06787109375;;;;;;;;;;;;;;;
67.54409790039062;-0.241943359375;0.220703125;0.7626953125;;;;;;;;;;;;;;;
67.54745483398438;0.14990234375;0.22802734375;0.95361328125;;;;;;;;;;;;;;;
67.5509033203125;0.11865234375;0.12158203125;1.258544921875;;;;;;;;;;;;;;;
67.55426025390625;-0.227783203125;-0.234130859375;1.037841796875;;;;;;;;;;;;;;;
67.55780029296875;-0.07763671875;0.0927734375;1.09814453125;;;;;;;;;;;;;;;
67.56118774414062;-0.23046875;0.02001953125;0.739013671875;;;;;;;;;;;;;;;
67.5645751953125;0.01123046875;0.485595703125;0.99560546875;;;;;;;;;;;;;;;
67.56790161132812;-0.04638671875;-0.0185546875;1.06689453125;;;;;;;;;;;;;;;
67.57125854492188;0.034912109375;0.02197265625;1.188720703125;;;;;;;;;;;;;;;
67.57470703125;-0.056884765625;0.08740234375;1.1103515625;;;;;;;;;;;;;;;
67.57809448242188;-0.211669921875;-0.052001953125;0.806884765625;;;;;;;;;;;;;;;
67.5814208984375;-0.015625;0.201171875;1.04296875;;;;;;;;;;;;;;;
67.5848388671875;0.0263671875;-0.249755859375;0.967041015625;;;;;;;;;;;;;;;
67.58816528320312;0.085693359375;0.420166015625;1.213134765625;;;;;;;;;;;;;;;
67.59152221679688;-0.240966796875;0.029296875;0.849365234375;;;;;;;;;;;;;;;
67.59490966796875;0.201904296875;0.28173828125;0.84375;;;;;;;;;;;;;;;
67.59835815429688;0.1513671875;0.130126953125;1.126220703125;;;;;;;;;;;;;;;
67.60174560546875;-0.247802734375;-0.0341796875;1.0458984375;;;;;;;;;;;;;;;
67.60528564453125;-0.177734375;-0.0576171875;1.275634765625;;;;;;;;;;;;;;;
67.60867309570312;-0.30908203125;-0.2744140625;0.812744140625;;;;;;;;;;;;;;;
67.61209106445312;0.131103515625;0.32568359375;1.0;;;;;;;;;;;;;;;
67.615478515625;-0.27587890625;0.034423828125;0.904296875;;;;;;;;;;;;;;;
67.6187744140625;0.2119140625;0.3798828125;1.139404296875;;;;;;;;;;;;;;;
67.6221923828125;0.057861328125;0.190673828125;1.231689453125;;;;;;;;;;;;;;;
67.62548828125;-0.1953125;-0.02734375;0.89501953125;;;;;;;;;;;;;;;
67.62881469726562;-0.0947265625;-0.125732421875;0.998779296875;;;;;;;;;;;;;;;
67.6322021484375;-0.108642578125;-0.171142578125;0.831298828125;;;;;;;;;;;;;;;
67.6356201171875;-0.033447265625;0.262451171875;1.18017578125;;;;;;;;;;;;;;;
67.63897705078125;-0.13623046875;-0.10791015625;1.020751953125;;;;;;;;;;;;;;;
67.64236450195312;0.119873046875;0.2333984375;1.155029296875;;;;;;;;;;;;;;;
67.64572143554688;0.031005859375;0.127197265625;0.999267578125;;;;;;;;;;;;;;;
67.64913940429688;-0.17333984375;0.14990234375;0.9072265625;;;;;;;;;;;;;;;
67.65249633789062;-0.044677734375;-0.04345703125;1.11962890625;;;;;;;;;;;;;;;
67.65591430664062;-0.112548828125;-0.26953125;0.987060546875;;;;;;;;;;;;;;;
67.65936279296875;0.019287109375;0.2919921875;1.0927734375;;;;;;;;;;;;;;;
67.66275024414062;-0.2392578125;0.0234375;0.763427734375;;;;;;;;;;;;;;;
67.66619873046875;0.1796875;0.3876953125;1.016845703125;;;;;;;;;;;;;;;
67.6695556640625;-0.001953125;0.021240234375;1.15576171875;;;;;;;;;;;;;;;
67.67291259765625;-0.08203125;-0.046630859375;1.1748046875;;;;;;;;;;;;;;;
67.67630004882812;-0.141845703125;-0.09228515625;1.093505859375;;;;;;;;;;;;;;;
67.6796875;-0.078857421875;-0.18701171875;0.793212890625;;;;;;;;;;;;;;;
67.68307495117188;-0.100830078125;0.421630859375;1.010986328125;;;;;;;;;;;;;;;
67.68646240234375;-0.120849609375;-0.066162109375;0.983642578125;;;;;;;;;;;;;;;
67.6898193359375;0.0732421875;0.170654296875;1.271728515625;;;;;;;;;;;;;;;
67.69320678710938;-0.156005859375;0.0244140625;1.005859375;;;;;;;;;;;;;;;
67.69656372070312;-0.098876953125;0.04931640625;0.84375;;;;;;;;;;;;;;;
67.69998168945312;-0.05419921875;0.14306640625;0.982177734375;;;;;;;;;;;;;;;
67.703369140625;0.064208984375;-0.30419921875;1.016357421875;;;;;;;;;;;;;;;
67.70672607421875;-0.048828125;0.290771484375;1.18505859375;;;;;;;;;;;;;;;
67.7100830078125;-0.1357421875;0.001220703125;0.881591796875;;;;;;;;;;;;;;;
67.71353149414062;0.0244140625;0.294189453125;0.940673828125;;;;;;;;;;;;;;;
67.71688842773438;-0.143798828125;0.099365234375;0.99462890625;;;;;;;;;;;;;;;
67.72024536132812;-0.06591796875;-0.08984375;1.1103515625;;;;;;;;;;;;;;;
67.72360229492188;-0.095947265625;-0.048583984375;1.213134765625;;;;;;;;;;;;;;;
67.7269287109375;-0.0693359375;-0.206298828125;0.92626953125;;;;;;;;;;;;;;;
67.73028564453125;-0.087158203125;0.351318359375;0.947021484375;;;;;;;;;;;;;;;
67.733642578125;-0.13720703125;0.031494140625;0.814208984375;;;;;;;;;;;;;;;
67.73715209960938;0.28076171875;0.28759765625;1.21484375;;;;;;;;;;;;;;;
67.74063110351562;-0.13720703125;0.10205078125;1.138916015625;;;;;;;;;;;;;;;
67.74404907226562;0.021728515625;-0.041015625;0.96923828125;;;;;;;;;;;;;;;
67.7474365234375;-0.177978515625;-0.037353515625;0.957763671875;;;;;;;;;;;;;;;
67.75082397460938;-0.031494140625;-0.21728515625;0.83740234375;;;;;;;;;;;;;;;
67.75424194335938;-0.0224609375;0.265625;1.174072265625;;;;;;;;;;;;;;;
67.757568359375;-0.073486328125;-0.135498046875;1.009521484375;;;;;;;;;;;;;;;
67.76095581054688;0.057861328125;0.296142578125;1.203125;;;;;;;;;;;;;;;
67.76431274414062;-0.2900390625;-0.001953125;0.890625;;;;;;;;;;;;;;;
67.76773071289062;0.01513671875;0.162353515625;0.949462890625;;;;;;;;;;;;;;;
67.77114868164062;-0.0673828125;-0.027099609375;1.025390625;;;;;;;;;;;;;;;
67.7745361328125;0.153564453125;-0.207763671875;1.0595703125;;;;;;;;;;;;;;;
67.77786254882812;-0.166748046875;0.220703125;1.080810546875;;;;;;;;;;;;;;;
67.78118896484375;-0.13330078125;0.018798828125;0.773193359375;;;;;;;;;;;;;;;
67.7845458984375;0.158447265625;0.369873046875;1.08203125;;;;;;;;;;;;;;;
67.78790283203125;-0.243896484375;-0.08349609375;1.019287109375;;;;;;;;;;;;;;;
67.7913818359375;0.16748046875;-0.1044921875;1.23828125;;;;;;;;;;;;;;;
67.79473876953125;-0.184814453125;0.04931640625;1.06201171875;;;;;;;;;;;;;;;
67.79812622070312;-0.028564453125;0.069580078125;0.83447265625;;;;;;;;;;;;;;;
67.801513671875;-0.109130859375;0.3740234375;0.9404296875;;;;;;;;;;;;;;;
67.80487060546875;-0.167236328125;-0.156982421875;0.9404296875;;;;;;;;;;;;;;;
67.80825805664062;0.125244140625;0.292236328125;1.279296875;;;;;;;;;;;;;;;
67.81161499023438;-0.19482421875;-0.006103515625;1.005126953125;;;;;;;;;;;;;;;
67.81503295898438;0.01708984375;0.078369140625;0.909912109375;;;;;;;;;;;;;;;
67.81838989257812;-0.173095703125;0.14453125;0.893310546875;;;;;;;;;;;;;;;
67.82171630859375;0.13232421875;-0.161865234375;1.016357421875;;;;;;;;;;;;;;;
67.82504272460938;-0.03515625;0.24658203125;1.192138671875;;;;;;;;;;;;;;;
67.82833862304688;-0.052490234375;-0.0458984375;0.966796875;;;;;;;;;;;;;;;
67.831787109375;-0.177001953125;0.2783203125;1.032958984375;;;;;;;;;;;;;;;
67.83511352539062;-0.55224609375;-0.015380859375;0.846435546875;;;;;;;;;;;;;;;
67.83847045898438;0.27197265625;-0.0771484375;1.1474609375;;;;;;;;;;;;;;;
67.84188842773438;-0.0556640625;0.064208984375;1.163330078125;;;;;;;;;;;;;;;
67.84527587890625;0.186767578125;0.087646484375;0.98486328125;;;;;;;;;;;;;;;
67.8486328125;-0.223876953125;0.3701171875;0.927001953125;;;;;;;;;;;;;;;
67.85205078125;-0.1064453125;0.022705078125;0.78564453125;;;;;;;;;;;;;;;
67.85546875;0.081298828125;0.09619140625;1.230224609375;;;;;;;;;;;;;;;
67.85891723632812;-0.355712890625;-0.07568359375;1.031005859375;;;;;;;;;;;;;;;
67.86233520507812;0.34326171875;-0.0126953125;1.008544921875;;;;;;;;;;;;;;;
67.86569213867188;-0.231201171875;0.221435546875;0.89453125;;;;;;;;;;;;;;;
67.869140625;0.03564453125;0.04345703125;0.850341796875;;;;;;;;;;;;;;;
67.87249755859375;-0.021484375;0.2607421875;1.122802734375;;;;;;;;;;;;;;;
67.87591552734375;-0.01123046875;-0.253173828125;1.042236328125;;;;;;;;;;;;;;;
67.87930297851562;-0.06640625;0.25732421875;1.174072265625;;;;;;;;;;;;;;;
67.88265991210938;-0.37451171875;-0.123779296875;0.885986328125;;;;;;;;;;;;;;;
67.88604736328125;0.012939453125;0.2509765625;0.971435546875;;;;;;;;;;;;;;;
67.889404296875;-0.110595703125;0.0361328125;0.932861328125;;;;;;;;;;;;;;;
67.892822265625;0.234375;0.0810546875;1.11376953125;;;;;;;;;;;;;;;
67.89620971679688;-0.235595703125;0.156982421875;1.076171875;;;;;;;;;;;;;;;
67.8995361328125;-0.087646484375;-0.1435546875;0.80419921875;;;;;;;;;;;;;;;
67.9029541015625;-0.0185546875;0.264404296875;1.072021484375;;;;;;;;;;;;;;;
67.9063720703125;-0.3251953125;-0.105712890625;0.989990234375;;;;;;;;;;;;;;;
67.90969848632812;0.16748046875;0.052490234375;1.243896484375;;;;;;;;;;;;;;;
67.9130859375;-0.1455078125;-0.009033203125;1.03125;;;;;;;;;;;;;;;
67.91641235351562;0.0703125;0.2939453125;0.8818359375;;;;;;;;;;;;;;;
67.9197998046875;-0.210693359375;0.307861328125;0.8759765625;;;;;;;;;;;;;;;
67.92318725585938;-0.15869140625;-0.093017578125;0.923095703125;;;;;;;;;;;;;;;
67.926513671875;0.01611328125;0.170166015625;1.249267578125;;;;;;;;;;;;;;;
67.92987060546875;-0.072998046875;-0.055908203125;1.0380859375;;;;;;;;;;;;;;;
67.93328857421875;0.06689453125;0.079345703125;0.965087890625;;;;;;;;;;;;;;;
67.93670654296875;-0.155517578125;0.123779296875;0.831787109375;;;;;;;;;;;;;;;
67.94009399414062;0.11328125;0.05517578125;1.034912109375;;;;;;;;;;;;;;;
67.94345092773438;-0.085205078125;0.17724609375;1.178466796875;;;;;;;;;;;;;;;
67.94680786132812;0.03173828125;-0.17236328125;1.01123046875;;;;;;;;;;;;;;;
67.95022583007812;-0.19482421875;0.301025390625;1.00341796875;;;;;;;;;;;;;;;
67.95355224609375;-0.27392578125;-0.03955078125;0.84765625;;;;;;;;;;;;;;;
67.9569091796875;0.10400390625;0.120361328125;1.18359375;;;;;;;;;;;;;;;
67.96035766601562;-0.01318359375;-0.07958984375;1.04443359375;;;;;;;;;;;;;;;
67.9637451171875;0.104736328125;0.25927734375;1.021484375;;;;;;;;;;;;;;;
67.96713256835938;-0.15380859375;0.18896484375;0.8935546875;;;;;;;;;;;;;;;
67.9705810546875;0.020751953125;-0.078369140625;0.866943359375;;;;;;;;;;;;;;;
67.97396850585938;0.001220703125;0.241943359375;1.21484375;;;;;;;;;;;;;;;
67.97747802734375;-0.10400390625;-0.004150390625;1.078857421875;;;;;;;;;;;;;;;
67.98092651367188;-0.08935546875;0.13427734375;1.139892578125;;;;;;;;;;;;;;;
67.98434448242188;-0.215576171875;0.0009765625;0.8291015625;;;;;;;;;;;;;;;
67.9876708984375;0.10498046875;0.181396484375;0.924072265625;;;;;;;;;;;;;;;
67.990966796875;-0.10205078125;0.21240234375;1.077392578125;;;;;;;;;;;;;;;
67.99429321289062;0.078369140625;-0.168212890625;1.081787109375;;;;;;;;;;;;;;;
67.9976806640625;-0.18017578125;0.173828125;1.1884765625;;;;;;;;;;;;;;;
68.00106811523438;-0.125732421875;-0.156494140625;0.817138671875;;;;;;;;;;;;;;;
68.00460815429688;0.154541015625;0.302734375;1.051513671875;;;;;;;;;;;;;;;
68.0079345703125;-0.144775390625;0.114013671875;0.94384765625;;;;;;;;;;;;;;;
68.0113525390625;0.061279296875;0.1806640625;1.12744140625;;;;;;;;;;;;;;;
68.0147705078125;-0.20849609375;0.069580078125;1.04052734375;;;;;;;;;;;;;;;
68.01815795898438;0.074462890625;-0.159423828125;0.895751953125;;;;;;;;;;;;;;;
68.02154541015625;-0.150390625;0.1767578125;1.08203125;;;;;;;;;;;;;;;
68.02493286132812;-0.32373046875;-0.096923828125;0.906982421875;;;;;;;;;;;;;;;
68.02828979492188;0.255859375;0.0693359375;1.31689453125;;;;;;;;;;;;;;;
68.03164672851562;-0.13623046875;0.1044921875;0.987548828125;;;;;;;;;;;;;;;
68.03497314453125;0.1181640625;0.233642578125;0.936767578125;;;;;;;;;;;;;;;
68.03839111328125;-0.25146484375;0.220703125;0.802001953125;;;;;;;;;;;;;;;
68.041748046875;0.170166015625;-0.05029296875;0.938232421875;;;;;;;;;;;;;;;
68.04507446289062;0.015869140625;0.0693359375;1.24609375;;;;;;;;;;;;;;;
68.04840087890625;-0.162353515625;-0.171142578125;1.033447265625;;;;;;;;;;;;;;;
68.05178833007812;-0.015380859375;0.1533203125;1.02783203125;;;;;;;;;;;;;;;
68.05520629882812;-0.240234375;0.072265625;0.802001953125;;;;;;;;;;;;;;;
68.05853271484375;0.091552734375;0.1357421875;1.073486328125;;;;;;;;;;;;;;;
68.06198120117188;-0.07861328125;0.051025390625;1.1357421875;;;;;;;;;;;;;;;
68.06527709960938;0.03173828125;0.03271484375;1.095703125;;;;;;;;;;;;;;;
68.06869506835938;-0.223876953125;0.176025390625;0.9296875;;;;;;;;;;;;;;;
68.07205200195312;-0.3740234375;-0.01318359375;0.769287109375;;;;;;;;;;;;;;;
68.07540893554688;0.3408203125;0.196044921875;1.203857421875;;;;;;;;;;;;;;;
68.07879638671875;-0.041015625;0.0908203125;1.041015625;;;;;;;;;;;;;;;
68.08218383789062;0.216552734375;0.15576171875;1.12255859375;;;;;;;;;;;;;;;
68.08560180664062;-0.36279296875;-0.016357421875;0.82666015625;;;;;;;;;;;;;;;
68.08905029296875;0.188720703125;-0.0693359375;0.898193359375;;;;;;;;;;;;;;;
68.09249877929688;0.0341796875;0.1279296875;1.1484375;;;;;;;;;;;;;;;
68.09591674804688;-0.1826171875;-0.197509765625;0.996337890625;;;;;;;;;;;;;;;
68.09927368164062;0.28515625;0.224853515625;1.277099609375;;;;;;;;;;;;;;;
68.10260009765625;-0.2568359375;0.024658203125;0.82666015625;;;;;;;;;;;;;;;
68.10604858398438;0.164306640625;0.3291015625;0.94775390625;;;;;;;;;;;;;;;
68.10946655273438;-0.226806640625;0.12158203125;0.82861328125;;;;;;;;;;;;;;;
68.11285400390625;0.13427734375;-0.019287109375;1.0927734375;;;;;;;;;;;;;;;
68.11624145507812;-0.09716796875;0.166259765625;1.133056640625;;;;;;;;;;;;;;;
68.11962890625;-0.015380859375;-0.202880859375;0.810546875;;;;;;;;;;;;;;;
68.12295532226562;0.1552734375;0.211181640625;1.041015625;;;;;;;;;;;;;;;
68.1263427734375;-0.121826171875;0.150634765625;0.89501953125;;;;;;;;;;;;;;;
68.12969970703125;0.087646484375;0.248779296875;1.156494140625;;;;;;;;;;;;;;;
68.13302612304688;-0.271484375;0.0458984375;1.015380859375;;;;;;;;;;;;;;;
68.13638305664062;0.140625;-0.1171875;0.94384765625;;;;;;;;;;;;;;;
68.13970947265625;-0.1435546875;0.145263671875;0.989501953125;;;;;;;;;;;;;;;
68.14306640625;-0.2646484375;-0.041259765625;0.900390625;;;;;;;;;;;;;;;
68.14645385742188;0.271728515625;0.08251953125;1.272705078125;;;;;;;;;;;;;;;
68.14981079101562;-0.06201171875;0.00634765625;0.994384765625;;;;;;;;;;;;;;;
68.1531982421875;0.16162109375;0.321533203125;1.008056640625;;;;;;;;;;;;;;;
68.1566162109375;-0.318115234375;0.25;0.74365234375;;;;;;;;;;;;;;;
68.1600341796875;0.129638671875;0.026123046875;0.982421875;;;;;;;;;;;;;;;
68.16339111328125;0.0048828125;0.02490234375;1.16259765625;;;;;;;;;;;;;;;
68.16677856445312;0.025634765625;-0.256591796875;1.11962890625;;;;;;;;;;;;;;;
68.17013549804688;-0.191162109375;0.1767578125;1.073974609375;;;;;;;;;;;;;;;
68.17352294921875;-0.20263671875;0.003662109375;0.8173828125;;;;;;;;;;;;;;;
68.17691040039062;-0.036865234375;0.41357421875;1.0830078125;;;;;;;;;;;;;;;
68.18023681640625;-0.08349609375;-0.062255859375;1.060302734375;;;;;;;;;;;;;;;
68.18359375;0.09912109375;0.1845703125;1.14697265625;;;;;;;;;;;;;;;
68.18698120117188;-0.2470703125;0.13671875;0.906005859375;;;;;;;;;;;;;;;
68.19039916992188;0.11474609375;-0.03857421875;0.8212890625;;;;;;;;;;;;;;;
68.19375610351562;-0.0224609375;0.245361328125;1.13720703125;;;;;;;;;;;;;;;
68.1971435546875;-0.020263671875;-0.02734375;1.058837890625;;;;;;;;;;;;;;;
68.20046997070312;-0.17138671875;0.33154296875;1.14697265625;;;;;;;;;;;;;;;
68.20379638671875;-0.28564453125;-0.190185546875;0.8271484375;;;;;;;;;;;;;;;
68.20721435546875;0.02294921875;0.084228515625;0.930908203125;;;;;;;;;;;;;;;
68.21060180664062;-0.129638671875;0.115966796875;1.061279296875;;;;;;;;;;;;;;;
68.21408081054688;0.064697265625;0.02734375;1.085693359375;;;;;;;;;;;;;;;
68.21749877929688;-0.1328125;0.181396484375;1.2109375;;;;;;;;;;;;;;;
68.22091674804688;-0.147705078125;-0.065185546875;0.843017578125;;;;;;;;;;;;;;;
68.22427368164062;-0.03955078125;0.2060546875;0.996826171875;;;;;;;;;;;;;;;
68.22763061523438;-0.20947265625;0.05810546875;0.839599609375;;;;;;;;;;;;;;;
68.23104858398438;0.110107421875;0.080322265625;1.158935546875;;;;;;;;;;;;;;;
68.2344970703125;-0.191650390625;0.052001953125;1.090576171875;;;;;;;;;;;;;;;
68.23779296875;0.13232421875;-0.0830078125;0.99609375;;;;;;;;;;;;;;;
68.24118041992188;-0.100341796875;0.295654296875;1.04248046875;;;;;;;;;;;;;;;
68.2445068359375;-0.24853515625;0.104736328125;0.875244140625;;;;;;;;;;;;;;;
68.24789428710938;0.031005859375;0.23095703125;1.18115234375;;;;;;;;;;;;;;;
68.25131225585938;-0.213134765625;-0.14892578125;0.949462890625;;;;;;;;;;;;;;;
68.2547607421875;0.1552734375;-0.040771484375;1.028564453125;;;;;;;;;;;;;;;
68.25814819335938;-0.2783203125;0.136474609375;0.783447265625;;;;;;;;;;;;;;;
68.261474609375;-0.055419921875;0.17919921875;0.945556640625;;;;;;;;;;;;;;;
68.26483154296875;0.028076171875;0.157470703125;1.22021484375;;;;;;;;;;;;;;;
68.26828002929688;-0.021240234375;-0.115966796875;1.016845703125;;;;;;;;;;;;;;;
68.27166748046875;0.034423828125;0.15478515625;1.053466796875;;;;;;;;;;;;;;;
68.2750244140625;-0.21337890625;0.09765625;0.731201171875;;;;;;;;;;;;;;;
68.27838134765625;0.0185546875;0.2822265625;0.999267578125;;;;;;;;;;;;;;;
68.28179931640625;-0.075439453125;0.03369140625;1.11865234375;;;;;;;;;;;;;;;
68.28512573242188;0.08740234375;-0.139892578125;1.127197265625;;;;;;;;;;;;;;;
68.28851318359375;-0.1044921875;0.16162109375;1.081787109375;;;;;;;;;;;;;;;
68.2918701171875;-0.144287109375;-0.069091796875;0.831787109375;;;;;;;;;;;;;;;
68.2952880859375;-0.092529296875;0.318603515625;1.069091796875;;;;;;;;;;;;;;;
68.2987060546875;-0.013671875;-0.17333984375;1.002685546875;;;;;;;;;;;;;;;
68.30209350585938;0.0283203125;0.359375;1.155029296875;;;;;;;;;;;;;;;
68.3055419921875;-0.16162109375;0.0517578125;0.867919921875;;;;;;;;;;;;;;;
68.3089599609375;0.199462890625;0.180419921875;0.814208984375;;;;;;;;;;;;;;;
68.31231689453125;0.09521484375;0.1845703125;1.178466796875;;;;;;;;;;;;;;;
68.31570434570312;-0.260986328125;-0.136474609375;1.04345703125;;;;;;;;;;;;;;;
68.31912231445312;-0.176025390625;0.15625;1.227294921875;;;;;;;;;;;;;;;
68.32247924804688;-0.268798828125;-0.30126953125;0.8037109375;;;;;;;;;;;;;;;
68.325927734375;0.147216796875;0.2890625;0.9853515625;;;;;;;;;;;;;;;
68.32928466796875;-0.34814453125;0.061279296875;1.000732421875;;;;;;;;;;;;;;;
68.33270263671875;0.08935546875;0.32275390625;1.0703125;;;;;;;;;;;;;;;
68.33612060546875;0.14453125;0.173095703125;1.29443359375;;;;;;;;;;;;;;;
68.33950805664062;-0.17236328125;-0.103759765625;0.865478515625;;;;;;;;;;;;;;;
68.34286499023438;-0.0419921875;0.040771484375;1.0166015625;;;;;;;;;;;;;;;
68.34622192382812;-0.192626953125;-0.1298828125;0.80810546875;;;;;;;;;;;;;;;
68.34954833984375;0.151611328125;0.29345703125;1.196044921875;;;;;;;;;;;;;;;
68.35299682617188;-0.154296875;-0.033203125;1.034912109375;;;;;;;;;;;;;;;
68.35635375976562;0.2314453125;0.162841796875;1.119384765625;;;;;;;;;;;;;;;
68.3597412109375;0.22314453125;0.15576171875;1.054931640625;;;;;;;;;;;;;;;
68.36306762695312;-0.234130859375;0.144287109375;0.889404296875;;;;;;;;;;;;;;;
68.36639404296875;-0.0986328125;0.0390625;1.182861328125;;;;;;;;;;;;;;;
68.36978149414062;-0.243408203125;-0.365966796875;0.9404296875;;;;;;;;;;;;;;;
68.3731689453125;0.18017578125;0.116455078125;1.0986328125;;;;;;;;;;;;;;;
68.37661743164062;-0.370849609375;0.04736328125;0.750244140625;;;;;;;;;;;;;;;
68.3800048828125;0.014404296875;0.418701171875;0.969482421875;;;;;;;;;;;;;;;
68.38336181640625;0.126708984375;0.18017578125;1.196044921875;;;;;;;;;;;;;;;
68.38665771484375;-0.072265625;-0.01904296875;1.030517578125;;;;;;;;;;;;;;;
68.39013671875;-0.024658203125;-0.055419921875;1.10595703125;;;;;;;;;;;;;;;
68.39346313476562;-0.144287109375;-0.103271484375;0.76318359375;;;;;;;;;;;;;;;
68.39688110351562;-0.074951171875;0.369384765625;1.034912109375;;;;;;;;;;;;;;;
68.4002685546875;-0.08447265625;-0.052978515625;1.036376953125;;;;;;;;;;;;;;;
68.40359497070312;0.0166015625;0.022216796875;1.249267578125;;;;;;;;;;;;;;;
68.40701293945312;-0.205322265625;0.13037109375;1.03466796875;;;;;;;;;;;;;;;
68.41036987304688;-0.16015625;0.04150390625;0.839599609375;;;;;;;;;;;;;;;
68.41375732421875;-0.100341796875;0.20703125;1.014404296875;;;;;;;;;;;;;;;
68.41714477539062;0.114990234375;-0.328125;0.9931640625;;;;;;;;;;;;;;;
68.4205322265625;0.017578125;0.38720703125;1.17822265625;;;;;;;;;;;;;;;
68.42391967773438;-0.170654296875;0.067626953125;0.871337890625;;;;;;;;;;;;;;;
68.42730712890625;0.02197265625;0.246337890625;0.931884765625;;;;;;;;;;;;;;;
68.4306640625;-0.19091796875;0.125;0.978759765625;;;;;;;;;;;;;;;
68.43399047851562;0.035888671875;-0.148193359375;1.09326171875;;;;;;;;;;;;;;;
68.43740844726562;-0.114013671875;0.030517578125;1.215087890625;;;;;;;;;;;;;;;
68.44073486328125;-0.08642578125;-0.230712890625;0.908447265625;;;;;;;;;;;;;;;
68.444091796875;-0.109130859375;0.38525390625;0.942138671875;;;;;;;;;;;;;;;
68.44747924804688;-0.130126953125;0.09423828125;0.841796875;;;;;;;;;;;;;;;
68.450927734375;0.22802734375;0.241943359375;1.19580078125;;;;;;;;;;;;;;;
68.45425415039062;-0.11474609375;0.144287109375;1.09765625;;;;;;;;;;;;;;;
68.4576416015625;0.088623046875;-0.04931640625;0.93115234375;;;;;;;;;;;;;;;
68.46112060546875;-0.154296875;0.048583984375;0.98681640625;;;;;;;;;;;;;;;
68.46453857421875;-0.0712890625;-0.13623046875;0.844482421875;;;;;;;;;;;;;;;
68.46792602539062;0.04833984375;0.26416015625;1.174072265625;;;;;;;;;;;;;;;
68.47125244140625;-0.10302734375;-0.154052734375;1.007568359375;;;;;;;;;;;;;;;
68.47457885742188;0.090576171875;0.177734375;1.1513671875;;;;;;;;;;;;;;;
68.47799682617188;-0.173828125;0.123779296875;0.928466796875;;;;;;;;;;;;;;;
68.48138427734375;-0.05029296875;0.154296875;0.932861328125;;;;;;;;;;;;;;;
68.4847412109375;0.0;0.09619140625;1.09375;;;;;;;;;;;;;;;
68.48809814453125;0.0625;-0.28564453125;1.05078125;;;;;;;;;;;;;;;
68.49148559570312;-0.08056640625;0.248046875;1.093994140625;;;;;;;;;;;;;;;
68.494873046875;-0.1650390625;0.0380859375;0.75927734375;;;;;;;;;;;;;;;
68.49822998046875;0.168701171875;0.34716796875;1.051513671875;;;;;;;;;;;;;;;
68.5015869140625;-0.090087890625;0.138916015625;1.08447265625;;;;;;;;;;;;;;;
68.50497436523438;0.072265625;-0.04931640625;1.19140625;;;;;;;;;;;;;;;
68.50836181640625;-0.125732421875;0.0751953125;1.081787109375;;;;;;;;;;;;;;;
68.51165771484375;-0.055908203125;-0.154296875;0.813232421875;;;;;;;;;;;;;;;
68.51510620117188;-0.119873046875;0.4443359375;0.996826171875;;;;;;;;;;;;;;;
68.51849365234375;-0.10546875;-0.1953125;0.980224609375;;;;;;;;;;;;;;;
68.52182006835938;0.047119140625;0.208251953125;1.271240234375;;;;;;;;;;;;;;;
68.5252685546875;-0.13720703125;-0.009765625;1.025390625;;;;;;;;;;;;;;;
68.52871704101562;-0.06494140625;0.1162109375;0.8251953125;;;;;;;;;;;;;;;
68.53207397460938;-0.014892578125;0.224609375;0.977783203125;;;;;;;;;;;;;;;
68.53549194335938;0.08740234375;-0.216064453125;0.9736328125;;;;;;;;;;;;;;;
68.5389404296875;-0.023193359375;0.2939453125;1.2001953125;;;;;;;;;;;;;;;
68.54232788085938;-0.092041015625;-0.043212890625;0.919921875;;;;;;;;;;;;;;;
68.545654296875;-0.104736328125;0.300048828125;0.98486328125;;;;;;;;;;;;;;;
68.54898071289062;-0.243896484375;0.023193359375;0.967041015625;;;;;;;;;;;;;;;
68.5523681640625;-0.02734375;-0.087158203125;1.106201171875;;;;;;;;;;;;;;;
68.55575561523438;-0.06298828125;0.032470703125;1.226318359375;;;;;;;;;;;;;;;
68.55914306640625;0.037353515625;-0.049560546875;0.90478515625;;;;;;;;;;;;;;;
68.56246948242188;-0.11767578125;0.44482421875;0.98291015625;;;;;;;;;;;;;;;
68.56585693359375;-0.168701171875;-0.045166015625;0.791259765625;;;;;;;;;;;;;;;
68.56930541992188;0.184814453125;0.2939453125;1.252197265625;;;;;;;;;;;;;;;
68.57275390625;-0.293701171875;0.01318359375;1.128662109375;;;;;;;;;;;;;;;
68.576171875;0.010498046875;0.021484375;0.932861328125;;;;;;;;;;;;;;;
68.57962036132812;-0.127685546875;0.000732421875;0.954833984375;;;;;;;;;;;;;;;
68.58297729492188;0.033447265625;-0.1591796875;0.83837890625;;;;;;;;;;;;;;;
68.5863037109375;-0.129638671875;0.33447265625;1.187255859375;;;;;;;;;;;;;;;
68.58969116210938;-0.072998046875;-0.26611328125;1.023681640625;;;;;;;;;;;;;;;
68.5931396484375;-0.03076171875;0.369873046875;1.205810546875;;;;;;;;;;;;;;;
68.59658813476562;-0.39208984375;-0.09375;0.928466796875;;;;;;;;;;;;;;;
68.5999755859375;-0.119873046875;0.247802734375;0.951171875;;;;;;;;;;;;;;;
68.60333251953125;-0.141845703125;-0.05908203125;1.0146484375;;;;;;;;;;;;;;;
68.60671997070312;0.045166015625;-0.10546875;1.05615234375;;;;;;;;;;;;;;;
68.61001586914062;-0.205810546875;0.2138671875;1.112548828125;;;;;;;;;;;;;;;
68.61337280273438;-0.09326171875;-0.159423828125;0.779541015625;;;;;;;;;;;;;;;
68.6168212890625;0.135986328125;0.444091796875;1.068603515625;;;;;;;;;;;;;;;
68.62020874023438;-0.162109375;-0.08154296875;1.070556640625;;;;;;;;;;;;;;;
68.62359619140625;-0.015869140625;0.114990234375;1.232666015625;;;;;;;;;;;;;;;
68.62704467773438;-0.20849609375;-0.090576171875;1.064697265625;;;;;;;;;;;;;;;
68.6304931640625;0.0244140625;0.135986328125;0.84716796875;;;;;;;;;;;;;;;
68.63381958007812;-0.21337890625;0.323486328125;0.914306640625;;;;;;;;;;;;;;;
68.63726806640625;-0.131103515625;-0.238525390625;0.941650390625;;;;;;;;;;;;;;;
68.64071655273438;-0.046875;0.32275390625;1.25341796875;;;;;;;;;;;;;;;
68.64407348632812;-0.043212890625;-0.03369140625;1.02392578125;;;;;;;;;;;;;;;
68.6474609375;0.041748046875;0.20068359375;0.921875;;;;;;;;;;;;;;;
68.65090942382812;-0.141357421875;0.0712890625;0.878662109375;;;;;;;;;;;;;;;
68.654296875;0.132568359375;-0.09228515625;1.015625;;;;;;;;;;;;;;;
68.65768432617188;-0.119384765625;0.173095703125;1.18896484375;;;;;;;;;;;;;;;
68.66107177734375;0.067626953125;-0.2412109375;0.972900390625;;;;;;;;;;;;;;;
68.6644287109375;-0.2216796875;0.383056640625;1.03955078125;;;;;;;;;;;;;;;
68.66775512695312;-0.226318359375;-0.03369140625;0.880615234375;;;;;;;;;;;;;;;
68.67129516601562;0.0546875;0.1171875;1.16259765625;;;;;;;;;;;;;;;
68.67462158203125;-0.101318359375;-0.06982421875;1.1953125;;;;;;;;;;;;;;;
68.67807006835938;0.0498046875;0.145751953125;0.984375;;;;;;;;;;;;;;;
68.68154907226562;-0.168212890625;0.29931640625;0.9150390625;;;;;;;;;;;;;;;
68.68490600585938;0.02490234375;-0.087158203125;0.790283203125;;;;;;;;;;;;;;;
68.68832397460938;0.000732421875;0.262939453125;1.23681640625;;;;;;;;;;;;;;;
68.69174194335938;-0.107421875;-0.039306640625;1.090087890625;;;;;;;;;;;;;;;
68.69512939453125;-0.00830078125;0.089599609375;1.08056640625;;;;;;;;;;;;;;;
68.69854736328125;-0.2138671875;0.0537109375;0.862060546875;;;;;;;;;;;;;;;
68.70193481445312;0.064208984375;0.007080078125;0.883544921875;;;;;;;;;;;;;;;
68.705322265625;-0.106689453125;0.23779296875;1.1279296875;;;;;;;;;;;;;;;
68.70877075195312;0.048583984375;-0.220947265625;1.054443359375;;;;;;;;;;;;;;;
68.71209716796875;-0.1826171875;0.36083984375;1.20068359375;;;;;;;;;;;;;;;
68.71551513671875;-0.18994140625;-0.154296875;0.8681640625;;;;;;;;;;;;;;;
68.71890258789062;0.046630859375;0.20556640625;1.0126953125;;;;;;;;;;;;;;;
68.72225952148438;-0.08447265625;-0.020263671875;0.95166015625;;;;;;;;;;;;;;;
68.72567749023438;0.128173828125;0.05908203125;1.109619140625;;;;;;;;;;;;;;;
68.72909545898438;-0.184814453125;0.194091796875;1.04638671875;;;;;;;;;;;;;;;
68.732421875;-0.017822265625;-0.1669921875;0.864990234375;;;;;;;;;;;;;;;
68.73577880859375;-0.232666015625;0.292724609375;1.09521484375;;;;;;;;;;;;;;;
68.7391357421875;-0.412353515625;-0.1650390625;0.923828125;;;;;;;;;;;;;;;
68.7425537109375;0.27978515625;0.036865234375;1.30908203125;;;;;;;;;;;;;;;
68.74591064453125;-0.2353515625;0.09521484375;1.0107421875;;;;;;;;;;;;;;;
68.74923706054688;0.16259765625;0.215576171875;0.914794921875;;;;;;;;;;;;;;;
68.75274658203125;-0.268310546875;0.275146484375;0.8310546875;;;;;;;;;;;;;;;
68.75607299804688;-0.101318359375;-0.201904296875;0.941650390625;;;;;;;;;;;;;;;
68.7593994140625;0.0029296875;0.135986328125;1.247802734375;;;;;;;;;;;;;;;
68.7628173828125;-0.22216796875;-0.166748046875;0.995361328125;;;;;;;;;;;;;;;
68.76614379882812;0.06396484375;0.20263671875;0.95751953125;;;;;;;;;;;;;;;
68.76953125;-0.262451171875;0.154541015625;0.83837890625;;;;;;;;;;;;;;;
68.77294921875;0.137451171875;0.05908203125;1.05224609375;;;;;;;;;;;;;;;
68.77630615234375;-0.13330078125;0.028564453125;1.15478515625;;;;;;;;;;;;;;;
68.77975463867188;0.068359375;-0.400146484375;1.0400390625;;;;;;;;;;;;;;;
68.78314208984375;-0.186279296875;0.25537109375;0.981201171875;;;;;;;;;;;;;;;
68.78656005859375;-0.515625;-0.033447265625;0.74169921875;;;;;;;;;;;;;;;
68.78994750976562;0.492431640625;0.211669921875;1.224609375;;;;;;;;;;;;;;;
68.79339599609375;-0.12939453125;0.1044921875;1.00537109375;;;;;;;;;;;;;;;
68.79678344726562;0.25146484375;0.177978515625;1.083984375;;;;;;;;;;;;;;;
68.80020141601562;-0.345458984375;0.1650390625;0.85888671875;;;;;;;;;;;;;;;
68.80364990234375;0.250244140625;-0.1015625;0.727294921875;;;;;;;;;;;;;;;
68.8070068359375;0.204833984375;0.16455078125;1.2099609375;;;;;;;;;;;;;;;
68.81033325195312;-0.341552734375;-0.109375;0.962646484375;;;;;;;;;;;;;;;
68.81369018554688;0.404296875;0.135009765625;1.13427734375;;;;;;;;;;;;;;;
68.81707763671875;-0.343017578125;0.082763671875;0.802490234375;;;;;;;;;;;;;;;
68.8204345703125;0.2548828125;0.19921875;0.92724609375;;;;;;;;;;;;;;;
68.8238525390625;-0.17236328125;0.12744140625;1.06298828125;;;;;;;;;;;;;;;
68.82723999023438;0.024658203125;-0.06201171875;1.077392578125;;;;;;;;;;;;;;;
68.83065795898438;-0.072509765625;0.245361328125;1.1455078125;;;;;;;;;;;;;;;
68.833984375;-0.028564453125;-0.18310546875;0.782958984375;;;;;;;;;;;;;;;
68.83734130859375;0.403076171875;0.224609375;1.06982421875;;;;;;;;;;;;;;;
68.84085083007812;-0.176025390625;0.178955078125;0.893310546875;;;;;;;;;;;;;;;
68.84423828125;0.116455078125;0.2392578125;1.144287109375;;;;;;;;;;;;;;;
68.84762573242188;-0.2939453125;0.036376953125;0.9892578125;;;;;;;;;;;;;;;
68.85104370117188;0.260986328125;-0.126220703125;0.939208984375;;;;;;;;;;;;;;;
68.85443115234375;-0.064208984375;0.140869140625;1.038818359375;;;;;;;;;;;;;;;
68.8577880859375;-0.253662109375;-0.04296875;0.893798828125;;;;;;;;;;;;;;;
68.86111450195312;0.43017578125;0.0625;1.37109375;;;;;;;;;;;;;;;
68.86447143554688;-0.25732421875;0.068115234375;0.927978515625;;;;;;;;;;;;;;;
68.86785888671875;0.37939453125;0.355712890625;0.937744140625;;;;;;;;;;;;;;;
68.8712158203125;-0.058349609375;0.216796875;0.816162109375;;;;;;;;;;;;;;;
68.87457275390625;0.05517578125;0.084716796875;0.911376953125;;;;;;;;;;;;;;;
68.87799072265625;0.156494140625;-0.05615234375;1.257080078125;;;;;;;;;;;;;;;
68.8814697265625;-0.295166015625;-0.249267578125;1.009765625;;;;;;;;;;;;;;;
68.88485717773438;0.118408203125;0.110595703125;1.0087890625;;;;;;;;;;;;;;;
68.88821411132812;-0.137939453125;0.104736328125;0.782958984375;;;;;;;;;;;;;;;
68.8916015625;0.1591796875;0.333251953125;1.10693359375;;;;;;;;;;;;;;;
68.89498901367188;0.016357421875;0.035888671875;1.08935546875;;;;;;;;;;;;;;;
68.89834594726562;0.047607421875;0.152587890625;1.13720703125;;;;;;;;;;;;;;;
68.90164184570312;-0.25439453125;0.128662109375;0.89453125;;;;;;;;;;;;;;;
68.90505981445312;-0.24169921875;-0.09716796875;0.758056640625;;;;;;;;;;;;;;;
68.908447265625;0.323486328125;0.2392578125;1.214599609375;;;;;;;;;;;;;;;
68.911865234375;-0.023681640625;0.068359375;1.058837890625;;;;;;;;;;;;;;;
68.91522216796875;0.1533203125;0.322998046875;1.149169921875;;;;;;;;;;;;;;;
68.91867065429688;-0.317138671875;0.13623046875;0.8330078125;;;;;;;;;;;;;;;
68.92202758789062;0.03466796875;0.06005859375;0.901123046875;;;;;;;;;;;;;;;
68.92535400390625;-0.04296875;0.12890625;1.08056640625;;;;;;;;;;;;;;;
68.92880249023438;-0.019287109375;-0.149658203125;1.107666015625;;;;;;;;;;;;;;;
68.93215942382812;-0.1318359375;0.100341796875;1.245361328125;;;;;;;;;;;;;;;
68.93551635742188;-0.200439453125;-0.073974609375;0.8291015625;;;;;;;;;;;;;;;
68.93887329101562;0.032958984375;0.35302734375;0.9658203125;;;;;;;;;;;;;;;
68.94223022460938;-0.18310546875;0.147216796875;0.849365234375;;;;;;;;;;;;;;;
68.94558715820312;0.102294921875;0.10107421875;1.146484375;;;;;;;;;;;;;;;
68.94900512695312;-0.197021484375;0.209716796875;1.125;;;;;;;;;;;;;;;
68.95230102539062;0.009765625;-0.141357421875;0.85107421875;;;;;;;;;;;;;;;
68.95571899414062;-0.03076171875;0.141845703125;1.052978515625;;;;;;;;;;;;;;;
68.95907592773438;-0.0634765625;0.0029296875;0.88720703125;;;;;;;;;;;;;;;
68.96249389648438;0.024169921875;0.304931640625;1.144287109375;;;;;;;;;;;;;;;
68.9658203125;-0.16357421875;0.023193359375;0.9892578125;;;;;;;;;;;;;;;
68.96917724609375;0.087890625;-0.010498046875;0.997314453125;;;;;;;;;;;;;;;
68.97259521484375;-0.25634765625;0.14111328125;0.992431640625;;;;;;;;;;;;;;;
68.97598266601562;-0.084228515625;-0.00927734375;0.933349609375;;;;;;;;;;;;;;;
68.97943115234375;0.038330078125;0.056396484375;1.254150390625;;;;;;;;;;;;;;;
68.98284912109375;0.02880859375;-0.044189453125;0.978759765625;;;;;;;;;;;;;;;
68.9862060546875;0.10498046875;0.354736328125;1.024658203125;;;;;;;;;;;;;;;
68.9896240234375;-0.271240234375;0.19384765625;0.749267578125;;;;;;;;;;;;;;;
68.99298095703125;0.026611328125;0.17529296875;0.972900390625;;;;;;;;;;;;;;;
68.99642944335938;-0.025146484375;-0.037109375;1.180419921875;;;;;;;;;;;;;;;
68.99978637695312;-0.0283203125;-0.230712890625;1.113037109375;;;;;;;;;;;;;;;
69.00314331054688;-0.185791015625;0.158203125;1.08740234375;;;;;;;;;;;;;;;
69.00650024414062;-0.165283203125;0.0380859375;0.78564453125;;;;;;;;;;;;;;;
69.0098876953125;-0.033447265625;0.4365234375;1.095703125;;;;;;;;;;;;;;;
69.01327514648438;-0.069091796875;-0.084228515625;1.02734375;;;;;;;;;;;;;;;
69.01663208007812;0.038818359375;0.2373046875;1.1484375;;;;;;;;;;;;;;;
69.02001953125;-0.14697265625;0.03076171875;0.9033203125;;;;;;;;;;;;;;;
69.0234375;-0.069580078125;0.040283203125;0.8115234375;;;;;;;;;;;;;;;
69.02688598632812;0.05419921875;0.23974609375;1.18115234375;;;;;;;;;;;;;;;
69.0302734375;-0.10595703125;-0.03955078125;1.04443359375;;;;;;;;;;;;;;;
69.03366088867188;0.024658203125;0.269287109375;1.18798828125;;;;;;;;;;;;;;;
69.03701782226562;-0.294189453125;-0.177490234375;0.774658203125;;;;;;;;;;;;;;;
69.04037475585938;0.114013671875;0.2236328125;0.96728515625;;;;;;;;;;;;;;;
69.04379272460938;-0.054443359375;0.026123046875;1.03759765625;;;;;;;;;;;;;;;
69.04718017578125;0.045654296875;0.117431640625;1.067138671875;;;;;;;;;;;;;;;
69.05062866210938;0.135009765625;0.094970703125;1.286376953125;;;;;;;;;;;;;;;
69.0540771484375;-0.182373046875;-0.08203125;0.855224609375;;;;;;;;;;;;;;;
69.0574951171875;-0.015625;0.338134765625;0.99658203125;;;;;;;;;;;;;;;
69.06082153320312;-0.23193359375;0.0302734375;0.783935546875;;;;;;;;;;;;;;;
69.064208984375;0.11328125;0.2890625;1.16796875;;;;;;;;;;;;;;;
69.06759643554688;-0.09619140625;0.0751953125;1.067626953125;;;;;;;;;;;;;;;
69.07098388671875;0.214111328125;0.00634765625;1.039306640625;;;;;;;;;;;;;;;
69.07437133789062;0.28173828125;0.151611328125;1.105224609375;;;;;;;;;;;;;;;
69.0777587890625;-0.228515625;0.1171875;0.88525390625;;;;;;;;;;;;;;;
69.08126831054688;-0.09033203125;0.14501953125;1.244384765625;;;;;;;;;;;;;;;
69.08462524414062;-0.3515625;-0.195068359375;0.911865234375;;;;;;;;;;;;;;;
69.088134765625;0.22412109375;0.054931640625;1.070556640625;;;;;;;;;;;;;;;
69.09146118164062;-0.220947265625;0.031494140625;0.92431640625;;;;;;;;;;;;;;;
69.09481811523438;0.059814453125;0.33837890625;0.9326171875;;;;;;;;;;;;;;;
69.09814453125;0.22509765625;0.1845703125;1.305419921875;;;;;;;;;;;;;;;
69.10162353515625;-0.24560546875;-0.065185546875;0.9853515625;;;;;;;;;;;;;;;
69.10498046875;0.052978515625;0.05224609375;1.082763671875;;;;;;;;;;;;;;;
69.10836791992188;-0.1943359375;0.0009765625;0.71044921875;;;;;;;;;;;;;;;
69.11181640625;0.040771484375;0.33837890625;1.023681640625;;;;;;;;;;;;;;;
69.11514282226562;0.025146484375;-0.09228515625;1.139404296875;;;;;;;;;;;;;;;
69.11849975585938;-0.104736328125;-0.052001953125;1.1298828125;;;;;;;;;;;;;;;
69.12188720703125;0.04296875;0.16943359375;1.087890625;;;;;;;;;;;;;;;
69.12527465820312;-0.1279296875;0.0419921875;0.788818359375;;;;;;;;;;;;;;;
69.1287841796875;-0.025146484375;0.330078125;1.08251953125;;;;;;;;;;;;;;;
69.13211059570312;-0.046142578125;-0.24462890625;0.982421875;;;;;;;;;;;;;;;
69.135498046875;0.056640625;0.3974609375;1.18310546875;;;;;;;;;;;;;;;
69.13894653320312;-0.16357421875;-0.031005859375;0.883544921875;;;;;;;;;;;;;;;
69.14230346679688;0.07421875;0.175537109375;0.874755859375;;;;;;;;;;;;;;;
69.1456298828125;0.006591796875;0.13720703125;1.07763671875;;;;;;;;;;;;;;;
69.14895629882812;-0.04833984375;-0.07177734375;1.05029296875;;;;;;;;;;;;;;;
69.15231323242188;-0.10546875;0.18994140625;1.236328125;;;;;;;;;;;;;;;
69.15570068359375;-0.26025390625;-0.310302734375;0.817138671875;;;;;;;;;;;;;;;
69.1590576171875;0.037841796875;0.329833984375;0.95068359375;;;;;;;;;;;;;;;
69.16241455078125;-0.0859375;-0.0068359375;0.944580078125;;;;;;;;;;;;;;;
69.16574096679688;0.13134765625;0.2353515625;1.1640625;;;;;;;;;;;;;;;
69.16915893554688;-0.03466796875;0.11572265625;1.1796875;;;;;;;;;;;;;;;
69.17257690429688;-0.083740234375;-0.0361328125;0.88232421875;;;;;;;;;;;;;;;
69.17599487304688;-0.122802734375;0.066650390625;1.001220703125;;;;;;;;;;;;;;;
69.17938232421875;-0.141357421875;-0.07177734375;0.8271484375;;;;;;;;;;;;;;;
69.18270874023438;0.100341796875;0.251220703125;1.165771484375;;;;;;;;;;;;;;;
69.18609619140625;-0.0693359375;-0.05859375;1.03466796875;;;;;;;;;;;;;;;
69.18948364257812;0.142822265625;0.091552734375;1.138427734375;;;;;;;;;;;;;;;
69.19293212890625;-0.091552734375;0.193603515625;0.9833984375;;;;;;;;;;;;;;;
69.19635009765625;-0.118896484375;0.0703125;0.910400390625;;;;;;;;;;;;;;;
69.19976806640625;-0.114990234375;0.191650390625;1.1533203125;;;;;;;;;;;;;;;
69.203125;-0.147216796875;-0.4326171875;0.984619140625;;;;;;;;;;;;;;;
69.20648193359375;-0.00341796875;0.155029296875;1.068603515625;;;;;;;;;;;;;;;
69.20986938476562;-0.180908203125;0.026611328125;0.739013671875;;;;;;;;;;;;;;;
69.21328735351562;0.13037109375;0.39794921875;0.98583984375;;;;;;;;;;;;;;;
69.21664428710938;-0.056396484375;0.205078125;1.14013671875;;;;;;;;;;;;;;;
69.22006225585938;0.02294921875;-0.085205078125;1.146240234375;;;;;;;;;;;;;;;
69.223388671875;-0.156982421875;0.026123046875;1.105224609375;;;;;;;;;;;;;;;
69.226806640625;-0.1171875;-0.121826171875;0.781982421875;;;;;;;;;;;;;;;
69.230224609375;-0.123779296875;0.363037109375;1.032958984375;;;;;;;;;;;;;;;
69.23358154296875;-0.12939453125;-0.062255859375;1.02294921875;;;;;;;;;;;;;;;
69.23699951171875;0.155517578125;0.075927734375;1.215576171875;;;;;;;;;;;;;;;
69.24050903320312;-0.228759765625;0.175537109375;1.05908203125;;;;;;;;;;;;;;;
69.24386596679688;-0.118408203125;0.020751953125;0.824462890625;;;;;;;;;;;;;;;
69.247314453125;-0.142333984375;0.321533203125;1.0302734375;;;;;;;;;;;;;;;
69.25070190429688;0.086669921875;-0.3662109375;0.959716796875;;;;;;;;;;;;;;;
69.25405883789062;0.025146484375;0.336669921875;1.19091796875;;;;;;;;;;;;;;;
69.2574462890625;-0.1416015625;-0.043212890625;0.8798828125;;;;;;;;;;;;;;;
69.2608642578125;0.072998046875;0.294921875;0.8876953125;;;;;;;;;;;;;;;
69.26431274414062;-0.078369140625;0.13916015625;1.040283203125;;;;;;;;;;;;;;;
69.26766967773438;-0.082275390625;-0.11865234375;1.050537109375;;;;;;;;;;;;;;;
69.27102661132812;-0.03076171875;0.072509765625;1.2216796875;;;;;;;;;;;;;;;
69.2744140625;-0.08837890625;-0.23779296875;0.857421875;;;;;;;;;;;;;;;
69.27786254882812;-0.006103515625;0.44775390625;0.9775390625;;;;;;;;;;;;;;;
69.28128051757812;-0.2001953125;0.03466796875;0.867431640625;;;;;;;;;;;;;;;
69.28463745117188;0.209228515625;0.3154296875;1.1845703125;;;;;;;;;;;;;;;
69.2880859375;-0.107666015625;0.053955078125;1.155029296875;;;;;;;;;;;;;;;
69.29150390625;0.024169921875;-0.088623046875;0.895263671875;;;;;;;;;;;;;;;
69.29486083984375;-0.0859375;0.014892578125;0.995849609375;;;;;;;;;;;;;;;
69.2982177734375;-0.044921875;-0.146240234375;0.826171875;;;;;;;;;;;;;;;
69.3016357421875;0.07470703125;0.359619140625;1.1806640625;;;;;;;;;;;;;;;
69.3050537109375;-0.123291015625;-0.169677734375;1.0;;;;;;;;;;;;;;;
69.30844116210938;0.114501953125;0.316162109375;1.190185546875;;;;;;;;;;;;;;;
69.31182861328125;-0.08984375;0.030517578125;0.9716796875;;;;;;;;;;;;;;;
69.315185546875;-0.14013671875;0.098876953125;0.9091796875;;;;;;;;;;;;;;;
69.31857299804688;-0.1171875;-0.03369140625;1.1005859375;;;;;;;;;;;;;;;
69.32196044921875;-0.031982421875;-0.27587890625;1.003173828125;;;;;;;;;;;;;;;
69.32528686523438;-0.087646484375;0.273193359375;1.08203125;;;;;;;;;;;;;;;
69.32870483398438;-0.09228515625;-0.020263671875;0.779052734375;;;;;;;;;;;;;;;
69.33209228515625;0.261474609375;0.507568359375;1.0498046875;;;;;;;;;;;;;;;
69.3355712890625;-0.213134765625;0.177734375;1.13134765625;;;;;;;;;;;;;;;
69.3389892578125;-0.063720703125;-0.057861328125;1.165283203125;;;;;;;;;;;;;;;
69.34231567382812;-0.287841796875;-0.062744140625;1.1201171875;;;;;;;;;;;;;;;
69.34573364257812;-0.03466796875;-0.2763671875;0.784912109375;;;;;;;;;;;;;;;
69.34912109375;-0.119384765625;0.369873046875;0.954833984375;;;;;;;;;;;;;;;
69.35244750976562;-0.10205078125;-0.1357421875;0.992919921875;;;;;;;;;;;;;;;
69.35580444335938;0.084228515625;0.325927734375;1.24169921875;;;;;;;;;;;;;;;
69.3592529296875;-0.14794921875;0.0986328125;1.08837890625;;;;;;;;;;;;;;;
69.36257934570312;-0.1142578125;0.078857421875;0.86376953125;;;;;;;;;;;;;;;
69.36593627929688;-0.197998046875;0.1875;0.964599609375;;;;;;;;;;;;;;;
69.36932373046875;0.0908203125;-0.476318359375;0.97216796875;;;;;;;;;;;;;;;
69.3726806640625;-0.0849609375;0.267822265625;1.188720703125;;;;;;;;;;;;;;;
69.37606811523438;-0.036865234375;-0.1748046875;0.91015625;;;;;;;;;;;;;;;
69.37945556640625;-0.046630859375;0.52880859375;0.9599609375;;;;;;;;;;;;;;;
69.38278198242188;-0.181396484375;0.079345703125;0.999755859375;;;;;;;;;;;;;;;
69.38619995117188;-0.1064453125;0.052490234375;1.09716796875;;;;;;;;;;;;;;;
69.38958740234375;-0.150146484375;-0.0537109375;1.2431640625;;;;;;;;;;;;;;;
69.39306640625;-0.02587890625;-0.248046875;0.915283203125;;;;;;;;;;;;;;;
69.39645385742188;-0.104248046875;0.295654296875;0.971435546875;;;;;;;;;;;;;;;
69.39981079101562;-0.1123046875;-0.09619140625;0.799560546875;;;;;;;;;;;;;;;
69.40322875976562;0.130859375;0.447265625;1.217529296875;;;;;;;;;;;;;;;
69.40658569335938;-0.067138671875;0.099853515625;1.104248046875;;;;;;;;;;;;;;;
69.40994262695312;0.069580078125;0.08349609375;0.986083984375;;;;;;;;;;;;;;;
69.41336059570312;-0.178466796875;-0.037353515625;0.937255859375;;;;;;;;;;;;;;;
69.41671752929688;0.03369140625;-0.16796875;0.851318359375;;;;;;;;;;;;;;;
69.420166015625;-0.091552734375;0.26220703125;1.1455078125;;;;;;;;;;;;;;;
69.42355346679688;-0.065673828125;-0.236328125;1.01025390625;;;;;;;;;;;;;;;
69.42691040039062;-0.0341796875;0.335205078125;1.193359375;;;;;;;;;;;;;;;
69.4302978515625;-0.195068359375;-0.02978515625;0.8779296875;;;;;;;;;;;;;;;
69.43365478515625;0.0244140625;0.236083984375;0.975830078125;;;;;;;;;;;;;;;
69.43701171875;-0.0986328125;-0.006103515625;1.013671875;;;;;;;;;;;;;;;
69.44033813476562;0.125732421875;-0.121337890625;1.0888671875;;;;;;;;;;;;;;;
69.4437255859375;-0.181640625;0.242431640625;1.06982421875;;;;;;;;;;;;;;;
69.44717407226562;-0.0927734375;-0.060302734375;0.815673828125;;;;;;;;;;;;;;;
69.45053100585938;0.03662109375;0.3525390625;1.0927734375;;;;;;;;;;;;;;;
69.45391845703125;-0.194580078125;-0.12060546875;0.994384765625;;;;;;;;;;;;;;;
69.45730590820312;0.1787109375;-0.048095703125;1.2607421875;;;;;;;;;;;;;;;
69.46066284179688;-0.208984375;0.030029296875;1.03759765625;;;;;;;;;;;;;;;
69.46405029296875;0.072265625;-0.23974609375;0.873046875;;;;;;;;;;;;;;;
69.46743774414062;-0.185546875;0.37109375;0.903564453125;;;;;;;;;;;;;;;
69.4708251953125;-0.129150390625;-0.18701171875;0.923095703125;;;;;;;;;;;;;;;
69.4742431640625;0.04638671875;0.30078125;1.2998046875;;;;;;;;;;;;;;;
69.4776611328125;-0.14794921875;-0.042724609375;0.993896484375;;;;;;;;;;;;;;;
69.48101806640625;0.08544921875;0.122314453125;0.947509765625;;;;;;;;;;;;;;;
69.48452758789062;-0.261474609375;0.17626953125;0.873291015625;;;;;;;;;;;;;;;
69.4879150390625;0.14697265625;-0.166259765625;1.03759765625;;;;;;;;;;;;;;;
69.49130249023438;-0.109375;0.1337890625;1.1943359375;;;;;;;;;;;;;;;
69.49472045898438;0.01513671875;-0.199462890625;0.986083984375;;;;;;;;;;;;;;;
69.49810791015625;-0.194091796875;0.310791015625;1.029541015625;;;;;;;;;;;;;;;
69.50155639648438;-0.28955078125;0.018798828125;0.867431640625;;;;;;;;;;;;;;;
69.5048828125;0.11328125;0.054931640625;1.166015625;;;;;;;;;;;;;;;
69.50823974609375;-0.075439453125;0.0810546875;1.1708984375;;;;;;;;;;;;;;;
69.5115966796875;0.1328125;0.0048828125;1.019287109375;;;;;;;;;;;;;;;
69.51495361328125;-0.23193359375;0.2607421875;0.927978515625;;;;;;;;;;;;;;;
69.51834106445312;-0.0439453125;-0.1953125;0.791259765625;;;;;;;;;;;;;;;
69.52178955078125;0.034912109375;0.244384765625;1.2158203125;;;;;;;;;;;;;;;
69.525146484375;-0.100830078125;-0.01416015625;1.091796875;;;;;;;;;;;;;;;
69.52853393554688;0.0166015625;0.1396484375;1.05029296875;;;;;;;;;;;;;;;
69.53192138671875;-0.18505859375;0.08837890625;0.87890625;;;;;;;;;;;;;;;
69.53533935546875;0.04736328125;0.03125;0.90087890625;;;;;;;;;;;;;;;
69.53872680664062;-0.198974609375;0.185546875;1.134521484375;;;;;;;;;;;;;;;
69.5421142578125;-0.034423828125;-0.36279296875;1.058837890625;;;;;;;;;;;;;;;
69.54550170898438;-0.161376953125;0.2119140625;1.179931640625;;;;;;;;;;;;;;;
69.54885864257812;-0.1982421875;-0.09619140625;0.861572265625;;;;;;;;;;;;;;;
69.55230712890625;0.0654296875;0.322021484375;1.00634765625;;;;;;;;;;;;;;;
69.55575561523438;-0.1572265625;0.1318359375;0.943603515625;;;;;;;;;;;;;;;
69.5592041015625;0.15380859375;0.023681640625;1.105712890625;;;;;;;;;;;;;;;
69.56256103515625;-0.260986328125;0.10888671875;1.070068359375;;;;;;;;;;;;;;;
69.56607055664062;0.019775390625;-0.257568359375;0.8828125;;;;;;;;;;;;;;;
69.56948852539062;-0.039794921875;0.22119140625;1.096435546875;;;;;;;;;;;;;;;
69.5728759765625;-0.37548828125;-0.080078125;0.9521484375;;;;;;;;;;;;;;;
69.57623291015625;0.191650390625;0.07275390625;1.25048828125;;;;;;;;;;;;;;;
69.57962036132812;-0.1767578125;0.091552734375;1.048095703125;;;;;;;;;;;;;;;
69.58297729492188;0.1875;0.2783203125;0.919921875;;;;;;;;;;;;;;;
69.58639526367188;-0.299072265625;0.384521484375;0.83349609375;;;;;;;;;;;;;;;
69.58969116210938;-0.12939453125;-0.209228515625;0.94287109375;;;;;;;;;;;;;;;
69.59304809570312;-0.0390625;0.0732421875;1.25732421875;;;;;;;;;;;;;;;
69.59646606445312;-0.183349609375;-0.2451171875;1.033203125;;;;;;;;;;;;;;;
69.599853515625;-0.010009765625;0.146240234375;0.94873046875;;;;;;;;;;;;;;;
69.60324096679688;-0.194091796875;0.064453125;0.827392578125;;;;;;;;;;;;;;;
69.60665893554688;0.12451171875;0.07958984375;1.04150390625;;;;;;;;;;;;;;;
69.61004638671875;-0.11572265625;0.16650390625;1.15478515625;;;;;;;;;;;;;;;
69.61349487304688;0.09130859375;-0.2666015625;1.042236328125;;;;;;;;;;;;;;;
69.61685180664062;-0.2216796875;0.33544921875;1.008544921875;;;;;;;;;;;;;;;
69.62033081054688;-0.53125;-0.17138671875;0.824462890625;;;;;;;;;;;;;;;
69.62368774414062;0.162841796875;0.154541015625;1.147705078125;;;;;;;;;;;;;;;
69.62710571289062;-0.001708984375;-0.106201171875;1.005126953125;;;;;;;;;;;;;;;
69.63055419921875;0.238525390625;0.287109375;1.042724609375;;;;;;;;;;;;;;;
69.63394165039062;-0.216796875;0.2265625;0.882568359375;;;;;;;;;;;;;;;
69.6373291015625;0.07666015625;-0.043701171875;0.79345703125;;;;;;;;;;;;;;;
69.64068603515625;-0.02734375;0.21533203125;1.16162109375;;;;;;;;;;;;;;;
69.64404296875;-0.210205078125;-0.08935546875;1.0712890625;;;;;;;;;;;;;;;
69.64755249023438;-0.023681640625;0.100830078125;1.145751953125;;;;;;;;;;;;;;;
69.65103149414062;-0.31298828125;-0.025146484375;0.814453125;;;;;;;;;;;;;;;
69.65444946289062;0.17138671875;0.16552734375;0.9404296875;;;;;;;;;;;;;;;
69.65786743164062;-0.1142578125;0.20068359375;1.062255859375;;;;;;;;;;;;;;;
69.6612548828125;0.179443359375;-0.048583984375;1.1142578125;;;;;;;;;;;;;;;
69.6646728515625;-0.217041015625;0.34130859375;1.132568359375;;;;;;;;;;;;;;;
69.66806030273438;-0.082275390625;-0.177978515625;0.841796875;;;;;;;;;;;;;;;
69.67138671875;0.039794921875;0.176025390625;1.05908203125;;;;;;;;;;;;;;;
69.6748046875;-0.15234375;0.01904296875;0.8818359375;;;;;;;;;;;;;;;
69.67819213867188;0.1015625;0.237060546875;1.14697265625;;;;;;;;;;;;;;;
69.68154907226562;-0.2119140625;0.12109375;1.01806640625;;;;;;;;;;;;;;;
69.68496704101562;0.095458984375;-0.13525390625;0.9619140625;;;;;;;;;;;;;;;
69.68829345703125;-0.2265625;0.192626953125;1.028076171875;;;;;;;;;;;;;;;
69.69171142578125;-0.13037109375;-0.097900390625;0.94921875;;;;;;;;;;;;;;;
69.695068359375;0.120361328125;0.09619140625;1.279296875;;;;;;;;;;;;;;;
69.69839477539062;-0.07421875;0.0673828125;0.972900390625;;;;;;;;;;;;;;;
69.70169067382812;0.138671875;0.364990234375;0.96826171875;;;;;;;;;;;;;;;
69.70504760742188;-0.25634765625;0.27880859375;0.760986328125;;;;;;;;;;;;;;;
69.70840454101562;0.063720703125;-0.027099609375;0.97607421875;;;;;;;;;;;;;;;
69.71176147460938;-0.097412109375;-0.033935546875;1.216796875;;;;;;;;;;;;;;;
69.71511840820312;-0.013427734375;-0.281005859375;1.061767578125;;;;;;;;;;;;;;;
69.71847534179688;0.045654296875;0.182861328125;1.055908203125;;;;;;;;;;;;;;;
69.72189331054688;-0.217529296875;0.10791015625;0.78466796875;;;;;;;;;;;;;;;
69.72531127929688;0.05126953125;0.3115234375;1.070068359375;;;;;;;;;;;;;;;
69.7286376953125;-0.09716796875;0.090087890625;1.06982421875;;;;;;;;;;;;;;;
69.73202514648438;0.07177734375;0.10546875;1.1025390625;;;;;;;;;;;;;;;
69.7353515625;-0.209228515625;0.131591796875;0.95703125;;;;;;;;;;;;;;;
69.73873901367188;-0.298095703125;-0.113037109375;0.81396484375;;;;;;;;;;;;;;;
69.74212646484375;0.138916015625;0.147216796875;1.158935546875;;;;;;;;;;;;;;;
69.7454833984375;0.0283203125;0.020751953125;1.045166015625;;;;;;;;;;;;;;;
69.74884033203125;0.1640625;0.3095703125;1.135498046875;;;;;;;;;;;;;;;
69.75216674804688;-0.2666015625;0.148681640625;0.807861328125;;;;;;;;;;;;;;;
69.75555419921875;0.06591796875;0.0302734375;0.9208984375;;;;;;;;;;;;;;;
69.7589111328125;-0.1328125;0.10791015625;1.107421875;;;;;;;;;;;;;;;
69.7623291015625;-0.117919921875;-0.165771484375;1.017822265625;;;;;;;;;;;;;;;
69.76565551757812;0.247802734375;0.110107421875;1.298583984375;;;;;;;;;;;;;;;
69.76901245117188;-0.205322265625;-0.061279296875;0.814208984375;;;;;;;;;;;;;;;
69.77243041992188;0.16064453125;0.251708984375;0.973388671875;;;;;;;;;;;;;;;
69.77587890625;-0.240966796875;0.096435546875;1.004638671875;;;;;;;;;;;;;;;
69.779296875;0.1259765625;0.141845703125;1.125;;;;;;;;;;;;;;;
69.78268432617188;-0.145263671875;0.142822265625;1.12353515625;;;;;;;;;;;;;;;
69.78610229492188;0.1181640625;-0.0869140625;0.75390625;;;;;;;;;;;;;;;
69.78945922851562;0.427978515625;0.181884765625;1.133056640625;;;;;;;;;;;;;;;
69.7928466796875;-0.239501953125;0.15380859375;0.882080078125;;;;;;;;;;;;;;;
69.79623413085938;0.013916015625;0.172607421875;1.201171875;;;;;;;;;;;;;;;
69.799560546875;-0.296142578125;-0.077880859375;0.95849609375;;;;;;;;;;;;;;;
69.80294799804688;0.27978515625;-0.050048828125;0.990478515625;;;;;;;;;;;;;;;
69.80633544921875;-0.201416015625;0.123779296875;1.005126953125;;;;;;;;;;;;;;;
69.80978393554688;-0.12109375;0.167236328125;0.85693359375;;;;;;;;;;;;;;;
69.81320190429688;0.360595703125;0.116943359375;1.397705078125;;;;;;;;;;;;;;;
69.81658935546875;-0.314697265625;-0.050537109375;0.93017578125;;;;;;;;;;;;;;;
69.81997680664062;0.35595703125;0.245849609375;1.0859375;;;;;;;;;;;;;;;
69.82345581054688;-0.319580078125;0.090087890625;0.744140625;;;;;;;;;;;;;;;
69.82693481445312;-0.030029296875;0.275390625;0.962890625;;;;;;;;;;;;;;;
69.83035278320312;-0.01220703125;-0.099853515625;1.205322265625;;;;;;;;;;;;;;;
69.83370971679688;-0.06591796875;-0.145263671875;0.999267578125;;;;;;;;;;;;;;;
69.83706665039062;0.24609375;0.141845703125;1.097900390625;;;;;;;;;;;;;;;
69.8404541015625;-0.16650390625;0.036376953125;0.780029296875;;;;;;;;;;;;;;;
69.84381103515625;0.090576171875;0.40478515625;1.095947265625;;;;;;;;;;;;;;;
69.84722900390625;-0.15185546875;-0.1171875;1.03369140625;;;;;;;;;;;;;;;
69.85076904296875;0.0498046875;0.32080078125;1.177978515625;;;;;;;;;;;;;;;
69.85415649414062;-0.266845703125;-0.068115234375;0.876953125;;;;;;;;;;;;;;;
69.8575439453125;-0.095947265625;0.103271484375;0.77392578125;;;;;;;;;;;;;;;
69.86093139648438;0.266357421875;0.204345703125;1.220458984375;;;;;;;;;;;;;;;
69.86422729492188;-0.189697265625;0.06298828125;1.016845703125;;;;;;;;;;;;;;;
69.86761474609375;0.1591796875;0.336669921875;1.221435546875;;;;;;;;;;;;;;;
69.87103271484375;-0.248779296875;-0.184326171875;0.794189453125;;;;;;;;;;;;;;;
69.87445068359375;0.049072265625;0.289306640625;0.978515625;;;;;;;;;;;;;;;
69.87783813476562;0.001953125;-0.083251953125;1.0703125;;;;;;;;;;;;;;;
69.8812255859375;-0.05908203125;0.1103515625;1.044189453125;;;;;;;;;;;;;;;
69.88467407226562;0.127197265625;0.061767578125;1.255859375;;;;;;;;;;;;;;;
69.88809204101562;-0.16259765625;0.009521484375;0.82763671875;;;;;;;;;;;;;;;
69.89141845703125;0.0966796875;0.4970703125;1.034423828125;;;;;;;;;;;;;;;
69.89486694335938;-0.316650390625;0.09375;0.82080078125;;;;;;;;;;;;;;;
69.8983154296875;-0.013671875;0.2216796875;1.14892578125;;;;;;;;;;;;;;;
69.90176391601562;-0.136474609375;-0.0556640625;1.10107421875;;;;;;;;;;;;;;;
69.90524291992188;0.18408203125;-0.062255859375;1.031982421875;;;;;;;;;;;;;;;
69.90853881835938;0.193115234375;0.175537109375;1.05908203125;;;;;;;;;;;;;;;
69.91189575195312;-0.163330078125;0.140869140625;0.936767578125;;;;;;;;;;;;;;;
69.91534423828125;-0.2109375;0.24072265625;1.15673828125;;;;;;;;;;;;;;;
69.918701171875;-0.17578125;-0.16259765625;0.96923828125;;;;;;;;;;;;;;;
69.92205810546875;-0.0224609375;0.129638671875;1.011962890625;;;;;;;;;;;;;;;
69.92538452148438;-0.182373046875;0.0302734375;0.91552734375;;;;;;;;;;;;;;;
69.92868041992188;0.009521484375;0.1982421875;0.9638671875;;;;;;;;;;;;;;;
69.9320068359375;0.045166015625;0.11328125;1.219482421875;;;;;;;;;;;;;;;
69.93533325195312;-0.051025390625;-0.093505859375;1.02978515625;;;;;;;;;;;;;;;
69.93875122070312;-0.073974609375;0.194580078125;1.0712890625;;;;;;;;;;;;;;;
69.94219970703125;-0.240966796875;0.028564453125;0.740966796875;;;;;;;;;;;;;;;
69.945556640625;-0.079345703125;0.263916015625;1.00927734375;;;;;;;;;;;;;;;
69.94894409179688;-0.05322265625;0.02197265625;1.1142578125;;;;;;;;;;;;;;;
69.95230102539062;0.05126953125;-0.048583984375;1.16015625;;;;;;;;;;;;;;;
69.95565795898438;-0.14501953125;0.14501953125;1.083984375;;;;;;;;;;;;;;;
69.95916748046875;-0.14306640625;-0.04248046875;0.822021484375;;;;;;;;;;;;;;;
69.96255493164062;-0.144775390625;0.389892578125;1.053955078125;;;;;;;;;;;;;;;
69.96591186523438;-0.00537109375;-0.23388671875;1.00341796875;;;;;;;;;;;;;;;
69.9693603515625;-0.015625;0.37646484375;1.171875;;;;;;;;;;;;;;;
69.97274780273438;-0.22509765625;0.04833984375;0.875732421875;;;;;;;;;;;;;;;
69.9761962890625;0.19091796875;0.12744140625;0.82177734375;;;;;;;;;;;;;;;
69.97958374023438;0.0263671875;0.2197265625;1.095458984375;;;;;;;;;;;;;;;
69.98294067382812;-0.059814453125;-0.142822265625;1.071533203125;;;;;;;;;;;;;;;
69.98638916015625;-0.232421875;0.278076171875;1.22216796875;;;;;;;;;;;;;;;
69.98974609375;-0.21875;-0.35546875;0.839111328125;;;;;;;;;;;;;;;
69.99310302734375;-0.02587890625;0.34765625;0.949951171875;;;;;;;;;;;;;;;
69.9964599609375;-0.20361328125;0.047607421875;0.98095703125;;;;;;;;;;;;;;;
69.99981689453125;0.096435546875;0.2216796875;1.10693359375;;;;;;;;;;;;;;;
70.00326538085938;-0.04248046875;0.144287109375;1.192138671875;;;;;;;;;;;;;;;
70.00668334960938;-0.072265625;-0.053955078125;0.87060546875;;;;;;;;;;;;;;;
70.010009765625;-0.092529296875;0.129638671875;1.001708984375;;;;;;;;;;;;;;;
70.01345825195312;-0.16259765625;-0.04248046875;0.83984375;;;;;;;;;;;;;;;
70.016845703125;0.101806640625;0.298095703125;1.144287109375;;;;;;;;;;;;;;;
70.02017211914062;-0.166015625;-0.109130859375;1.05615234375;;;;;;;;;;;;;;;
70.02362060546875;0.162841796875;0.074951171875;1.08935546875;;;;;;;;;;;;;;;
70.02700805664062;-0.0498046875;0.200927734375;1.024658203125;;;;;;;;;;;;;;;
70.03045654296875;-0.181640625;0.092041015625;0.8779296875;;;;;;;;;;;;;;;
70.033935546875;-0.047119140625;0.211181640625;1.16455078125;;;;;;;;;;;;;;;
70.037353515625;-0.12255859375;-0.298828125;0.969482421875;;;;;;;;;;;;;;;
70.04086303710938;0.083984375;0.328369140625;1.07177734375;;;;;;;;;;;;;;;
70.04421997070312;-0.245361328125;0.028076171875;0.7626953125;;;;;;;;;;;;;;;
70.04757690429688;0.12109375;0.357666015625;0.98095703125;;;;;;;;;;;;;;;
70.051025390625;-0.092529296875;0.10009765625;1.18505859375;;;;;;;;;;;;;;;
70.05438232421875;-0.132568359375;-0.087646484375;1.098388671875;;;;;;;;;;;;;;;
70.05767822265625;-0.1416015625;0.075927734375;1.095458984375;;;;;;;;;;;;;;;
70.06109619140625;-0.13525390625;-0.06494140625;0.769775390625;;;;;;;;;;;;;;;
70.064453125;-0.023681640625;0.479248046875;0.99755859375;;;;;;;;;;;;;;;
70.06787109375;-0.06689453125;-0.067138671875;1.031982421875;;;;;;;;;;;;;;;
70.0711669921875;0.14208984375;0.119384765625;1.211669921875;;;;;;;;;;;;;;;
70.07452392578125;-0.268798828125;0.07763671875;1.131591796875;;;;;;;;;;;;;;;
70.07791137695312;-0.20556640625;-0.027587890625;0.822265625;;;;;;;;;;;;;;;
70.08120727539062;-0.147216796875;0.255126953125;1.025146484375;;;;;;;;;;;;;;;
70.08453369140625;0.038818359375;-0.30908203125;0.96728515625;;;;;;;;;;;;;;;
70.087890625;-0.01806640625;0.37060546875;1.18359375;;;;;;;;;;;;;;;
70.09121704101562;-0.097412109375;-0.031982421875;0.89453125;;;;;;;;;;;;;;;
70.09463500976562;0.1015625;0.36279296875;0.919921875;;;;;;;;;;;;;;;
70.09793090820312;-0.381591796875;0.111083984375;1.041015625;;;;;;;;;;;;;;;
70.10125732421875;-0.055908203125;-0.119140625;1.049560546875;;;;;;;;;;;;;;;
70.10464477539062;-0.13427734375;0.03662109375;1.267822265625;;;;;;;;;;;;;;;
70.10800170898438;-0.136474609375;-0.27294921875;0.87158203125;;;;;;;;;;;;;;;
70.111328125;-0.123779296875;0.356689453125;0.974365234375;;;;;;;;;;;;;;;
70.11468505859375;-0.277587890625;0.045166015625;0.894287109375;;;;;;;;;;;;;;;
70.11798095703125;0.24267578125;0.37646484375;1.16748046875;;;;;;;;;;;;;;;
70.12130737304688;-0.198974609375;0.173828125;1.188720703125;;;;;;;;;;;;;;;
70.1246337890625;-0.06689453125;-0.106689453125;0.914306640625;;;;;;;;;;;;;;;
70.12796020507812;-0.201904296875;0.02734375;1.009521484375;;;;;;;;;;;;;;;
70.13137817382812;-0.23876953125;-0.171875;0.8037109375;;;;;;;;;;;;;;;
70.13482666015625;0.059326171875;0.228271484375;1.1416015625;;;;;;;;;;;;;;;
70.13818359375;-0.099365234375;-0.12841796875;1.0400390625;;;;;;;;;;;;;;;
70.14163208007812;0.190673828125;0.265869140625;1.177001953125;;;;;;;;;;;;;;;
70.14498901367188;-0.4921875;0.147705078125;1.019775390625;;;;;;;;;;;;;;;
70.1483154296875;-0.239990234375;0.13818359375;0.918212890625;;;;;;;;;;;;;;;
70.15167236328125;-0.128173828125;0.068603515625;1.06982421875;;;;;;;;;;;;;;;
70.15505981445312;0.2197265625;-0.34375;1.023681640625;;;;;;;;;;;;;;;
70.15847778320312;-0.06884765625;0.225830078125;1.10986328125;;;;;;;;;;;;;;;
70.16183471679688;-0.333984375;-0.036376953125;0.763427734375;;;;;;;;;;;;;;;
70.16519165039062;0.0625;0.37353515625;1.022216796875;;;;;;;;;;;;;;;
70.16854858398438;-0.07177734375;0.08740234375;1.123779296875;;;;;;;;;;;;;;;
70.17196655273438;0.030029296875;-0.01220703125;1.180419921875;;;;;;;;;;;;;;;
70.17532348632812;-0.13623046875;0.00390625;1.100341796875;;;;;;;;;;;;;;;
70.17874145507812;-0.122314453125;-0.07861328125;0.8330078125;;;;;;;;;;;;;;;
70.18212890625;-0.133056640625;0.365966796875;0.958251953125;;;;;;;;;;;;;;;
70.18551635742188;-0.13720703125;-0.112548828125;0.9765625;;;;;;;;;;;;;;;
70.18890380859375;0.070068359375;0.17041015625;1.259033203125;;;;;;;;;;;;;;;
70.19223022460938;-0.192626953125;0.0556640625;1.04345703125;;;;;;;;;;;;;;;
70.19570922851562;-0.14111328125;0.0751953125;0.874755859375;;;;;;;;;;;;;;;
70.19912719726562;-0.1044921875;0.181396484375;0.951416015625;;;;;;;;;;;;;;;
70.20254516601562;0.123779296875;-0.379150390625;1.026611328125;;;;;;;;;;;;;;;
70.20596313476562;0.00927734375;0.25634765625;1.190673828125;;;;;;;;;;;;;;;
70.20938110351562;-0.1044921875;-0.041015625;0.922119140625;;;;;;;;;;;;;;;
70.2127685546875;-0.065185546875;0.357421875;0.976806640625;;;;;;;;;;;;;;;
70.21615600585938;-0.286376953125;0.115478515625;0.921875;;;;;;;;;;;;;;;
70.21951293945312;0.041259765625;-0.029296875;1.115478515625;;;;;;;;;;;;;;;
70.22293090820312;-0.074951171875;-0.055419921875;1.218017578125;;;;;;;;;;;;;;;
70.22634887695312;0.001953125;-0.200927734375;0.974609375;;;;;;;;;;;;;;;
70.22970581054688;-0.100830078125;0.269287109375;0.934814453125;;;;;;;;;;;;;;;
70.233154296875;-0.094970703125;-0.004150390625;0.79541015625;;;;;;;;;;;;;;;
70.23654174804688;0.228759765625;0.306640625;1.218994140625;;;;;;;;;;;;;;;
70.239990234375;-0.258056640625;0.165283203125;1.092041015625;;;;;;;;;;;;;;;
70.24334716796875;0.0947265625;-0.0048828125;0.99560546875;;;;;;;;;;;;;;;
70.24673461914062;-0.252197265625;-0.021728515625;0.95556640625;;;;;;;;;;;;;;;
70.25015258789062;0.03173828125;-0.246337890625;0.854248046875;;;;;;;;;;;;;;;
70.25350952148438;-0.056396484375;0.17236328125;1.150146484375;;;;;;;;;;;;;;;
70.2569580078125;-0.026611328125;-0.19140625;1.039306640625;;;;;;;;;;;;;;;
70.26028442382812;-0.01025390625;0.324462890625;1.208251953125;;;;;;;;;;;;;;;
70.26364135742188;-0.401611328125;0.07373046875;0.896240234375;;;;;;;;;;;;;;;
70.26705932617188;-0.03857421875;0.147705078125;0.954833984375;;;;;;;;;;;;;;;
70.27047729492188;-0.104736328125;0.056396484375;0.9912109375;;;;;;;;;;;;;;;
70.2738037109375;0.204833984375;-0.218017578125;1.088134765625;;;;;;;;;;;;;;;
70.27716064453125;-0.14501953125;0.122802734375;1.08642578125;;;;;;;;;;;;;;;
70.280517578125;-0.071044921875;-0.17919921875;0.8203125;;;;;;;;;;;;;;;
70.28387451171875;-0.15234375;0.341796875;1.087890625;;;;;;;;;;;;;;;
70.28726196289062;-0.43505859375;0.014404296875;0.997802734375;;;;;;;;;;;;;;;
70.29061889648438;0.1611328125;-0.009765625;1.224853515625;;;;;;;;;;;;;;;
70.29391479492188;-0.16015625;0.078857421875;1.07421875;;;;;;;;;;;;;;;
70.29739379882812;0.06884765625;0.091552734375;0.87109375;;;;;;;;;;;;;;;
70.30081176757812;-0.136474609375;0.34423828125;0.920166015625;;;;;;;;;;;;;;;
70.30422973632812;-0.135986328125;-0.220947265625;0.956298828125;;;;;;;;;;;;;;;
70.3076171875;0.093994140625;0.165771484375;1.267578125;;;;;;;;;;;;;;;
70.31094360351562;-0.23974609375;-0.046875;1.02197265625;;;;;;;;;;;;;;;
70.3143310546875;-0.030517578125;0.067138671875;0.881591796875;;;;;;;;;;;;;;;
70.3177490234375;-0.14501953125;0.260986328125;0.88720703125;;;;;;;;;;;;;;;
70.32107543945312;0.0830078125;-0.078857421875;1.027099609375;;;;;;;;;;;;;;;
70.32449340820312;-0.077392578125;0.200439453125;1.16650390625;;;;;;;;;;;;;;;
70.32785034179688;-0.02783203125;-0.15576171875;0.978271484375;;;;;;;;;;;;;;;
70.33126831054688;-0.1181640625;0.297119140625;1.031982421875;;;;;;;;;;;;;;;
70.33465576171875;-0.566162109375;-0.060302734375;0.83544921875;;;;;;;;;;;;;;;
70.33798217773438;0.306396484375;-0.005859375;1.172607421875;;;;;;;;;;;;;;;
70.34133911132812;-0.13671875;-0.0341796875;1.00390625;;;;;;;;;;;;;;;
70.34469604492188;0.12060546875;0.096435546875;0.986083984375;;;;;;;;;;;;;;;
70.34811401367188;-0.09814453125;0.207763671875;0.9140625;;;;;;;;;;;;;;;
70.35147094726562;-0.043701171875;-0.0166015625;0.810302734375;;;;;;;;;;;;;;;
70.35482788085938;0.175537109375;0.229736328125;1.22265625;;;;;;;;;;;;;;;
70.35821533203125;-0.41357421875;0.090087890625;1.050537109375;;;;;;;;;;;;;;;
70.361572265625;0.23291015625;0.0009765625;1.050048828125;;;;;;;;;;;;;;;
70.364990234375;-0.333740234375;0.012451171875;0.853759765625;;;;;;;;;;;;;;;
70.36843872070312;0.16357421875;-0.0693359375;0.85791015625;;;;;;;;;;;;;;;
70.37179565429688;0.0869140625;0.10205078125;1.1005859375;;;;;;;;;;;;;;;
70.3751220703125;0.113525390625;-0.08251953125;1.068603515625;;;;;;;;;;;;;;;
70.37857055664062;-0.1142578125;0.359375;1.200927734375;;;;;;;;;;;;;;;
70.38186645507812;-0.416748046875;-0.026123046875;0.863525390625;;;;;;;;;;;;;;;
70.38519287109375;0.00244140625;0.165283203125;0.976318359375;;;;;;;;;;;;;;;
70.38864135742188;-0.087158203125;0.00634765625;0.927734375;;;;;;;;;;;;;;;
70.39205932617188;0.243896484375;-0.00244140625;1.105224609375;;;;;;;;;;;;;;;
70.39544677734375;-0.116943359375;0.124755859375;1.06982421875;;;;;;;;;;;;;;;
70.39886474609375;-0.03076171875;-0.17724609375;0.85546875;;;;;;;;;;;;;;;
70.40219116210938;-0.095947265625;0.34228515625;1.061279296875;;;;;;;;;;;;;;;
70.40567016601562;-0.2216796875;-0.052490234375;0.982177734375;;;;;;;;;;;;;;;
70.40911865234375;0.105712890625;0.0986328125;1.281982421875;;;;;;;;;;;;;;;
70.41250610351562;-0.165771484375;-0.049072265625;1.010986328125;;;;;;;;;;;;;;;
70.4158935546875;0.050537109375;0.293212890625;0.901611328125;;;;;;;;;;;;;;;
70.41925048828125;-0.098388671875;0.2470703125;0.8408203125;;;;;;;;;;;;;;;
70.422607421875;0.094482421875;-0.05908203125;0.90771484375;;;;;;;;;;;;;;;
70.4259033203125;0.08837890625;0.118408203125;1.28271484375;;;;;;;;;;;;;;;
70.42919921875;-0.124755859375;-0.0703125;1.049072265625;;;;;;;;;;;;;;;
70.4326171875;-0.049072265625;0.13427734375;0.9970703125;;;;;;;;;;;;;;;
70.43597412109375;-0.205078125;0.11474609375;0.8134765625;;;;;;;;;;;;;;;
70.43942260742188;0.114013671875;0.13916015625;1.041259765625;;;;;;;;;;;;;;;
70.44281005859375;-0.0380859375;0.096435546875;1.133056640625;;;;;;;;;;;;;;;
70.4461669921875;0.041748046875;0.001220703125;1.040771484375;;;;;;;;;;;;;;;
70.44952392578125;-0.175048828125;0.23095703125;1.007080078125;;;;;;;;;;;;;;;
70.4530029296875;-0.2958984375;-0.0419921875;0.84423828125;;;;;;;;;;;;;;;
70.45635986328125;0.1220703125;0.17529296875;1.18603515625;;;;;;;;;;;;;;;
70.459716796875;0.0107421875;-0.01123046875;1.02392578125;;;;;;;;;;;;;;;
70.46316528320312;0.126953125;0.30712890625;1.08251953125;;;;;;;;;;;;;;;
70.46652221679688;-0.193359375;0.1669921875;0.85205078125;;;;;;;;;;;;;;;
70.469970703125;0.024169921875;-0.02685546875;0.866455078125;;;;;;;;;;;;;;;
70.473388671875;-0.0048828125;0.141845703125;1.199462890625;;;;;;;;;;;;;;;
70.47674560546875;-0.1162109375;-0.054931640625;1.08837890625;;;;;;;;;;;;;;;
70.48013305664062;-0.041015625;0.076171875;1.22265625;;;;;;;;;;;;;;;
70.48345947265625;-0.252685546875;0.01953125;0.818359375;;;;;;;;;;;;;;;
70.48699951171875;0.110107421875;0.177734375;0.93505859375;;;;;;;;;;;;;;;
70.49038696289062;-0.162109375;0.14501953125;0.88916015625;;;;;;;;;;;;;;;
70.49380493164062;0.046142578125;-0.059814453125;1.091552734375;;;;;;;;;;;;;;;
70.49722290039062;-0.190673828125;0.207275390625;1.17431640625;;;;;;;;;;;;;;;
70.50057983398438;-0.09228515625;-0.125;0.827392578125;;;;;;;;;;;;;;;
70.50390625;0.149658203125;0.14990234375;1.069091796875;;;;;;;;;;;;;;;
70.50735473632812;-0.11328125;0.085693359375;0.90966796875;;;;;;;;;;;;;;;
70.5107421875;0.0791015625;0.13525390625;1.159912109375;;;;;;;;;;;;;;;
70.51412963867188;-0.221435546875;0.10986328125;1.01953125;;;;;;;;;;;;;;;
70.51754760742188;0.04833984375;-0.138427734375;0.915771484375;;;;;;;;;;;;;;;
70.52090454101562;-0.216796875;0.1962890625;1.047607421875;;;;;;;;;;;;;;;
70.52435302734375;-0.241455078125;0.00146484375;0.874755859375;;;;;;;;;;;;;;;
70.52764892578125;0.433349609375;0.08154296875;1.363037109375;;;;;;;;;;;;;;;
70.53094482421875;-0.14794921875;0.047119140625;0.97021484375;;;;;;;;;;;;;;;
70.53439331054688;0.22119140625;0.22705078125;0.996337890625;;;;;;;;;;;;;;;
70.53781127929688;-0.2783203125;0.1083984375;0.776123046875;;;;;;;;;;;;;;;
70.54116821289062;0.149169921875;0.0126953125;0.916259765625;;;;;;;;;;;;;;;
70.5445556640625;0.12158203125;0.08740234375;1.244384765625;;;;;;;;;;;;;;;
70.54794311523438;-0.234375;-0.119384765625;1.0302734375;;;;;;;;;;;;;;;
70.5513916015625;0.053466796875;0.160400390625;1.05322265625;;;;;;;;;;;;;;;
70.55471801757812;-0.27880859375;0.0380859375;0.808837890625;;;;;;;;;;;;;;;
70.55801391601562;0.136962890625;0.259521484375;1.064208984375;;;;;;;;;;;;;;;
70.5614013671875;-0.10693359375;-0.04736328125;1.077880859375;;;;;;;;;;;;;;;
70.56484985351562;0.078125;0.135498046875;1.125244140625;;;;;;;;;;;;;;;
70.5682373046875;-0.24853515625;0.08447265625;0.930908203125;;;;;;;;;;;;;;;
70.57162475585938;-0.318115234375;0.022705078125;0.734375;;;;;;;;;;;;;;;
70.57498168945312;0.458740234375;0.260498046875;1.227783203125;;;;;;;;;;;;;;;
70.57846069335938;-0.117431640625;0.108642578125;1.01953125;;;;;;;;;;;;;;;
70.58184814453125;0.238037109375;0.318115234375;1.156494140625;;;;;;;;;;;;;;;
70.58523559570312;-0.397705078125;-0.1220703125;0.827880859375;;;;;;;;;;;;;;;
70.58865356445312;0.165771484375;0.025146484375;0.898193359375;;;;;;;;;;;;;;;
70.59194946289062;0.038818359375;0.01806640625;1.12646484375;;;;;;;;;;;;;;;
70.5953369140625;-0.2021484375;0.0244140625;1.007080078125;;;;;;;;;;;;;;;
70.59878540039062;0.271728515625;0.103271484375;1.28125;;;;;;;;;;;;;;;
70.6021728515625;-0.193359375;0.057861328125;0.840087890625;;;;;;;;;;;;;;;
70.60562133789062;0.147216796875;0.41796875;0.960205078125;;;;;;;;;;;;;;;
70.60903930664062;-0.25048828125;0.18359375;0.834716796875;;;;;;;;;;;;;;;
70.61245727539062;0.11572265625;0.066650390625;1.113525390625;;;;;;;;;;;;;;;
70.6158447265625;-0.13427734375;0.12353515625;1.12548828125;;;;;;;;;;;;;;;
70.61923217773438;0.0205078125;-0.2255859375;0.908935546875;;;;;;;;;;;;;;;
70.62252807617188;0.205810546875;0.121826171875;1.058837890625;;;;;;;;;;;;;;;
70.62600708007812;-0.172607421875;0.1171875;0.906494140625;;;;;;;;;;;;;;;
70.62939453125;0.02197265625;0.316650390625;1.164794921875;;;;;;;;;;;;;;;
70.63278198242188;-0.281005859375;0.034912109375;0.986572265625;;;;;;;;;;;;;;;
70.63619995117188;0.144287109375;0.0078125;0.97509765625;;;;;;;;;;;;;;;
70.63949584960938;-0.17431640625;0.1162109375;0.981689453125;;;;;;;;;;;;;;;
70.64291381835938;-0.19189453125;-0.010986328125;0.91455078125;;;;;;;;;;;;;;;
70.646240234375;0.314208984375;0.0068359375;1.284912109375;;;;;;;;;;;;;;;
70.64956665039062;-0.104248046875;-0.035400390625;0.983642578125;;;;;;;;;;;;;;;
70.65298461914062;0.163330078125;0.31884765625;1.031982421875;;;;;;;;;;;;;;;
70.65634155273438;-0.28173828125;0.222412109375;0.748779296875;;;;;;;;;;;;;;;
70.65972900390625;0.017822265625;0.224853515625;0.953125;;;;;;;;;;;;;;;
70.66305541992188;0.014892578125;-0.045166015625;1.166015625;;;;;;;;;;;;;;;
70.66650390625;-0.07421875;-0.20458984375;1.125;;;;;;;;;;;;;;;
70.66983032226562;-0.124267578125;0.12060546875;1.07275390625;;;;;;;;;;;;;;;
70.67315673828125;-0.171630859375;0.021484375;0.800048828125;;;;;;;;;;;;;;;
70.676513671875;-0.043212890625;0.4931640625;1.092041015625;;;;;;;;;;;;;;;
70.67987060546875;-0.077392578125;-0.1318359375;1.02392578125;;;;;;;;;;;;;;;
70.68319702148438;0.048095703125;0.216064453125;1.178466796875;;;;;;;;;;;;;;;
70.68661499023438;-0.2666015625;-0.007568359375;0.875244140625;;;;;;;;;;;;;;;
70.68997192382812;0.232421875;0.0634765625;0.802734375;;;;;;;;;;;;;;;
70.693359375;0.102294921875;0.30322265625;1.119873046875;;;;;;;;;;;;;;;
70.69671630859375;-0.052490234375;0.0458984375;1.068115234375;;;;;;;;;;;;;;;
70.70010375976562;-0.205078125;0.233154296875;1.21240234375;;;;;;;;;;;;;;;
70.70352172851562;-0.314208984375;-0.31884765625;0.82177734375;;;;;;;;;;;;;;;
70.70693969726562;0.013427734375;0.1201171875;0.930419921875;;;;;;;;;;;;;;;
70.71026611328125;-0.130126953125;0.0361328125;1.004150390625;;;;;;;;;;;;;;;
70.713623046875;0.10595703125;0.218505859375;1.09716796875;;;;;;;;;;;;;;;
70.71697998046875;-0.059326171875;0.2314453125;1.208984375;;;;;;;;;;;;;;;
70.72030639648438;-0.14013671875;-0.046875;0.87255859375;;;;;;;;;;;;;;;
70.72378540039062;-0.08447265625;0.139892578125;0.9873046875;;;;;;;;;;;;;;;
70.72714233398438;-0.175537109375;0.03857421875;0.8427734375;;;;;;;;;;;;;;;
70.73052978515625;0.109619140625;0.12646484375;1.147705078125;;;;;;;;;;;;;;;
70.73388671875;-0.0888671875;-0.009765625;1.08642578125;;;;;;;;;;;;;;;
70.73733520507812;0.13134765625;-0.072265625;1.02001953125;;;;;;;;;;;;;;;
70.74066162109375;-0.003173828125;0.2646484375;1.0234375;;;;;;;;;;;;;;;
70.744140625;-0.13134765625;0.136474609375;0.90380859375;;;;;;;;;;;;;;;
70.74749755859375;-0.05908203125;0.273681640625;1.172607421875;;;;;;;;;;;;;;;
70.75088500976562;-0.24169921875;-0.224609375;0.95947265625;;;;;;;;;;;;;;;
70.7542724609375;0.0849609375;0.09375;1.049560546875;;;;;;;;;;;;;;;
70.7576904296875;-0.18603515625;0.026611328125;0.781982421875;;;;;;;;;;;;;;;
70.7611083984375;0.126708984375;0.265869140625;0.9189453125;;;;;;;;;;;;;;;
70.764404296875;0.188232421875;0.123046875;1.24853515625;;;;;;;;;;;;;;;
70.76773071289062;-0.147705078125;-0.09521484375;0.99560546875;;;;;;;;;;;;;;;
70.7711181640625;-0.0107421875;0.1396484375;1.096435546875;;;;;;;;;;;;;;;
70.7745361328125;-0.228515625;0.09033203125;0.740234375;;;;;;;;;;;;;;;
70.77792358398438;0.041748046875;0.39111328125;0.983154296875;;;;;;;;;;;;;;;
70.7813720703125;-0.06640625;-0.04345703125;1.086669921875;;;;;;;;;;;;;;;
70.7847900390625;0.150390625;-0.02294921875;1.172119140625;;;;;;;;;;;;;;;
70.78817749023438;-0.10107421875;0.12109375;1.11328125;;;;;;;;;;;;;;;
70.79156494140625;-0.19921875;-0.079345703125;0.808349609375;;;;;;;;;;;;;;;
70.79486083984375;-0.07373046875;0.273681640625;1.0546875;;;;;;;;;;;;;;;
70.79824829101562;-0.008056640625;-0.18017578125;0.980224609375;;;;;;;;;;;;;;;
70.80160522460938;0.0546875;0.40966796875;1.1748046875;;;;;;;;;;;;;;;
70.80490112304688;-0.255859375;0.076416015625;0.86279296875;;;;;;;;;;;;;;;
70.80828857421875;0.271484375;0.202880859375;0.801513671875;;;;;;;;;;;;;;;
70.81167602539062;0.143798828125;0.153076171875;1.171630859375;;;;;;;;;;;;;;;
70.8150634765625;-0.247314453125;-0.147216796875;1.02587890625;;;;;;;;;;;;;;;
70.81845092773438;-0.17236328125;0.087158203125;1.250732421875;;;;;;;;;;;;;;;
70.82183837890625;-0.228759765625;-0.296875;0.81689453125;;;;;;;;;;;;;;;
70.82516479492188;0.065673828125;0.395263671875;0.98388671875;;;;;;;;;;;;;;;
70.82855224609375;-0.304443359375;0.08056640625;0.939208984375;;;;;;;;;;;;;;;
70.83193969726562;0.18603515625;0.283935546875;1.131103515625;;;;;;;;;;;;;;;
70.8353271484375;-0.056640625;0.1787109375;1.240966796875;;;;;;;;;;;;;;;
70.83877563476562;-0.265380859375;-0.1279296875;0.89013671875;;;;;;;;;;;;;;;
70.84222412109375;-0.107177734375;0.018310546875;1.022705078125;;;;;;;;;;;;;;;
70.84564208984375;-0.118408203125;-0.1787109375;0.82373046875;;;;;;;;;;;;;;;
70.84902954101562;0.13916015625;0.333251953125;1.163818359375;;;;;;;;;;;;;;;
70.85238647460938;-0.12744140625;-0.121337890625;1.031494140625;;;;;;;;;;;;;;;
70.85577392578125;0.184326171875;0.235595703125;1.144775390625;;;;;;;;;;;;;;;
70.85916137695312;0.12158203125;0.176513671875;1.04736328125;;;;;;;;;;;;;;;
70.86257934570312;-0.2568359375;0.07763671875;0.90283203125;;;;;;;;;;;;;;;
70.86605834960938;-0.151123046875;0.056884765625;1.13232421875;;;;;;;;;;;;;;;
70.86941528320312;-0.183349609375;-0.37841796875;0.97607421875;;;;;;;;;;;;;;;
70.872802734375;0.0625;0.194091796875;1.095703125;;;;;;;;;;;;;;;
70.87615966796875;-0.2421875;-0.041259765625;0.764892578125;;;;;;;;;;;;;;;
70.87960815429688;0.26806640625;0.47412109375;1.005859375;;;;;;;;;;;;;;;
70.8829345703125;-0.04931640625;0.225341796875;1.173828125;;;;;;;;;;;;;;;
70.8863525390625;-0.147705078125;-0.00439453125;1.156005859375;;;;;;;;;;;;;;;
70.88973999023438;-0.223388671875;-0.105224609375;1.13232421875;;;;;;;;;;;;;;;
70.89312744140625;-0.14208984375;-0.16162109375;0.779052734375;;;;;;;;;;;;;;;
70.89651489257812;-0.083984375;0.29150390625;1.00390625;;;;;;;;;;;;;;;
70.89993286132812;-0.128173828125;-0.072998046875;1.030029296875;;;;;;;;;;;;;;;
70.9033203125;0.087890625;0.107177734375;1.231689453125;;;;;;;;;;;;;;;
70.90682983398438;-0.123779296875;0.189208984375;1.04150390625;;;;;;;;;;;;;;;
70.91018676757812;-0.05810546875;0.026611328125;0.8671875;;;;;;;;;;;;;;;
70.91354370117188;-0.18798828125;0.22314453125;0.976318359375;;;;;;;;;;;;;;;
70.9168701171875;0.057373046875;-0.34521484375;0.989013671875;;;;;;;;;;;;;;;
70.92022705078125;-0.095703125;0.259521484375;1.174072265625;;;;;;;;;;;;;;;
70.92355346679688;-0.10009765625;-0.028076171875;0.89013671875;;;;;;;;;;;;;;;
70.927001953125;0.041259765625;0.2724609375;0.95751953125;;;;;;;;;;;;;;;
70.93032836914062;-0.182373046875;0.16455078125;0.96044921875;;;;;;;;;;;;;;;
70.93374633789062;-0.046630859375;-0.08056640625;1.03955078125;;;;;;;;;;;;;;;
70.93710327148438;0.065673828125;-0.01904296875;1.2041015625;;;;;;;;;;;;;;;
70.94052124023438;-0.0078125;-0.20166015625;0.932373046875;;;;;;;;;;;;;;;
70.94387817382812;0.0;0.314453125;0.926513671875;;;;;;;;;;;;;;;
70.94723510742188;-0.12451171875;0.04833984375;0.8349609375;;;;;;;;;;;;;;;
70.95059204101562;0.194091796875;0.30615234375;1.217529296875;;;;;;;;;;;;;;;
70.95401000976562;-0.123779296875;0.147705078125;1.1240234375;;;;;;;;;;;;;;;
70.9573974609375;0.024169921875;-0.07275390625;0.96337890625;;;;;;;;;;;;;;;
70.96075439453125;-0.201416015625;-0.0380859375;0.933837890625;;;;;;;;;;;;;;;
70.96420288085938;0.017333984375;-0.210205078125;0.851318359375;;;;;;;;;;;;;;;
70.96762084960938;0.06494140625;0.249755859375;1.134765625;;;;;;;;;;;;;;;
70.97097778320312;-0.0126953125;-0.10302734375;1.017822265625;;;;;;;;;;;;;;;
70.974365234375;0.04541015625;0.23779296875;1.213623046875;;;;;;;;;;;;;;;
70.97772216796875;-0.4130859375;0.0751953125;0.928955078125;;;;;;;;;;;;;;;
70.98110961914062;-0.098388671875;0.115478515625;0.941650390625;;;;;;;;;;;;;;;
70.98452758789062;-0.1142578125;-0.010009765625;1.0361328125;;;;;;;;;;;;;;;
70.9879150390625;0.0791015625;-0.315673828125;1.072021484375;;;;;;;;;;;;;;;
70.99136352539062;-0.129638671875;0.285888671875;1.07080078125;;;;;;;;;;;;;;;
70.9947509765625;-0.126708984375;0.03564453125;0.77783203125;;;;;;;;;;;;;;;
70.99826049804688;0.22802734375;0.397216796875;1.076171875;;;;;;;;;;;;;;;
71.00161743164062;-0.31640625;-0.008056640625;1.06396484375;;;;;;;;;;;;;;;
71.00494384765625;0.0703125;-0.1162109375;1.214111328125;;;;;;;;;;;;;;;
71.00836181640625;-0.292236328125;-0.02783203125;1.064453125;;;;;;;;;;;;;;;
71.01168823242188;-0.00634765625;0.00146484375;0.85498046875;;;;;;;;;;;;;;;
71.01507568359375;-0.12255859375;0.3447265625;0.93359375;;;;;;;;;;;;;;;
71.01852416992188;-0.1142578125;-0.13330078125;0.9599609375;;;;;;;;;;;;;;;
71.02191162109375;0.1396484375;0.246826171875;1.271728515625;;;;;;;;;;;;;;;
71.02532958984375;-0.248046875;0.123046875;0.994140625;;;;;;;;;;;;;;;
71.02871704101562;-0.033203125;0.0380859375;0.88427734375;;;;;;;;;;;;;;;
71.0321044921875;-0.17236328125;0.19921875;0.9306640625;;;;;;;;;;;;;;;
71.03549194335938;0.0810546875;-0.30712890625;1.006103515625;;;;;;;;;;;;;;;
71.038818359375;-0.03369140625;0.166748046875;1.177490234375;;;;;;;;;;;;;;;
71.04217529296875;-0.034423828125;-0.143798828125;0.955810546875;;;;;;;;;;;;;;;
71.0455322265625;-0.098876953125;0.33740234375;0.984619140625;;;;;;;;;;;;;;;
71.04888916015625;-0.272216796875;0.134033203125;0.90673828125;;;;;;;;;;;;;;;
71.05233764648438;0.09716796875;-0.0166015625;1.1171875;;;;;;;;;;;;;;;
71.05572509765625;-0.014892578125;0.024169921875;1.18896484375;;;;;;;;;;;;;;;
71.05908203125;0.069091796875;-0.028564453125;0.978271484375;;;;;;;;;;;;;;;
71.06246948242188;-0.126220703125;0.360595703125;0.96337890625;;;;;;;;;;;;;;;
71.0657958984375;-0.127197265625;-0.142578125;0.793212890625;;;;;;;;;;;;;;;
71.0692138671875;0.1298828125;0.240234375;1.244873046875;;;;;;;;;;;;;;;
71.07260131835938;-0.14892578125;0.0224609375;1.075439453125;;;;;;;;;;;;;;;
71.07598876953125;0.0810546875;0.046142578125;0.99560546875;;;;;;;;;;;;;;;
71.079345703125;-0.133056640625;0.076171875;0.92333984375;;;;;;;;;;;;;;;
71.08273315429688;-0.00732421875;-0.02978515625;0.86865234375;;;;;;;;;;;;;;;
71.08612060546875;-0.087646484375;0.243896484375;1.133056640625;;;;;;;;;;;;;;;
71.08950805664062;-0.00927734375;-0.26953125;1.025146484375;;;;;;;;;;;;;;;
71.09286499023438;-0.077880859375;0.3154296875;1.232666015625;;;;;;;;;;;;;;;
71.09625244140625;-0.36865234375;-0.1103515625;0.88427734375;;;;;;;;;;;;;;;
71.09967041015625;0.015869140625;0.216064453125;0.95751953125;;;;;;;;;;;;;;;
71.10311889648438;-0.051025390625;-0.063232421875;0.980224609375;;;;;;;;;;;;;;;
71.10647583007812;0.18359375;0.05615234375;1.0869140625;;;;;;;;;;;;;;;
71.10986328125;-0.134521484375;0.200439453125;1.07763671875;;;;;;;;;;;;;;;
71.11318969726562;-0.04150390625;-0.10546875;0.84130859375;;;;;;;;;;;;;;;
71.11663818359375;0.115966796875;0.33984375;1.111328125;;;;;;;;;;;;;;;
71.11996459960938;-0.389892578125;-0.14794921875;0.9990234375;;;;;;;;;;;;;;;
71.12332153320312;0.099365234375;-0.00634765625;1.251708984375;;;;;;;;;;;;;;;
71.12667846679688;-0.282470703125;-0.0087890625;1.02685546875;;;;;;;;;;;;;;;
71.13006591796875;0.1044921875;0.280029296875;0.851318359375;;;;;;;;;;;;;;;
71.13336181640625;-0.07763671875;0.29541015625;0.901611328125;;;;;;;;;;;;;;;
71.13674926757812;-0.00634765625;-0.093505859375;0.95458984375;;;;;;;;;;;;;;;
71.14004516601562;-0.018310546875;0.400146484375;1.2724609375;;;;;;;;;;;;;;;
71.14346313476562;-0.183349609375;-0.0244140625;1.05029296875;;;;;;;;;;;;;;;
71.14691162109375;-0.0400390625;0.077392578125;0.943603515625;;;;;;;;;;;;;;;
71.15036010742188;-0.1572265625;0.04736328125;0.84765625;;;;;;;;;;;;;;;
71.15377807617188;0.094482421875;-0.05126953125;1.046142578125;;;;;;;;;;;;;;;
71.15719604492188;-0.020263671875;0.180419921875;1.173828125;;;;;;;;;;;;;;;
71.16058349609375;0.0380859375;-0.218994140625;1.0205078125;;;;;;;;;;;;;;;
71.16403198242188;-0.213623046875;0.379150390625;1.0078125;;;;;;;;;;;;;;;
71.16741943359375;-0.268798828125;-0.030029296875;0.88232421875;;;;;;;;;;;;;;;
71.17086791992188;0.034423828125;0.16259765625;1.17236328125;;;;;;;;;;;;;;;
71.17422485351562;-0.04931640625;-0.076416015625;1.15576171875;;;;;;;;;;;;;;;
71.17758178710938;0.06640625;0.12109375;1.017822265625;;;;;;;;;;;;;;;
71.18106079101562;-0.146484375;0.17333984375;0.904052734375;;;;;;;;;;;;;;;
71.1844482421875;0.018798828125;-0.0830078125;0.762451171875;;;;;;;;;;;;;;;
71.18777465820312;-0.039794921875;0.32568359375;1.19970703125;;;;;;;;;;;;;;;
71.191162109375;-0.050537109375;0.06103515625;1.086181640625;;;;;;;;;;;;;;;
71.19461059570312;-0.05810546875;0.177978515625;1.125244140625;;;;;;;;;;;;;;;
71.19796752929688;-0.246337890625;-0.054931640625;0.84423828125;;;;;;;;;;;;;;;
71.20132446289062;0.089599609375;0.0830078125;0.88623046875;;;;;;;;;;;;;;;
71.2047119140625;-0.151611328125;0.24658203125;1.098876953125;;;;;;;;;;;;;;;
71.20816040039062;0.037109375;-0.1357421875;1.048828125;;;;;;;;;;;;;;;
71.21151733398438;-0.21142578125;0.271240234375;1.1689453125;;;;;;;;;;;;;;;
71.21481323242188;-0.060791015625;-0.16259765625;0.828369140625;;;;;;;;;;;;;;;
71.21817016601562;0.113525390625;0.250244140625;1.047607421875;;;;;;;;;;;;;;;
71.22158813476562;-0.12158203125;0.029052734375;0.943603515625;;;;;;;;;;;;;;;
71.2249755859375;0.084716796875;0.203369140625;1.13330078125;;;;;;;;;;;;;;;
71.22836303710938;-0.205322265625;0.20458984375;1.023681640625;;;;;;;;;;;;;;;
71.23175048828125;0.0234375;-0.11181640625;0.886962890625;;;;;;;;;;;;;;;
71.23519897460938;-0.198486328125;0.22216796875;1.076171875;;;;;;;;;;;;;;;
71.23855590820312;-0.245361328125;-0.169921875;0.93896484375;;;;;;;;;;;;;;;
71.24188232421875;0.181884765625;0.033935546875;1.300048828125;;;;;;;;;;;;;;;
71.24530029296875;-0.0595703125;0.03125;0.990478515625;;;;;;;;;;;;;;;
71.24862670898438;0.15185546875;0.395751953125;0.93310546875;;;;;;;;;;;;;;;
71.25201416015625;-0.19970703125;0.291748046875;0.80322265625;;;;;;;;;;;;;;;
71.25540161132812;-0.014892578125;-0.0244140625;0.93212890625;;;;;;;;;;;;;;;
71.2587890625;-0.02490234375;0.068359375;1.250732421875;;;;;;;;;;;;;;;
71.26217651367188;-0.11083984375;-0.163818359375;1.026123046875;;;;;;;;;;;;;;;
71.26556396484375;0.112548828125;0.107177734375;1.04052734375;;;;;;;;;;;;;;;
71.26898193359375;-0.19384765625;0.068603515625;0.8076171875;;;;;;;;;;;;;;;
71.27236938476562;0.091796875;0.18505859375;1.052001953125;;;;;;;;;;;;;;;
71.27572631835938;-0.042236328125;0.123779296875;1.105224609375;;;;;;;;;;;;;;;
71.27902221679688;0.057861328125;-0.228515625;1.079833984375;;;;;;;;;;;;;;;
71.28237915039062;-0.26123046875;0.2666015625;0.955322265625;;;;;;;;;;;;;;;
71.28579711914062;-0.4287109375;-0.07275390625;0.77587890625;;;;;;;;;;;;;;;
71.2891845703125;0.18310546875;0.187255859375;1.190185546875;;;;;;;;;;;;;;;
71.29254150390625;0.0283203125;0.031494140625;1.016845703125;;;;;;;;;;;;;;;
71.29586791992188;0.21142578125;0.26025390625;1.097412109375;;;;;;;;;;;;;;;
71.29931640625;-0.2939453125;0.11083984375;0.846923828125;;;;;;;;;;;;;;;
71.30264282226562;0.07080078125;-0.01171875;0.820068359375;;;;;;;;;;;;;;;
71.30599975585938;-0.130859375;0.205078125;1.14208984375;;;;;;;;;;;;;;;
71.30935668945312;-0.1982421875;-0.1552734375;1.02685546875;;;;;;;;;;;;;;;
71.31271362304688;0.094482421875;0.167236328125;1.1875;;;;;;;;;;;;;;;
71.31607055664062;-0.2099609375;0.01123046875;0.833740234375;;;;;;;;;;;;;;;
71.3194580078125;0.12060546875;0.341064453125;0.958251953125;;;;;;;;;;;;;;;
71.32284545898438;-0.233154296875;0.115966796875;1.02392578125;;;;;;;;;;;;;;;
71.3262939453125;0.18798828125;-0.003662109375;1.13037109375;;;;;;;;;;;;;;;
71.32965087890625;-0.25;0.17919921875;1.128173828125;;;;;;;;;;;;;;;
71.33306884765625;-0.07470703125;-0.199951171875;0.83837890625;;;;;;;;;;;;;;;
71.33651733398438;-0.026123046875;0.247314453125;1.0537109375;;;;;;;;;;;;;;;
71.33987426757812;-0.108642578125;0.181396484375;0.90478515625;;;;;;;;;;;;;;;
71.34317016601562;0.044677734375;0.27392578125;1.145263671875;;;;;;;;;;;;;;;
71.34658813476562;-0.225341796875;0.021728515625;1.010986328125;;;;;;;;;;;;;;;
71.34994506835938;0.129638671875;-0.08203125;0.9755859375;;;;;;;;;;;;;;;
71.3533935546875;-0.306396484375;0.1494140625;1.027099609375;;;;;;;;;;;;;;;
71.35675048828125;-0.288330078125;-0.09326171875;0.889892578125;;;;;;;;;;;;;;;
71.3602294921875;0.23974609375;0.033447265625;1.28271484375;;;;;;;;;;;;;;;
71.36361694335938;0.03271484375;0.057373046875;0.97021484375;;;;;;;;;;;;;;;
71.36697387695312;0.204345703125;0.3125;1.037353515625;;;;;;;;;;;;;;;
71.37039184570312;-0.2890625;0.2255859375;0.760498046875;;;;;;;;;;;;;;;
71.373779296875;0.034912109375;0.1435546875;0.96337890625;;;;;;;;;;;;;;;
71.37728881835938;-0.0498046875;-0.03955078125;1.1806640625;;;;;;;;;;;;;;;
71.38067626953125;-0.085205078125;-0.28271484375;1.082763671875;;;;;;;;;;;;;;;
71.38406372070312;-0.053466796875;0.062255859375;1.057373046875;;;;;;;;;;;;;;;
71.38739013671875;-0.1572265625;0.0576171875;0.80712890625;;;;;;;;;;;;;;;
71.39077758789062;-0.0341796875;0.376708984375;1.10107421875;;;;;;;;;;;;;;;
71.39413452148438;-0.017822265625;0.065185546875;1.07568359375;;;;;;;;;;;;;;;
71.39752197265625;-0.01025390625;0.25732421875;1.135009765625;;;;;;;;;;;;;;;
71.40093994140625;-0.26123046875;0.182861328125;0.921142578125;;;;;;;;;;;;;;;
71.40435791015625;-0.2724609375;-0.148193359375;0.791748046875;;;;;;;;;;;;;;;
71.40786743164062;0.141845703125;0.136474609375;1.1396484375;;;;;;;;;;;;;;;
71.41119384765625;0.052001953125;-0.112060546875;1.05224609375;;;;;;;;;;;;;;;
71.41458129882812;0.16552734375;0.397216796875;1.16796875;;;;;;;;;;;;;;;
71.41793823242188;-0.26611328125;0.1474609375;0.826904296875;;;;;;;;;;;;;;;
71.42132568359375;-0.037841796875;0.176025390625;0.922119140625;;;;;;;;;;;;;;;
71.42465209960938;-0.1279296875;0.056396484375;1.04638671875;;;;;;;;;;;;;;;
71.42807006835938;-0.03271484375;-0.2099609375;1.08642578125;;;;;;;;;;;;;;;
71.43148803710938;-0.065185546875;0.069091796875;1.19189453125;;;;;;;;;;;;;;;
71.43487548828125;-0.1220703125;-0.10302734375;0.8525390625;;;;;;;;;;;;;;;
71.43820190429688;-0.009521484375;0.457275390625;0.9970703125;;;;;;;;;;;;;;;
71.4415283203125;-0.172607421875;0.081298828125;0.929443359375;;;;;;;;;;;;;;;
71.44497680664062;0.141357421875;0.14794921875;1.165771484375;;;;;;;;;;;;;;;
71.44845581054688;-0.16650390625;0.078857421875;1.092529296875;;;;;;;;;;;;;;;
71.4517822265625;0.09326171875;-0.122802734375;0.8515625;;;;;;;;;;;;;;;
71.45516967773438;-0.071533203125;0.187744140625;1.033935546875;;;;;;;;;;;;;;;
71.45858764648438;-0.110595703125;0.10595703125;0.91357421875;;;;;;;;;;;;;;;
71.46200561523438;-0.084716796875;0.268310546875;1.196533203125;;;;;;;;;;;;;;;
71.4654541015625;-0.197265625;-0.205078125;0.964111328125;;;;;;;;;;;;;;;
71.46878051757812;0.10205078125;-0.031982421875;1.04443359375;;;;;;;;;;;;;;;
71.47213745117188;-0.209228515625;0.05615234375;0.9384765625;;;;;;;;;;;;;;;
71.47552490234375;0.02734375;0.21142578125;0.97021484375;;;;;;;;;;;;;;;
71.4788818359375;-0.085693359375;0.137451171875;1.194580078125;;;;;;;;;;;;;;;
71.48233032226562;-0.034912109375;-0.060791015625;1.00048828125;;;;;;;;;;;;;;;
71.48574829101562;-0.0166015625;0.121826171875;1.05029296875;;;;;;;;;;;;;;;
71.48919677734375;-0.194091796875;0.0947265625;0.75537109375;;;;;;;;;;;;;;;
71.49264526367188;0.0771484375;0.23388671875;0.988037109375;;;;;;;;;;;;;;;
71.49603271484375;-0.031982421875;0.010498046875;1.12939453125;;;;;;;;;;;;;;;
71.49951171875;0.0380859375;-0.125244140625;1.160888671875;;;;;;;;;;;;;;;
71.50283813476562;-0.235595703125;0.16015625;1.05908203125;;;;;;;;;;;;;;;
71.5062255859375;-0.133544921875;0.001708984375;0.813720703125;;;;;;;;;;;;;;;
71.5096435546875;-0.080078125;0.371337890625;1.054931640625;;;;;;;;;;;;;;;
71.51312255859375;-0.186279296875;-0.116943359375;0.9892578125;;;;;;;;;;;;;;;
71.51644897460938;0.0712890625;0.256103515625;1.162353515625;;;;;;;;;;;;;;;
71.51986694335938;-0.17626953125;0.0615234375;0.877197265625;;;;;;;;;;;;;;;
71.52322387695312;0.029296875;0.095947265625;0.837646484375;;;;;;;;;;;;;;;
71.52658081054688;-0.019775390625;0.203369140625;1.093505859375;;;;;;;;;;;;;;;
71.52993774414062;-0.02880859375;-0.12646484375;1.0634765625;;;;;;;;;;;;;;;
71.53335571289062;-0.0478515625;0.185791015625;1.205322265625;;;;;;;;;;;;;;;
71.5367431640625;-0.280517578125;0.073486328125;0.81884765625;;;;;;;;;;;;;;;
71.54013061523438;0.071044921875;0.281005859375;0.94921875;;;;;;;;;;;;;;;
71.54348754882812;-0.144775390625;0.10498046875;0.95166015625;;;;;;;;;;;;;;;
71.54684448242188;0.263916015625;-0.151611328125;1.132080078125;;;;;;;;;;;;;;;
71.55029296875;-0.00048828125;0.146728515625;1.2255859375;;;;;;;;;;;;;;;
71.55364990234375;-0.1044921875;-0.13427734375;0.88525390625;;;;;;;;;;;;;;;
71.5570068359375;-0.132080078125;0.34521484375;0.990478515625;;;;;;;;;;;;;;;
71.56039428710938;-0.148681640625;-0.027587890625;0.836181640625;;;;;;;;;;;;;;;
71.56390380859375;0.13427734375;0.295654296875;1.15771484375;;;;;;;;;;;;;;;
71.56723022460938;-0.1259765625;0.098876953125;1.03173828125;;;;;;;;;;;;;;;
71.57064819335938;0.255859375;0.096435546875;0.878662109375;;;;;;;;;;;;;;;
71.5740966796875;0.103271484375;0.13671875;1.047119140625;;;;;;;;;;;;;;;
71.57748413085938;-0.22119140625;0.013671875;0.868408203125;;;;;;;;;;;;;;;
71.580810546875;-0.05810546875;0.08642578125;1.2353515625;;;;;;;;;;;;;;;
71.58416748046875;-0.236328125;-0.2646484375;0.953125;;;;;;;;;;;;;;;
71.5875244140625;0.126953125;0.177734375;1.073974609375;;;;;;;;;;;;;;;
71.59088134765625;-0.2724609375;0.09326171875;0.850830078125;;;;;;;;;;;;;;;
71.59429931640625;0.217529296875;0.40478515625;0.953125;;;;;;;;;;;;;;;
71.5977783203125;0.201171875;0.20556640625;1.24462890625;;;;;;;;;;;;;;;
71.60122680664062;-0.199951171875;-0.07666015625;1.029541015625;;;;;;;;;;;;;;;
71.60464477539062;-0.085693359375;-0.020751953125;1.103515625;;;;;;;;;;;;;;;
71.6080322265625;-0.204345703125;-0.05517578125;0.74267578125;;;;;;;;;;;;;;;
71.61135864257812;0.03857421875;0.30810546875;1.007080078125;;;;;;;;;;;;;;;
71.61480712890625;-0.128662109375;-0.032470703125;1.021728515625;;;;;;;;;;;;;;;
71.6182861328125;0.076416015625;0.023193359375;1.213623046875;;;;;;;;;;;;;;;
71.62161254882812;-0.0966796875;0.232666015625;1.0341796875;;;;;;;;;;;;;;;
71.62496948242188;-0.134033203125;0.077392578125;0.799072265625;;;;;;;;;;;;;;;
71.62838745117188;-0.02490234375;0.3095703125;1.029541015625;;;;;;;;;;;;;;;
71.6317138671875;0.064453125;-0.3369140625;0.970703125;;;;;;;;;;;;;;;
71.63510131835938;0.092529296875;0.23828125;1.2001953125;;;;;;;;;;;;;;;
71.63845825195312;-0.2333984375;-0.033935546875;0.86083984375;;;;;;;;;;;;;;;
71.641845703125;0.0283203125;0.25;0.898681640625;;;;;;;;;;;;;;;
71.64520263671875;-0.0556640625;0.25048828125;1.009765625;;;;;;;;;;;;;;;
71.64862060546875;-0.02490234375;-0.017333984375;1.06787109375;;;;;;;;;;;;;;;
71.65206909179688;-0.10986328125;0.10888671875;1.248046875;;;;;;;;;;;;;;;
71.65545654296875;-0.203857421875;-0.35791015625;0.8759765625;;;;;;;;;;;;;;;
71.65878295898438;-0.01708984375;0.3125;0.94091796875;;;;;;;;;;;;;;;
71.66220092773438;-0.171142578125;-0.018798828125;0.8505859375;;;;;;;;;;;;;;;
71.66561889648438;0.1982421875;0.318115234375;1.18212890625;;;;;;;;;;;;;;;
71.66897583007812;-0.074951171875;0.136962890625;1.156005859375;;;;;;;;;;;;;;;
71.67236328125;-0.052490234375;0.05322265625;0.915771484375;;;;;;;;;;;;;;;
71.67578125;-0.188720703125;0.316162109375;1.016845703125;;;;;;;;;;;;;;;
71.67922973632812;-0.109130859375;-0.19970703125;0.805908203125;;;;;;;;;;;;;;;
71.6826171875;0.010009765625;0.2265625;1.154541015625;;;;;;;;;;;;;;;
71.68600463867188;-0.073974609375;-0.0380859375;0.99365234375;;;;;;;;;;;;;;;
71.68936157226562;0.11376953125;0.212158203125;1.17529296875;;;;;;;;;;;;;;;
71.69268798828125;-0.171142578125;0.13427734375;0.943359375;;;;;;;;;;;;;;;
71.696044921875;-0.067626953125;0.07080078125;0.915771484375;;;;;;;;;;;;;;;
71.69943237304688;-0.086669921875;0.0283203125;1.1982421875;;;;;;;;;;;;;;;
71.70294189453125;-0.024169921875;-0.37158203125;1.03564453125;;;;;;;;;;;;;;;
71.70635986328125;-0.103271484375;0.20751953125;1.073974609375;;;;;;;;;;;;;;;
71.709716796875;-0.130126953125;0.01416015625;0.780029296875;;;;;;;;;;;;;;;
71.713134765625;0.2265625;0.456298828125;1.047607421875;;;;;;;;;;;;;;;
71.71646118164062;-0.153076171875;0.219970703125;1.095947265625;;;;;;;;;;;;;;;
71.71987915039062;0.025390625;-0.09375;1.08935546875;;;;;;;;;;;;;;;
71.72323608398438;-0.22314453125;-0.049560546875;1.0908203125;;;;;;;;;;;;;;;
71.72659301757812;0.009521484375;-0.26953125;0.81787109375;;;;;;;;;;;;;;;
71.72991943359375;-0.1728515625;0.395263671875;1.037109375;;;;;;;;;;;;;;;
71.7332763671875;-0.14404296875;-0.048095703125;0.969482421875;;;;;;;;;;;;;;;
71.7366943359375;0.0400390625;0.29296875;1.265869140625;;;;;;;;;;;;;;;
71.74008178710938;-0.181884765625;0.073974609375;1.031982421875;;;;;;;;;;;;;;;
71.74349975585938;-0.085205078125;0.00732421875;0.871337890625;;;;;;;;;;;;;;;
71.74685668945312;-0.0986328125;0.160888671875;0.959228515625;;;;;;;;;;;;;;;
71.75021362304688;0.119873046875;-0.328857421875;0.9931640625;;;;;;;;;;;;;;;
71.75350952148438;-0.015869140625;0.29248046875;1.2138671875;;;;;;;;;;;;;;;
71.75692749023438;-0.10595703125;-0.077880859375;0.9150390625;;;;;;;;;;;;;;;
71.76031494140625;-0.141845703125;0.40234375;0.984130859375;;;;;;;;;;;;;;;
71.763671875;-0.284423828125;0.06787109375;0.977783203125;;;;;;;;;;;;;;;
71.76715087890625;-0.107666015625;-0.048583984375;1.093017578125;;;;;;;;;;;;;;;
71.77047729492188;-0.071044921875;-0.007080078125;1.1943359375;;;;;;;;;;;;;;;
71.77395629882812;0.05078125;-0.135009765625;0.923828125;;;;;;;;;;;;;;;
71.77734375;-0.076904296875;0.369384765625;0.984619140625;;;;;;;;;;;;;;;
71.78073120117188;-0.17626953125;-0.0458984375;0.830322265625;;;;;;;;;;;;;;;
71.78411865234375;0.15966796875;0.302734375;1.24853515625;;;;;;;;;;;;;;;
71.78750610351562;-0.168212890625;0.02197265625;1.135986328125;;;;;;;;;;;;;;;
71.79080200195312;-0.186767578125;0.050537109375;0.97314453125;;;;;;;;;;;;;;;
71.79415893554688;-0.14599609375;0.026611328125;0.949951171875;;;;;;;;;;;;;;;
71.79751586914062;-0.015380859375;-0.103271484375;0.8564453125;;;;;;;;;;;;;;;
71.80096435546875;0.0947265625;0.26611328125;1.157470703125;;;;;;;;;;;;;;;
71.80435180664062;-0.056884765625;-0.27978515625;1.015380859375;;;;;;;;;;;;;;;
71.80770874023438;-0.023681640625;0.3203125;1.243408203125;;;;;;;;;;;;;;;
71.81109619140625;-0.213134765625;-0.08935546875;0.95849609375;;;;;;;;;;;;;;;
71.814453125;-0.218017578125;0.0419921875;0.92578125;;;;;;;;;;;;;;;
71.81781005859375;-0.052978515625;-0.056396484375;1.02783203125;;;;;;;;;;;;;;;
71.8211669921875;0.03662109375;-0.080078125;1.03271484375;;;;;;;;;;;;;;;
71.82452392578125;-0.03662109375;0.312255859375;1.130126953125;;;;;;;;;;;;;;;
71.82794189453125;-0.14306640625;-0.102783203125;0.7919921875;;;;;;;;;;;;;;;
71.83126831054688;0.25927734375;0.384765625;1.11376953125;;;;;;;;;;;;;;;
71.83462524414062;-0.496337890625;0.068359375;1.0400390625;;;;;;;;;;;;;;;
71.83804321289062;0.02587890625;-0.025634765625;1.074951171875;;;;;;;;;;;;;;;
71.84136962890625;-0.243896484375;-0.052978515625;1.076904296875;;;;;;;;;;;;;;;
71.84475708007812;0.060546875;-0.23291015625;0.841796875;;;;;;;;;;;;;;;
71.84817504882812;-0.16064453125;0.335693359375;1.0302734375;;;;;;;;;;;;;;;
71.85162353515625;-0.163330078125;-0.162353515625;0.942626953125;;;;;;;;;;;;;;;
71.85504150390625;0.144775390625;0.374267578125;1.293212890625;;;;;;;;;;;;;;;
71.85842895507812;-0.2607421875;-0.0302734375;1.068115234375;;;;;;;;;;;;;;;
71.86187744140625;-0.085693359375;0.090087890625;0.915771484375;;;;;;;;;;;;;;;
71.865234375;-0.22802734375;0.04296875;0.8857421875;;;;;;;;;;;;;;;
71.86862182617188;0.082275390625;-0.1552734375;0.981201171875;;;;;;;;;;;;;;;
71.87197875976562;-0.04638671875;0.153564453125;1.197509765625;;;;;;;;;;;;;;;
71.87533569335938;-0.019775390625;-0.205810546875;0.96630859375;;;;;;;;;;;;;;;
71.87872314453125;-0.095703125;0.431884765625;1.041015625;;;;;;;;;;;;;;;
71.88217163085938;-0.30322265625;-0.01318359375;0.907958984375;;;;;;;;;;;;;;;
71.88558959960938;-0.006591796875;0.0673828125;1.12646484375;;;;;;;;;;;;;;;
71.88894653320312;-0.033935546875;-0.13720703125;1.167724609375;;;;;;;;;;;;;;;
71.892333984375;0.0849609375;0.099609375;0.985595703125;;;;;;;;;;;;;;;
71.895751953125;-0.100341796875;0.24853515625;0.942626953125;;;;;;;;;;;;;;;
71.89913940429688;-0.048095703125;-0.032958984375;0.786376953125;;;;;;;;;;;;;;;
71.90252685546875;0.06640625;0.30419921875;1.218017578125;;;;;;;;;;;;;;;
71.90585327148438;-0.072021484375;0.044677734375;1.104248046875;;;;;;;;;;;;;;;
71.90927124023438;0.0009765625;0.046630859375;1.05810546875;;;;;;;;;;;;;;;
71.91265869140625;-0.138427734375;-0.0341796875;0.8740234375;;;;;;;;;;;;;;;
71.91607666015625;0.083740234375;-0.00341796875;0.873291015625;;;;;;;;;;;;;;;
71.91943359375;0.083251953125;0.230224609375;1.12353515625;;;;;;;;;;;;;;;
71.92276000976562;0.01318359375;-0.1826171875;1.037841796875;;;;;;;;;;;;;;;
71.92617797851562;-0.159912109375;0.3349609375;1.19921875;;;;;;;;;;;;;;;
71.92953491210938;-0.30322265625;-0.110107421875;0.843994140625;;;;;;;;;;;;;;;
71.932861328125;0.117431640625;0.24169921875;1.008544921875;;;;;;;;;;;;;;;
71.93634033203125;-0.006591796875;-0.01904296875;0.958740234375;;;;;;;;;;;;;;;
71.93972778320312;0.16064453125;0.10546875;1.10302734375;;;;;;;;;;;;;;;
71.94308471679688;-0.12646484375;0.275634765625;1.0625;;;;;;;;;;;;;;;
71.94644165039062;-0.031005859375;-0.0732421875;0.865234375;;;;;;;;;;;;;;;
71.94979858398438;-0.0361328125;0.274169921875;1.082763671875;;;;;;;;;;;;;;;
71.95321655273438;-0.25732421875;0.002197265625;0.977294921875;;;;;;;;;;;;;;;
71.9566650390625;0.114990234375;-0.00244140625;1.261474609375;;;;;;;;;;;;;;;
71.96005249023438;-0.224609375;0.07861328125;1.003173828125;;;;;;;;;;;;;;;
71.96334838867188;0.128173828125;-0.115234375;0.899169921875;;;;;;;;;;;;;;;
71.96676635742188;-0.116455078125;0.393798828125;0.83544921875;;;;;;;;;;;;;;;
71.97018432617188;-0.0439453125;-0.138671875;0.9169921875;;;;;;;;;;;;;;;
71.97360229492188;-0.01513671875;0.31494140625;1.279541015625;;;;;;;;;;;;;;;
71.97695922851562;-0.15673828125;-0.227783203125;1.004638671875;;;;;;;;;;;;;;;
71.9803466796875;0.063720703125;0.16357421875;0.97216796875;;;;;;;;;;;;;;;
71.98373413085938;-0.172607421875;0.101806640625;0.81689453125;;;;;;;;;;;;;;;
71.98703002929688;0.093994140625;0.15380859375;1.028076171875;;;;;;;;;;;;;;;
71.99044799804688;-0.090087890625;0.210693359375;1.151611328125;;;;;;;;;;;;;;;
71.993896484375;0.009765625;-0.149169921875;1.02685546875;;;;;;;;;;;;;;;
71.99737548828125;-0.2275390625;0.210205078125;1.0830078125;;;;;;;;;;;;;;;
72.000732421875;-0.447265625;-0.17236328125;0.77001953125;;;;;;;;;;;;;;;
72.00408935546875;0.387939453125;0.069580078125;1.1865234375;;;;;;;;;;;;;;;
72.0074462890625;-0.017822265625;0.07080078125;1.086181640625;;;;;;;;;;;;;;;
72.01089477539062;0.242919921875;0.2841796875;1.084716796875;;;;;;;;;;;;;;;
72.01431274414062;-0.36328125;0.251953125;0.8740234375;;;;;;;;;;;;;;;
72.01766967773438;0.0859375;-0.092529296875;0.775390625;;;;;;;;;;;;;;;
72.0211181640625;-0.0556640625;0.145751953125;1.1884765625;;;;;;;;;;;;;;;
72.02450561523438;-0.231689453125;-0.136962890625;0.983642578125;;;;;;;;;;;;;;;
72.0279541015625;0.229736328125;0.15576171875;1.11181640625;;;;;;;;;;;;;;;
72.031494140625;-0.206787109375;0.065673828125;0.843505859375;;;;;;;;;;;;;;;
72.034912109375;0.156005859375;0.1669921875;0.933349609375;;;;;;;;;;;;;;;
72.03836059570312;-0.302734375;0.175048828125;1.118408203125;;;;;;;;;;;;;;;
72.04165649414062;0.0234375;-0.196044921875;1.06005859375;;;;;;;;;;;;;;;
72.04510498046875;-0.228515625;0.228515625;1.156494140625;;;;;;;;;;;;;;;
72.04855346679688;-0.108154296875;-0.150146484375;0.8291015625;;;;;;;;;;;;;;;
72.05191040039062;0.0625;0.27001953125;1.03369140625;;;;;;;;;;;;;;;
72.05535888671875;-0.115478515625;0.13623046875;0.901123046875;;;;;;;;;;;;;;;
72.05877685546875;0.197021484375;0.14453125;1.131591796875;;;;;;;;;;;;;;;
72.06210327148438;-0.2646484375;0.094970703125;1.052734375;;;;;;;;;;;;;;;
72.06546020507812;0.113525390625;-0.270751953125;0.9111328125;;;;;;;;;;;;;;;
72.06878662109375;-0.1123046875;0.251220703125;1.077392578125;;;;;;;;;;;;;;;
72.07208251953125;-0.443115234375;-0.08984375;0.907470703125;;;;;;;;;;;;;;;
72.07546997070312;0.181396484375;0.137939453125;1.264892578125;;;;;;;;;;;;;;;
72.078857421875;-0.171142578125;0.039794921875;0.990478515625;;;;;;;;;;;;;;;
72.08221435546875;0.19189453125;0.356689453125;0.950439453125;;;;;;;;;;;;;;;
72.08563232421875;-0.275390625;0.263916015625;0.78369140625;;;;;;;;;;;;;;;
72.08905029296875;0.008056640625;-0.070068359375;0.938232421875;;;;;;;;;;;;;;;
72.09237670898438;-0.050537109375;0.292724609375;1.237548828125;;;;;;;;;;;;;;;
72.09573364257812;-0.14306640625;-0.287353515625;1.060302734375;;;;;;;;;;;;;;;
72.09906005859375;-0.0078125;0.141357421875;1.023681640625;;;;;;;;;;;;;;;
72.1024169921875;-0.227294921875;0.07861328125;0.811767578125;;;;;;;;;;;;;;;
72.10577392578125;0.0625;0.321044921875;1.06884765625;;;;;;;;;;;;;;;
72.10919189453125;-0.120361328125;0.074951171875;1.10986328125;;;;;;;;;;;;;;;
72.11264038085938;0.14404296875;-0.2265625;1.07861328125;;;;;;;;;;;;;;;
72.11605834960938;-0.24609375;0.21826171875;1.0654296875;;;;;;;;;;;;;;;
72.11941528320312;-0.352783203125;-0.172607421875;0.8095703125;;;;;;;;;;;;;;;
72.12283325195312;0.063232421875;0.1552734375;1.17822265625;;;;;;;;;;;;;;;
72.12619018554688;-0.04638671875;-0.06005859375;1.0986328125;;;;;;;;;;;;;;;
72.12957763671875;0.09033203125;0.388427734375;1.09912109375;;;;;;;;;;;;;;;
72.1329345703125;-0.24658203125;0.17333984375;0.864990234375;;;;;;;;;;;;;;;
72.13632202148438;0.040283203125;0.02978515625;0.82080078125;;;;;;;;;;;;;;;
72.13970947265625;-0.11572265625;0.073974609375;1.11865234375;;;;;;;;;;;;;;;
72.14306640625;-0.09033203125;-0.24951171875;1.08740234375;;;;;;;;;;;;;;;
72.14639282226562;-0.103515625;0.134521484375;1.18798828125;;;;;;;;;;;;;;;
72.14981079101562;-0.17724609375;-0.02099609375;0.838134765625;;;;;;;;;;;;;;;
72.15316772460938;0.02685546875;0.399658203125;0.980224609375;;;;;;;;;;;;;;;
72.15658569335938;-0.217529296875;0.125732421875;1.02978515625;;;;;;;;;;;;;;;
72.15988159179688;0.06787109375;-0.014404296875;1.143798828125;;;;;;;;;;;;;;;
72.16329956054688;-0.20263671875;0.146484375;1.104248046875;;;;;;;;;;;;;;;
72.16665649414062;0.04345703125;-0.1630859375;0.867431640625;;;;;;;;;;;;;;;
72.17013549804688;-0.017822265625;0.2265625;1.044189453125;;;;;;;;;;;;;;;
72.17355346679688;-0.09716796875;0.10107421875;0.924560546875;;;;;;;;;;;;;;;
72.177001953125;-0.08349609375;0.230224609375;1.14990234375;;;;;;;;;;;;;;;
72.18035888671875;-0.166748046875;-0.0244140625;1.009521484375;;;;;;;;;;;;;;;
72.18374633789062;0.065673828125;-0.149169921875;1.010986328125;;;;;;;;;;;;;;;
72.1871337890625;-0.21533203125;0.13916015625;0.9736328125;;;;;;;;;;;;;;;
72.19046020507812;-0.103515625;0.057861328125;0.946533203125;;;;;;;;;;;;;;;
72.19387817382812;0.03173828125;0.178466796875;1.241943359375;;;;;;;;;;;;;;;
72.19720458984375;0.0009765625;-0.04833984375;0.97998046875;;;;;;;;;;;;;;;
72.2005615234375;0.12109375;0.273681640625;1.00732421875;;;;;;;;;;;;;;;
72.20394897460938;-0.2333984375;0.200439453125;0.7470703125;;;;;;;;;;;;;;;
72.2073974609375;0.0927734375;0.0517578125;0.947265625;;;;;;;;;;;;;;;
72.210693359375;0.022216796875;-0.021484375;1.18359375;;;;;;;;;;;;;;;
72.214111328125;-0.030029296875;-0.18994140625;1.11181640625;;;;;;;;;;;;;;;
72.21746826171875;-0.00048828125;0.215087890625;1.078125;;;;;;;;;;;;;;;
72.22088623046875;-0.241943359375;-0.03076171875;0.802978515625;;;;;;;;;;;;;;;
72.22427368164062;0.05712890625;0.349365234375;1.0654296875;;;;;;;;;;;;;;;
72.22763061523438;-0.158447265625;-0.0283203125;1.02978515625;;;;;;;;;;;;;;;
72.23117065429688;0.18212890625;-0.2255859375;1.13818359375;;;;;;;;;;;;;;;
72.23455810546875;-0.202880859375;0.10400390625;0.913330078125;;;;;;;;;;;;;;;
72.23785400390625;-0.078125;0.0439453125;0.82177734375;;;;;;;;;;;;;;;
72.2413330078125;0.037109375;0.263916015625;1.154052734375;;;;;;;;;;;;;;;
72.24478149414062;-0.076171875;-0.034912109375;1.0244140625;;;;;;;;;;;;;;;
72.248291015625;0.05322265625;0.181640625;1.1806640625;;;;;;;;;;;;;;;
72.25167846679688;-0.354736328125;0.1064453125;0.791259765625;;;;;;;;;;;;;;;
72.255126953125;0.228271484375;0.05322265625;0.92236328125;;;;;;;;;;;;;;;
72.258544921875;-0.068115234375;0.167236328125;1.0390625;;;;;;;;;;;;;;;
72.261962890625;0.04833984375;-0.14990234375;1.05908203125;;;;;;;;;;;;;;;
72.26531982421875;0.14404296875;0.191650390625;1.232421875;;;;;;;;;;;;;;;
72.2686767578125;-0.160888671875;-0.14794921875;0.854736328125;;;;;;;;;;;;;;;
72.27203369140625;0.03466796875;0.340576171875;1.0107421875;;;;;;;;;;;;;;;
72.27545166015625;-0.259765625;0.063232421875;0.928955078125;;;;;;;;;;;;;;;
72.27896118164062;0.17724609375;0.166259765625;1.1494140625;;;;;;;;;;;;;;;
72.28237915039062;-0.16845703125;0.156005859375;1.05419921875;;;;;;;;;;;;;;;
72.28573608398438;0.1953125;-0.064697265625;0.817138671875;;;;;;;;;;;;;;;
72.28912353515625;0.164794921875;0.189453125;1.056884765625;;;;;;;;;;;;;;;
72.2926025390625;-0.1669921875;0.120849609375;0.884033203125;;;;;;;;;;;;;;;
72.29611206054688;-0.018798828125;0.197998046875;1.193115234375;;;;;;;;;;;;;;;
72.29959106445312;-0.287109375;-0.111083984375;0.967529296875;;;;;;;;;;;;;;;
72.302978515625;0.157470703125;0.01220703125;1.026611328125;;;;;;;;;;;;;;;
72.30642700195312;-0.268798828125;0.11962890625;0.9189453125;;;;;;;;;;;;;;;
72.309814453125;-0.0576171875;0.183349609375;0.891357421875;;;;;;;;;;;;;;;
72.31326293945312;0.349853515625;0.15283203125;1.271728515625;;;;;;;;;;;;;;;
72.31661987304688;-0.08544921875;0.001953125;0.9931640625;;;;;;;;;;;;;;;
72.32000732421875;0.103515625;0.16455078125;1.09814453125;;;;;;;;;;;;;;;
72.32339477539062;-0.3203125;0.129150390625;0.709228515625;;;;;;;;;;;;;;;
72.32675170898438;0.074462890625;0.25048828125;0.99951171875;;;;;;;;;;;;;;;
72.3302001953125;-0.1318359375;-0.052001953125;1.09326171875;;;;;;;;;;;;;;;
72.33358764648438;0.03076171875;-0.17236328125;1.16796875;;;;;;;;;;;;;;;
72.33700561523438;-0.148193359375;0.16796875;1.083984375;;;;;;;;;;;;;;;
72.34039306640625;-0.18505859375;0.09326171875;0.7802734375;;;;;;;;;;;;;;;
72.34381103515625;-0.040283203125;0.418701171875;1.06103515625;;;;;;;;;;;;;;;
72.34710693359375;-0.119384765625;-0.076171875;0.9794921875;;;;;;;;;;;;;;;
72.35049438476562;0.17138671875;0.241455078125;1.204833984375;;;;;;;;;;;;;;;
72.35385131835938;-0.339599609375;-0.006103515625;0.869873046875;;;;;;;;;;;;;;;
72.35723876953125;-0.09228515625;0.03759765625;0.845703125;;;;;;;;;;;;;;;
72.36062622070312;-0.103515625;0.2802734375;1.076171875;;;;;;;;;;;;;;;
72.36398315429688;-0.013427734375;-0.0166015625;1.015869140625;;;;;;;;;;;;;;;
72.36734008789062;-0.030517578125;0.231201171875;1.218505859375;;;;;;;;;;;;;;;
72.37075805664062;-0.245361328125;0.039794921875;0.830810546875;;;;;;;;;;;;;;;
72.37417602539062;0.031005859375;0.239990234375;0.9501953125;;;;;;;;;;;;;;;
72.37750244140625;-0.21728515625;0.05322265625;0.936767578125;;;;;;;;;;;;;;;
72.38092041015625;0.158447265625;-0.19091796875;1.146484375;;;;;;;;;;;;;;;
72.38433837890625;-0.125244140625;0.176025390625;1.18017578125;;;;;;;;;;;;;;;
72.38778686523438;-0.10693359375;-0.07177734375;0.870361328125;;;;;;;;;;;;;;;
72.39114379882812;-0.12646484375;0.410888671875;1.0087890625;;;;;;;;;;;;;;;
72.39453125;-0.203369140625;-0.03662109375;0.802978515625;;;;;;;;;;;;;;;
72.39797973632812;0.03857421875;0.25;1.14892578125;;;;;;;;;;;;;;;
72.4013671875;-0.114501953125;0.037841796875;1.030517578125;;;;;;;;;;;;;;;
72.40472412109375;0.16796875;0.031982421875;0.92578125;;;;;;;;;;;;;;;
72.40811157226562;-0.16455078125;0.139892578125;1.0009765625;;;;;;;;;;;;;;;
72.41143798828125;-0.21240234375;0.011474609375;0.86279296875;;;;;;;;;;;;;;;
72.41488647460938;-0.01318359375;0.192626953125;1.175537109375;;;;;;;;;;;;;;;
72.41830444335938;-0.127197265625;-0.29150390625;1.009033203125;;;;;;;;;;;;;;;
72.42169189453125;0.00927734375;0.138671875;1.074462890625;;;;;;;;;;;;;;;
72.425048828125;-0.216796875;0.036376953125;0.853271484375;;;;;;;;;;;;;;;
72.42840576171875;0.130126953125;0.34521484375;0.974609375;;;;;;;;;;;;;;;
72.431884765625;-0.00341796875;0.16064453125;1.152099609375;;;;;;;;;;;;;;;
72.43527221679688;0.030517578125;-0.09912109375;1.044189453125;;;;;;;;;;;;;;;
72.43862915039062;-0.0966796875;0.099853515625;1.1142578125;;;;;;;;;;;;;;;
72.44204711914062;-0.210693359375;-0.014892578125;0.77685546875;;;;;;;;;;;;;;;
72.44540405273438;-0.140625;0.332763671875;1.03662109375;;;;;;;;;;;;;;;
72.44876098632812;-0.1259765625;-0.07861328125;1.042724609375;;;;;;;;;;;;;;;
72.4521484375;0.125732421875;0.03515625;1.202392578125;;;;;;;;;;;;;;;
72.45553588867188;-0.13037109375;0.147705078125;1.09375;;;;;;;;;;;;;;;
72.45889282226562;-0.135986328125;0.02197265625;0.841064453125;;;;;;;;;;;;;;;
72.4622802734375;-0.15478515625;0.365966796875;1.038330078125;;;;;;;;;;;;;;;
72.46572875976562;0.086669921875;-0.35205078125;0.9296875;;;;;;;;;;;;;;;
72.46917724609375;0.1044921875;0.3544921875;1.22412109375;;;;;;;;;;;;;;;
72.47247314453125;-0.17822265625;-0.064208984375;0.8701171875;;;;;;;;;;;;;;;
72.47586059570312;0.03515625;0.341064453125;0.8974609375;;;;;;;;;;;;;;;
72.47921752929688;-0.067138671875;0.084228515625;1.07177734375;;;;;;;;;;;;;;;
72.48260498046875;-0.147705078125;-0.09033203125;1.021728515625;;;;;;;;;;;;;;;
72.48605346679688;-0.08154296875;0.029541015625;1.244140625;;;;;;;;;;;;;;;
72.48947143554688;-0.129638671875;-0.261962890625;0.83447265625;;;;;;;;;;;;;;;
72.49285888671875;0.059326171875;0.3916015625;1.01806640625;;;;;;;;;;;;;;;
72.49624633789062;-0.148193359375;0.0302734375;0.897216796875;;;;;;;;;;;;;;;
72.49969482421875;0.178466796875;0.339599609375;1.17529296875;;;;;;;;;;;;;;;
72.503173828125;0.0029296875;0.016357421875;1.197265625;;;;;;;;;;;;;;;
72.50653076171875;-0.165283203125;-0.054443359375;0.927734375;;;;;;;;;;;;;;;
72.5098876953125;-0.04931640625;0.154296875;0.991943359375;;;;;;;;;;;;;;;
72.5133056640625;-0.03076171875;-0.08154296875;0.824462890625;;;;;;;;;;;;;;;
72.51666259765625;0.260986328125;0.421630859375;1.174072265625;;;;;;;;;;;;;;;
72.52005004882812;-0.068603515625;0.1181640625;1.03515625;;;;;;;;;;;;;;;
72.5234375;-0.013671875;0.234130859375;1.181640625;;;;;;;;;;;;;;;
72.52679443359375;-0.056396484375;-0.0595703125;0.9765625;;;;;;;;;;;;;;;
72.5301513671875;-0.17529296875;0.024658203125;0.89404296875;;;;;;;;;;;;;;;
72.53369140625;0.0009765625;-0.05029296875;1.12109375;;;;;;;;;;;;;;;
72.53704833984375;-0.080810546875;-0.21044921875;0.996337890625;;;;;;;;;;;;;;;
72.54037475585938;0.0361328125;0.267333984375;1.0986328125;;;;;;;;;;;;;;;
72.54385375976562;-0.206298828125;0.033935546875;0.783447265625;;;;;;;;;;;;;;;
72.54727172851562;0.285888671875;0.432373046875;1.03125;;;;;;;;;;;;;;;
72.55059814453125;-0.06396484375;0.11181640625;1.1484375;;;;;;;;;;;;;;;
72.553955078125;-0.16748046875;-0.009033203125;1.044189453125;;;;;;;;;;;;;;;
72.55731201171875;-0.1689453125;-0.12255859375;1.13671875;;;;;;;;;;;;;;;
72.56072998046875;-0.1220703125;-0.118896484375;0.779541015625;;;;;;;;;;;;;;;
72.56411743164062;-0.05810546875;0.35107421875;1.00927734375;;;;;;;;;;;;;;;
72.56741333007812;-0.1357421875;-0.1279296875;0.977783203125;;;;;;;;;;;;;;;
72.57077026367188;0.107421875;0.201171875;1.25927734375;;;;;;;;;;;;;;;
72.57415771484375;-0.114013671875;0.091796875;1.05224609375;;;;;;;;;;;;;;;
72.57754516601562;-0.079833984375;0.121826171875;0.851806640625;;;;;;;;;;;;;;;
72.58090209960938;-0.085205078125;0.193359375;0.959716796875;;;;;;;;;;;;;;;
72.5843505859375;0.054443359375;-0.264404296875;0.9599609375;;;;;;;;;;;;;;;
72.58770751953125;-0.013671875;0.220947265625;1.221923828125;;;;;;;;;;;;;;;
72.591064453125;-0.154052734375;-0.04345703125;0.8818359375;;;;;;;;;;;;;;;
72.59442138671875;0.06494140625;0.316650390625;0.957275390625;;;;;;;;;;;;;;;
72.59780883789062;-0.1171875;0.139892578125;0.9609375;;;;;;;;;;;;;;;
72.60116577148438;-0.032958984375;-0.0322265625;1.091064453125;;;;;;;;;;;;;;;
72.60455322265625;-0.036376953125;-0.01904296875;1.223388671875;;;;;;;;;;;;;;;
72.60794067382812;-0.03857421875;-0.13134765625;0.9345703125;;;;;;;;;;;;;;;
72.61129760742188;-0.08056640625;0.344482421875;0.935791015625;;;;;;;;;;;;;;;
72.61468505859375;-0.0810546875;0.009033203125;0.788818359375;;;;;;;;;;;;;;;
72.61810302734375;0.163330078125;0.319091796875;1.215087890625;;;;;;;;;;;;;;;
72.62142944335938;-0.11962890625;0.107177734375;1.112060546875;;;;;;;;;;;;;;;
72.62481689453125;-0.0576171875;-0.032470703125;0.9755859375;;;;;;;;;;;;;;;
72.62820434570312;-0.092529296875;0.015380859375;0.94091796875;;;;;;;;;;;;;;;
72.63153076171875;0.00927734375;-0.138427734375;0.83447265625;;;;;;;;;;;;;;;
72.6348876953125;0.05078125;0.30712890625;1.1416015625;;;;;;;;;;;;;;;
72.63824462890625;-0.05078125;-0.18212890625;1.01220703125;;;;;;;;;;;;;;;
72.64163208007812;-0.03076171875;0.302734375;1.192138671875;;;;;;;;;;;;;;;
72.64505004882812;-0.25732421875;0.00732421875;0.9140625;;;;;;;;;;;;;;;
72.64852905273438;-0.016357421875;0.03076171875;0.932373046875;;;;;;;;;;;;;;;
72.65185546875;-0.06103515625;-0.005615234375;1.01611328125;;;;;;;;;;;;;;;
72.65530395507812;0.10009765625;-0.224365234375;1.058349609375;;;;;;;;;;;;;;;
72.65863037109375;-0.132568359375;0.343994140625;1.0927734375;;;;;;;;;;;;;;;
72.66207885742188;-0.10791015625;0.005126953125;0.7685546875;;;;;;;;;;;;;;;
72.66546630859375;0.080810546875;0.40869140625;1.05908203125;;;;;;;;;;;;;;;
72.6688232421875;-0.177978515625;0.099365234375;1.037841796875;;;;;;;;;;;;;;;
72.67218017578125;0.1328125;-0.083740234375;1.21484375;;;;;;;;;;;;;;;
72.675537109375;-0.180419921875;0.0185546875;1.09130859375;;;;;;;;;;;;;;;
72.67892456054688;0.006591796875;-0.24853515625;0.843017578125;;;;;;;;;;;;;;;
72.68228149414062;-0.15966796875;0.453857421875;0.99853515625;;;;;;;;;;;;;;;
72.68572998046875;-0.09716796875;-0.200439453125;0.9091796875;;;;;;;;;;;;;;;
72.68911743164062;0.033935546875;0.320068359375;1.27001953125;;;;;;;;;;;;;;;
72.69247436523438;-0.095458984375;-0.049560546875;1.036865234375;;;;;;;;;;;;;;;
72.69580078125;0.002685546875;0.142578125;0.901611328125;;;;;;;;;;;;;;;
72.69918823242188;-0.17431640625;0.183837890625;0.88427734375;;;;;;;;;;;;;;;
72.70257568359375;0.1015625;-0.152099609375;0.97802734375;;;;;;;;;;;;;;;
72.7060546875;-0.087890625;0.234130859375;1.209228515625;;;;;;;;;;;;;;;
72.70950317382812;-0.03125;-0.15673828125;0.96337890625;;;;;;;;;;;;;;;
72.71286010742188;-0.207275390625;0.32421875;1.06396484375;;;;;;;;;;;;;;;
72.71630859375;-0.52587890625;-0.018310546875;0.875244140625;;;;;;;;;;;;;;;
72.71969604492188;0.135009765625;0.03369140625;1.103515625;;;;;;;;;;;;;;;
72.7230224609375;-0.039794921875;0.02587890625;1.200927734375;;;;;;;;;;;;;;;
72.7264404296875;0.215576171875;0.07861328125;0.993408203125;;;;;;;;;;;;;;;
72.72976684570312;-0.283935546875;0.3935546875;0.968017578125;;;;;;;;;;;;;;;
72.73321533203125;-0.14013671875;-0.161376953125;0.759765625;;;;;;;;;;;;;;;
72.73663330078125;0.091064453125;0.233642578125;1.23583984375;;;;;;;;;;;;;;;
72.74008178710938;-0.32958984375;-0.08056640625;1.06884765625;;;;;;;;;;;;;;;
72.74346923828125;0.118896484375;0.093505859375;0.99267578125;;;;;;;;;;;;;;;
72.74691772460938;-0.183837890625;0.12060546875;0.91796875;;;;;;;;;;;;;;;
72.7503662109375;0.0927734375;-0.019287109375;0.866943359375;;;;;;;;;;;;;;;
72.75369262695312;-0.208740234375;0.30810546875;1.158935546875;;;;;;;;;;;;;;;
72.75711059570312;0.003173828125;-0.302001953125;1.048583984375;;;;;;;;;;;;;;;
72.76058959960938;-0.21826171875;0.366943359375;1.19091796875;;;;;;;;;;;;;;;
72.76397705078125;-0.291259765625;-0.18701171875;0.923828125;;;;;;;;;;;;;;;
72.767333984375;-0.12158203125;0.227783203125;0.957275390625;;;;;;;;;;;;;;;
72.77081298828125;-0.1064453125;-0.10595703125;0.928955078125;;;;;;;;;;;;;;;
72.774169921875;0.148681640625;0.0400390625;1.06591796875;;;;;;;;;;;;;;;
72.77767944335938;-0.14404296875;0.306396484375;1.131103515625;;;;;;;;;;;;;;;
72.78103637695312;-0.04150390625;-0.1572265625;0.85791015625;;;;;;;;;;;;;;;
72.78445434570312;0.099609375;0.373779296875;1.11376953125;;;;;;;;;;;;;;;
72.78787231445312;-0.474365234375;-0.241943359375;0.997314453125;;;;;;;;;;;;;;;
72.79119873046875;0.038330078125;0.016845703125;1.2412109375;;;;;;;;;;;;;;;
72.7945556640625;-0.262451171875;-0.0888671875;1.033447265625;;;;;;;;;;;;;;;
72.79800415039062;0.1669921875;-0.20068359375;0.89208984375;;;;;;;;;;;;;;;
72.8013916015625;-0.228515625;0.328125;0.883056640625;;;;;;;;;;;;;;;
72.80474853515625;-0.031982421875;-0.063720703125;0.94482421875;;;;;;;;;;;;;;;
72.80810546875;-0.04541015625;0.443359375;1.258056640625;;;;;;;;;;;;;;;
72.81146240234375;-0.118408203125;-0.107666015625;1.077880859375;;;;;;;;;;;;;;;
72.81484985351562;-0.0556640625;0.0625;0.983154296875;;;;;;;;;;;;;;;
72.8182373046875;-0.22021484375;-0.085205078125;0.83251953125;;;;;;;;;;;;;;;
72.82162475585938;0.076904296875;0.066162109375;1.00927734375;;;;;;;;;;;;;;;
72.82498168945312;-0.056640625;0.194091796875;1.17724609375;;;;;;;;;;;;;;;
72.82833862304688;0.04541015625;-0.181884765625;1.040283203125;;;;;;;;;;;;;;;
72.83169555664062;-0.212646484375;0.349853515625;1.063232421875;;;;;;;;;;;;;;;
72.83511352539062;-0.29443359375;-0.108154296875;0.866943359375;;;;;;;;;;;;;;;
72.8385009765625;0.023193359375;0.16162109375;1.16650390625;;;;;;;;;;;;;;;
72.8419189453125;-0.08056640625;-0.118408203125;1.150146484375;;;;;;;;;;;;;;;
72.84536743164062;0.061279296875;0.27392578125;1.033447265625;;;;;;;;;;;;;;;
72.84878540039062;-0.123779296875;0.245849609375;0.9169921875;;;;;;;;;;;;;;;
72.85220336914062;0.011962890625;-0.04736328125;0.79736328125;;;;;;;;;;;;;;;
72.85562133789062;-0.056396484375;0.1513671875;1.1806640625;;;;;;;;;;;;;;;
72.8590087890625;-0.10888671875;-0.0869140625;1.087646484375;;;;;;;;;;;;;;;
72.86239624023438;-0.0078125;0.104736328125;1.131103515625;;;;;;;;;;;;;;;
72.8658447265625;-0.185546875;0.049560546875;0.85205078125;;;;;;;;;;;;;;;
72.86920166015625;0.068115234375;0.1708984375;0.915771484375;;;;;;;;;;;;;;;
72.87261962890625;-0.16748046875;0.2724609375;1.083251953125;;;;;;;;;;;;;;;
72.8759765625;0.020751953125;-0.196533203125;1.086669921875;;;;;;;;;;;;;;;
72.87930297851562;-0.177001953125;0.237060546875;1.183837890625;;;;;;;;;;;;;;;
72.88265991210938;-0.11181640625;-0.2529296875;0.870849609375;;;;;;;;;;;;;;;
72.88604736328125;0.14794921875;0.230224609375;1.006591796875;;;;;;;;;;;;;;;
72.88946533203125;-0.08984375;0.081298828125;0.9248046875;;;;;;;;;;;;;;;
72.89288330078125;0.087646484375;0.224853515625;1.119140625;;;;;;;;;;;;;;;
72.89620971679688;-0.2158203125;0.164794921875;1.0517578125;;;;;;;;;;;;;;;
72.8995361328125;0.0634765625;-0.150146484375;0.9326171875;;;;;;;;;;;;;;;
72.9029541015625;-0.20166015625;0.119384765625;1.072265625;;;;;;;;;;;;;;;
72.9063720703125;-0.326416015625;-0.117431640625;0.91455078125;;;;;;;;;;;;;;;
72.90969848632812;0.345458984375;0.039794921875;1.301025390625;;;;;;;;;;;;;;;
72.9130859375;-0.08642578125;0.128662109375;0.995361328125;;;;;;;;;;;;;;;
72.91650390625;0.230224609375;0.34033203125;0.944091796875;;;;;;;;;;;;;;;
72.919921875;-0.2099609375;0.321044921875;0.779052734375;;;;;;;;;;;;;;;
72.92324829101562;0.02392578125;-0.052734375;0.86962890625;;;;;;;;;;;;;;;
72.92660522460938;0.180908203125;-0.017578125;1.27197265625;;;;;;;;;;;;;;;
72.92999267578125;-0.2744140625;-0.2373046875;1.008544921875;;;;;;;;;;;;;;;
72.93338012695312;0.205078125;0.128173828125;1.04541015625;;;;;;;;;;;;;;;
72.936767578125;-0.339111328125;0.12060546875;0.76806640625;;;;;;;;;;;;;;;
72.940185546875;0.2880859375;0.265380859375;1.044921875;;;;;;;;;;;;;;;
72.94357299804688;0.00244140625;0.116455078125;1.11083984375;;;;;;;;;;;;;;;
72.94692993164062;0.12646484375;0.0361328125;1.100341796875;;;;;;;;;;;;;;;
72.95028686523438;-0.14697265625;0.161865234375;0.974609375;;;;;;;;;;;;;;;
72.95367431640625;-0.29296875;-0.113525390625;0.784423828125;;;;;;;;;;;;;;;
72.95706176757812;0.37255859375;0.121337890625;1.224853515625;;;;;;;;;;;;;;;
72.96038818359375;-0.134033203125;0.06298828125;1.00048828125;;;;;;;;;;;;;;;
72.96383666992188;0.189453125;0.273681640625;1.12744140625;;;;;;;;;;;;;;;
72.9671630859375;-0.28369140625;0.179931640625;0.852783203125;;;;;;;;;;;;;;;
72.97052001953125;0.259521484375;-0.003173828125;0.92041015625;;;;;;;;;;;;;;;
72.97393798828125;0.189453125;0.073486328125;1.17041015625;;;;;;;;;;;;;;;
72.977294921875;-0.22216796875;-0.166259765625;0.981201171875;;;;;;;;;;;;;;;
72.98068237304688;0.304931640625;0.123291015625;1.33447265625;;;;;;;;;;;;;;;
72.98403930664062;-0.322021484375;0.03564453125;0.79638671875;;;;;;;;;;;;;;;
72.98739624023438;0.2080078125;0.331298828125;0.95751953125;;;;;;;;;;;;;;;
72.9908447265625;-0.1943359375;0.12939453125;1.011962890625;;;;;;;;;;;;;;;
72.99420166015625;0.06494140625;-0.05859375;1.067626953125;;;;;;;;;;;;;;;
72.99758911132812;0.061279296875;0.08154296875;1.153076171875;;;;;;;;;;;;;;;
73.00094604492188;0.070556640625;-0.117919921875;0.7802734375;;;;;;;;;;;;;;;
73.0042724609375;0.44384765625;0.20849609375;1.09765625;;;;;;;;;;;;;;;
73.00775146484375;-0.26416015625;0.248779296875;0.864990234375;;;;;;;;;;;;;;;
73.0111083984375;0.030029296875;0.260009765625;1.162841796875;;;;;;;;;;;;;;;
73.01443481445312;-0.245849609375;-0.02880859375;0.972412109375;;;;;;;;;;;;;;;
73.017822265625;0.18408203125;-0.0927734375;1.00634765625;;;;;;;;;;;;;;;
73.02114868164062;-0.12109375;0.028564453125;0.997802734375;;;;;;;;;;;;;;;
73.02456665039062;-0.075927734375;0.0615234375;0.881103515625;;;;;;;;;;;;;;;
73.02789306640625;0.385009765625;0.05908203125;1.3349609375;;;;;;;;;;;;;;;
73.03125;-0.172607421875;0.126220703125;0.923095703125;;;;;;;;;;;;;;;
73.03460693359375;0.232177734375;0.35302734375;1.0302734375;;;;;;;;;;;;;;;
73.03790283203125;-0.214111328125;0.23974609375;0.757568359375;;;;;;;;;;;;;;;
73.04119873046875;0.041015625;0.084716796875;0.954833984375;;;;;;;;;;;;;;;
73.04461669921875;0.06201171875;-0.12548828125;1.20458984375;;;;;;;;;;;;;;;
73.04791259765625;-0.117431640625;-0.226806640625;1.025146484375;;;;;;;;;;;;;;;
73.05133056640625;0.13525390625;0.11572265625;1.059326171875;;;;;;;;;;;;;;;
73.05471801757812;-0.0859375;0.11083984375;0.791748046875;;;;;;;;;;;;;;;
73.05801391601562;0.04541015625;0.4404296875;1.057861328125;;;;;;;;;;;;;;;
73.06146240234375;-0.053955078125;-0.00048828125;1.0498046875;;;;;;;;;;;;;;;
73.06491088867188;0.046875;0.166015625;1.191650390625;;;;;;;;;;;;;;;
73.06832885742188;-0.28955078125;0.01123046875;0.912109375;;;;;;;;;;;;;;;
73.07174682617188;-0.27099609375;-0.027099609375;0.74365234375;;;;;;;;;;;;;;;
73.07513427734375;0.29248046875;0.21875;1.177978515625;;;;;;;;;;;;;;;
73.0784912109375;-0.037109375;0.037841796875;1.03515625;;;;;;;;;;;;;;;
73.0819091796875;0.148681640625;0.3759765625;1.170654296875;;;;;;;;;;;;;;;
73.08529663085938;-0.309814453125;-0.081787109375;0.831298828125;;;;;;;;;;;;;;;
73.08871459960938;0.059326171875;0.143798828125;0.92431640625;;;;;;;;;;;;;;;
73.09201049804688;-0.124755859375;0.03271484375;1.042724609375;;;;;;;;;;;;;;;
73.09539794921875;-0.094970703125;-0.247314453125;1.06298828125;;;;;;;;;;;;;;;
73.09878540039062;0.042236328125;0.044189453125;1.239013671875;;;;;;;;;;;;;;;
73.10211181640625;-0.156494140625;-0.01171875;0.857177734375;;;;;;;;;;;;;;;
73.10549926757812;0.0302734375;0.44482421875;0.98486328125;;;;;;;;;;;;;;;
73.10888671875;-0.228515625;0.145263671875;0.8017578125;;;;;;;;;;;;;;;
73.11236572265625;0.122314453125;0.135009765625;1.137939453125;;;;;;;;;;;;;;;
73.11575317382812;-0.16357421875;0.099609375;1.1103515625;;;;;;;;;;;;;;;
73.11911010742188;0.052001953125;-0.156005859375;0.99169921875;;;;;;;;;;;;;;;
73.12249755859375;-0.02783203125;0.134765625;1.043701171875;;;;;;;;;;;;;;;
73.1258544921875;-0.1455078125;0.090087890625;0.874755859375;;;;;;;;;;;;;;;
73.1292724609375;-0.05615234375;0.341064453125;1.1748046875;;;;;;;;;;;;;;;
73.13265991210938;-0.17431640625;-0.165283203125;1.0;;;;;;;;;;;;;;;
73.13616943359375;0.074951171875;-0.03662109375;1.021728515625;;;;;;;;;;;;;;;
73.13949584960938;-0.2177734375;0.011474609375;0.937744140625;;;;;;;;;;;;;;;
73.14285278320312;-0.04736328125;0.182861328125;0.912353515625;;;;;;;;;;;;;;;
73.14620971679688;0.037353515625;0.1318359375;1.250244140625;;;;;;;;;;;;;;;
73.14959716796875;-0.142578125;-0.02001953125;1.046630859375;;;;;;;;;;;;;;;
73.15310668945312;-0.0263671875;0.180908203125;1.062255859375;;;;;;;;;;;;;;;
73.15652465820312;-0.30517578125;0.101806640625;0.769287109375;;;;;;;;;;;;;;;
73.15988159179688;0.012939453125;0.192138671875;0.97802734375;;;;;;;;;;;;;;;
73.16326904296875;-0.040283203125;-0.022216796875;1.134765625;;;;;;;;;;;;;;;
73.16659545898438;0.0107421875;-0.1533203125;1.152587890625;;;;;;;;;;;;;;;
73.17001342773438;-0.216796875;0.220703125;1.10595703125;;;;;;;;;;;;;;;
73.17343139648438;-0.188720703125;-0.010009765625;0.8154296875;;;;;;;;;;;;;;;
73.17678833007812;-0.1083984375;0.4248046875;1.0791015625;;;;;;;;;;;;;;;
73.18020629882812;-0.16845703125;-0.182373046875;1.021484375;;;;;;;;;;;;;;;
73.18356323242188;-0.03564453125;0.27880859375;1.170654296875;;;;;;;;;;;;;;;
73.18692016601562;-0.183349609375;-0.07177734375;0.910400390625;;;;;;;;;;;;;;;
73.19033813476562;0.185302734375;0.130615234375;0.804931640625;;;;;;;;;;;;;;;
73.19375610351562;0.09619140625;0.2822265625;1.147216796875;;;;;;;;;;;;;;;
73.1971435546875;-0.1796875;-0.036376953125;1.044189453125;;;;;;;;;;;;;;;
73.20053100585938;-0.11181640625;0.18994140625;1.224365234375;;;;;;;;;;;;;;;
73.2039794921875;-0.284423828125;-0.268798828125;0.80322265625;;;;;;;;;;;;;;;
73.20742797851562;0.127685546875;0.2431640625;0.986572265625;;;;;;;;;;;;;;;
73.21075439453125;-0.02587890625;0.044921875;0.9775390625;;;;;;;;;;;;;;;
73.214111328125;0.07080078125;0.291748046875;1.08203125;;;;;;;;;;;;;;;
73.21749877929688;0.003173828125;0.113525390625;1.26416015625;;;;;;;;;;;;;;;
73.2208251953125;-0.237060546875;-0.13525390625;0.870849609375;;;;;;;;;;;;;;;
73.2242431640625;0.024658203125;0.105224609375;1.02734375;;;;;;;;;;;;;;;
73.22760009765625;-0.20166015625;0.005859375;0.796142578125;;;;;;;;;;;;;;;
73.23095703125;0.179931640625;0.38330078125;1.15869140625;;;;;;;;;;;;;;;
73.23431396484375;-0.05517578125;-0.047119140625;1.08056640625;;;;;;;;;;;;;;;
73.23776245117188;0.116943359375;0.100341796875;1.082275390625;;;;;;;;;;;;;;;
73.24114990234375;0.129638671875;0.052490234375;1.070068359375;;;;;;;;;;;;;;;
73.24456787109375;-0.2841796875;0.0498046875;0.881591796875;;;;;;;;;;;;;;;
73.24798583984375;-0.03369140625;0.047119140625;1.16748046875;;;;;;;;;;;;;;;
73.25137329101562;-0.193115234375;-0.20849609375;0.95166015625;;;;;;;;;;;;;;;
73.25469970703125;0.177001953125;0.126220703125;1.1142578125;;;;;;;;;;;;;;;
73.25811767578125;-0.2998046875;0.086669921875;0.77685546875;;;;;;;;;;;;;;;
73.26162719726562;0.06396484375;0.384033203125;0.970947265625;;;;;;;;;;;;;;;
73.26507568359375;-0.10791015625;0.1669921875;1.232421875;;;;;;;;;;;;;;;
73.26849365234375;-0.177734375;-0.11865234375;1.0107421875;;;;;;;;;;;;;;;
73.27200317382812;0.047119140625;-0.027587890625;1.142333984375;;;;;;;;;;;;;;;
73.275390625;-0.205810546875;-0.063232421875;0.771240234375;;;;;;;;;;;;;;;
73.27871704101562;-0.0908203125;0.3662109375;1.020263671875;;;;;;;;;;;;;;;
73.28213500976562;-0.1806640625;0.0087890625;1.09423828125;;;;;;;;;;;;;;;
73.28549194335938;0.0244140625;0.091552734375;1.146484375;;;;;;;;;;;;;;;
73.28884887695312;-0.01123046875;0.21484375;1.12646484375;;;;;;;;;;;;;;;
73.29229736328125;-0.20361328125;-0.031494140625;0.818115234375;;;;;;;;;;;;;;;
73.29571533203125;-0.1171875;0.33642578125;1.031494140625;;;;;;;;;;;;;;;
73.299072265625;0.0087890625;-0.350830078125;0.97705078125;;;;;;;;;;;;;;;
73.30239868164062;0.049560546875;0.337158203125;1.187255859375;;;;;;;;;;;;;;;
73.30584716796875;-0.129638671875;-0.08837890625;0.8984375;;;;;;;;;;;;;;;
73.30938720703125;0.070068359375;0.326171875;0.853515625;;;;;;;;;;;;;;;
73.31280517578125;0.04296875;0.248779296875;1.083984375;;;;;;;;;;;;;;;
73.31622314453125;-0.27392578125;0.000732421875;1.044189453125;;;;;;;;;;;;;;;
73.31961059570312;-0.085205078125;0.03564453125;1.235595703125;;;;;;;;;;;;;;;
73.322998046875;-0.208740234375;-0.36669921875;0.869873046875;;;;;;;;;;;;;;;
73.32638549804688;0.049560546875;0.340087890625;0.9677734375;;;;;;;;;;;;;;;
73.32974243164062;-0.1796875;0.01123046875;0.8662109375;;;;;;;;;;;;;;;
73.33306884765625;0.16748046875;0.342041015625;1.150390625;;;;;;;;;;;;;;;
73.33648681640625;-0.01806640625;0.12890625;1.174072265625;;;;;;;;;;;;;;;
73.33987426757812;-0.00732421875;0.05029296875;0.92578125;;;;;;;;;;;;;;;
73.34317016601562;-0.115234375;-0.07080078125;1.00244140625;;;;;;;;;;;;;;;
73.34658813476562;-0.1064453125;-0.14306640625;0.808349609375;;;;;;;;;;;;;;;
73.34994506835938;0.069580078125;0.257568359375;1.14892578125;;;;;;;;;;;;;;;
73.35336303710938;-0.1357421875;-0.115234375;1.0078125;;;;;;;;;;;;;;;
73.35678100585938;0.150146484375;0.13037109375;1.1748046875;;;;;;;;;;;;;;;
73.360107421875;-0.182373046875;0.140625;0.95947265625;;;;;;;;;;;;;;;
73.36343383789062;-0.110107421875;0.14990234375;0.890625;;;;;;;;;;;;;;;
73.36679077148438;-0.05419921875;0.0830078125;1.10498046875;;;;;;;;;;;;;;;
73.3701171875;-0.050048828125;-0.342529296875;1.035400390625;;;;;;;;;;;;;;;
73.37353515625;-0.07421875;0.279541015625;1.085205078125;;;;;;;;;;;;;;;
73.37686157226562;-0.13427734375;0.06396484375;0.758056640625;;;;;;;;;;;;;;;
73.38021850585938;0.16650390625;0.354248046875;1.01123046875;;;;;;;;;;;;;;;
73.38363647460938;-0.181640625;0.189453125;1.086181640625;;;;;;;;;;;;;;;
73.38705444335938;0.099853515625;-0.132568359375;1.150146484375;;;;;;;;;;;;;;;
73.39044189453125;-0.17724609375;-0.0087890625;1.09423828125;;;;;;;;;;;;;;;
73.393798828125;-0.091064453125;-0.24853515625;0.810302734375;;;;;;;;;;;;;;;
73.3970947265625;-0.04541015625;0.4091796875;0.9609375;;;;;;;;;;;;;;;
73.40054321289062;-0.129150390625;-0.00048828125;0.961181640625;;;;;;;;;;;;;;;
73.4039306640625;0.171630859375;0.255126953125;1.263671875;;;;;;;;;;;;;;;
73.40728759765625;-0.22802734375;0.12890625;1.06689453125;;;;;;;;;;;;;;;
73.41064453125;-0.119384765625;-0.10400390625;0.811279296875;;;;;;;;;;;;;;;
73.41409301757812;-0.003662109375;0.177978515625;0.969970703125;;;;;;;;;;;;;;;
73.4176025390625;0.063720703125;-0.38818359375;0.970947265625;;;;;;;;;;;;;;;
73.42098999023438;0.024169921875;0.367431640625;1.217041015625;;;;;;;;;;;;;;;
73.42437744140625;-0.14697265625;0.040283203125;0.916015625;;;;;;;;;;;;;;;
73.427734375;0.0244140625;0.40966796875;0.9384765625;;;;;;;;;;;;;;;
73.43109130859375;-0.244384765625;0.087158203125;0.957275390625;;;;;;;;;;;;;;;
73.43447875976562;0.03564453125;-0.1396484375;1.06005859375;;;;;;;;;;;;;;;
73.4378662109375;-0.001953125;0.01025390625;1.213623046875;;;;;;;;;;;;;;;
73.4412841796875;0.040283203125;-0.1767578125;0.950439453125;;;;;;;;;;;;;;;
73.4447021484375;-0.114013671875;0.421875;0.961669921875;;;;;;;;;;;;;;;
73.447998046875;-0.194091796875;0.043212890625;0.826416015625;;;;;;;;;;;;;;;
73.45132446289062;0.165771484375;0.315673828125;1.203125;;;;;;;;;;;;;;;
73.45480346679688;-0.23876953125;0.096923828125;1.115234375;;;;;;;;;;;;;;;
73.45809936523438;0.132568359375;-0.0791015625;0.9677734375;;;;;;;;;;;;;;;
73.46160888671875;-0.1787109375;0.12255859375;0.97265625;;;;;;;;;;;;;;;
73.46499633789062;-0.03515625;-0.148193359375;0.80517578125;;;;;;;;;;;;;;;
73.46829223632812;-0.026123046875;0.330810546875;1.14697265625;;;;;;;;;;;;;;;
73.47174072265625;-0.056640625;-0.255615234375;1.030517578125;;;;;;;;;;;;;;;
73.47512817382812;-0.02978515625;0.314697265625;1.22412109375;;;;;;;;;;;;;;;
73.47848510742188;-0.5087890625;-0.0283203125;0.962646484375;;;;;;;;;;;;;;;
73.48190307617188;-0.100341796875;0.1728515625;0.89599609375;;;;;;;;;;;;;;;
73.4853515625;-0.12158203125;0.077880859375;0.998291015625;;;;;;;;;;;;;;;
73.48870849609375;0.120361328125;-0.19873046875;1.0478515625;;;;;;;;;;;;;;;
73.49221801757812;-0.194580078125;0.260986328125;1.104248046875;;;;;;;;;;;;;;;
73.49551391601562;-0.248779296875;-0.082275390625;0.77783203125;;;;;;;;;;;;;;;
73.4989013671875;0.051513671875;0.369384765625;1.06689453125;;;;;;;;;;;;;;;
73.50222778320312;-0.51513671875;-0.118408203125;1.0009765625;;;;;;;;;;;;;;;
73.505615234375;0.34033203125;-0.11572265625;1.205322265625;;;;;;;;;;;;;;;
73.50900268554688;-0.205810546875;0.05322265625;1.12548828125;;;;;;;;;;;;;;;
73.5123291015625;-0.0625;-0.306396484375;0.8173828125;;;;;;;;;;;;;;;
73.51577758789062;-0.094482421875;0.46240234375;0.91455078125;;;;;;;;;;;;;;;
73.51925659179688;-0.2861328125;-0.11376953125;0.907470703125;;;;;;;;;;;;;;;
73.52264404296875;0.25048828125;0.404541015625;1.282958984375;;;;;;;;;;;;;;;
73.5260009765625;-0.405029296875;-0.090576171875;1.062255859375;;;;;;;;;;;;;;;
73.52938842773438;-0.1689453125;0.007080078125;0.896728515625;;;;;;;;;;;;;;;
73.53271484375;-0.242919921875;0.0029296875;0.875;;;;;;;;;;;;;;;
73.53607177734375;0.14111328125;-0.140380859375;1.00439453125;;;;;;;;;;;;;;;
73.5394287109375;-0.099853515625;0.335205078125;1.17333984375;;;;;;;;;;;;;;;
73.54290771484375;-0.0654296875;-0.062255859375;0.97900390625;;;;;;;;;;;;;;;
73.54635620117188;-0.131591796875;0.392578125;1.04345703125;;;;;;;;;;;;;;;
73.54971313476562;-0.40185546875;-0.10400390625;0.882568359375;;;;;;;;;;;;;;;
73.55307006835938;0.079345703125;-0.02490234375;1.10107421875;;;;;;;;;;;;;;;
73.55648803710938;-0.017822265625;-0.11865234375;1.17236328125;;;;;;;;;;;;;;;
73.5599365234375;0.165283203125;0.168212890625;1.020751953125;;;;;;;;;;;;;;;
73.56341552734375;-0.1923828125;0.3671875;0.94873046875;;;;;;;;;;;;;;;
73.56686401367188;-0.12548828125;-0.0576171875;0.794921875;;;;;;;;;;;;;;;
73.57015991210938;-0.019775390625;0.24365234375;1.1767578125;;;;;;;;;;;;;;;
73.57354736328125;-0.052978515625;0.03857421875;1.10546875;;;;;;;;;;;;;;;
73.57696533203125;0.074951171875;0.044189453125;1.065673828125;;;;;;;;;;;;;;;
73.5804443359375;-0.129150390625;0.05224609375;0.891357421875;;;;;;;;;;;;;;;
73.58389282226562;0.02978515625;0.059814453125;0.87939453125;;;;;;;;;;;;;;;
73.58724975585938;-0.139892578125;0.212646484375;1.108642578125;;;;;;;;;;;;;;;
73.59060668945312;-0.03564453125;-0.27099609375;1.04638671875;;;;;;;;;;;;;;;
73.59402465820312;-0.108154296875;0.214599609375;1.194580078125;;;;;;;;;;;;;;;
73.59738159179688;-0.156005859375;-0.0517578125;0.855224609375;;;;;;;;;;;;;;;
73.600830078125;0.100341796875;0.225341796875;1.020751953125;;;;;;;;;;;;;;;
73.60421752929688;-0.09912109375;0.05517578125;0.93017578125;;;;;;;;;;;;;;;
73.60760498046875;0.148681640625;0.08740234375;1.11376953125;;;;;;;;;;;;;;;
73.6109619140625;-0.148681640625;0.1201171875;1.066162109375;;;;;;;;;;;;;;;
73.61434936523438;-0.0146484375;-0.176025390625;0.88232421875;;;;;;;;;;;;;;;
73.61770629882812;0.0263671875;0.18603515625;1.08349609375;;;;;;;;;;;;;;;
73.62109375;-0.179443359375;0.04443359375;0.962158203125;;;;;;;;;;;;;;;
73.62451171875;0.11865234375;-0.02001953125;1.29443359375;;;;;;;;;;;;;;;
73.62783813476562;-0.19482421875;0.119140625;1.01220703125;;;;;;;;;;;;;;;
73.63119506835938;0.08251953125;-0.091064453125;0.93017578125;;;;;;;;;;;;;;;
73.63467407226562;-0.145751953125;0.309326171875;0.834716796875;;;;;;;;;;;;;;;
73.63809204101562;-0.02490234375;-0.15966796875;0.919677734375;;;;;;;;;;;;;;;
73.6414794921875;0.021728515625;0.208251953125;1.272216796875;;;;;;;;;;;;;;;
73.64483642578125;-0.054931640625;-0.145751953125;1.074462890625;;;;;;;;;;;;;;;
73.648193359375;0.149169921875;0.111328125;0.9990234375;;;;;;;;;;;;;;;
73.65151977539062;-0.180908203125;0.1689453125;0.826416015625;;;;;;;;;;;;;;;
73.6549072265625;0.061279296875;0.11669921875;1.007080078125;;;;;;;;;;;;;;;
73.65826416015625;-0.041015625;0.111083984375;1.14697265625;;;;;;;;;;;;;;;
73.66165161132812;-0.031005859375;-0.2216796875;1.048095703125;;;;;;;;;;;;;;;
73.66513061523438;-0.163330078125;0.142578125;1.046630859375;;;;;;;;;;;;;;;
73.66845703125;-0.239013671875;-0.0791015625;0.83544921875;;;;;;;;;;;;;;;
73.671875;0.150634765625;0.068359375;1.1640625;;;;;;;;;;;;;;;
73.67535400390625;-0.095703125;0.110595703125;1.120361328125;;;;;;;;;;;;;;;
73.67874145507812;0.07080078125;0.16064453125;1.08447265625;;;;;;;;;;;;;;;
73.68218994140625;-0.25341796875;0.220947265625;0.897705078125;;;;;;;;;;;;;;;
73.68563842773438;0.026611328125;-0.1875;0.788330078125;;;;;;;;;;;;;;;
73.68896484375;-0.020263671875;0.14990234375;1.146728515625;;;;;;;;;;;;;;;
73.69235229492188;-0.043701171875;-0.112060546875;1.082275390625;;;;;;;;;;;;;;;
73.69580078125;0.004150390625;0.178466796875;1.16796875;;;;;;;;;;;;;;;
73.6990966796875;-0.26806640625;0.065673828125;0.840576171875;;;;;;;;;;;;;;;
73.70254516601562;0.0439453125;0.134765625;0.934326171875;;;;;;;;;;;;;;;
73.70590209960938;-0.227783203125;0.145263671875;1.060302734375;;;;;;;;;;;;;;;
73.709228515625;0.021240234375;-0.21826171875;1.098388671875;;;;;;;;;;;;;;;
73.71258544921875;-0.17041015625;0.179931640625;1.155029296875;;;;;;;;;;;;;;;
73.71597290039062;-0.0341796875;-0.176513671875;0.825927734375;;;;;;;;;;;;;;;
73.719482421875;0.207763671875;0.2734375;1.0498046875;;;;;;;;;;;;;;;
73.72280883789062;-0.17724609375;0.237060546875;0.894287109375;;;;;;;;;;;;;;;
73.7261962890625;0.23583984375;0.194091796875;1.134765625;;;;;;;;;;;;;;;
73.72952270507812;-0.296875;0.037109375;1.044677734375;;;;;;;;;;;;;;;
73.73294067382812;0.067138671875;-0.27783203125;0.9267578125;;;;;;;;;;;;;;;
73.736328125;-0.14306640625;0.0849609375;1.033203125;;;;;;;;;;;;;;;
73.73971557617188;-0.275146484375;-0.0234375;0.86572265625;;;;;;;;;;;;;;;
73.74310302734375;0.478515625;0.08251953125;1.322265625;;;;;;;;;;;;;;;
73.74655151367188;-0.121337890625;0.150146484375;1.002197265625;;;;;;;;;;;;;;;
73.7498779296875;0.210205078125;0.15576171875;0.98291015625;;;;;;;;;;;;;;;
73.753173828125;-0.306640625;0.26025390625;0.763916015625;;;;;;;;;;;;;;;
73.75656127929688;-0.02587890625;-0.035400390625;0.927734375;;;;;;;;;;;;;;;
73.75994873046875;0.086669921875;0.178955078125;1.206787109375;;;;;;;;;;;;;;;
73.76324462890625;-0.184814453125;-0.265625;1.086181640625;;;;;;;;;;;;;;;
73.7667236328125;0.050048828125;0.107177734375;1.0556640625;;;;;;;;;;;;;;;
73.77008056640625;-0.2578125;0.16162109375;0.7939453125;;;;;;;;;;;;;;;
73.7734375;0.08447265625;0.3544921875;0.9794921875;;;;;;;;;;;;;;;
73.77688598632812;-0.083984375;0.079833984375;1.069091796875;;;;;;;;;;;;;;;
73.7802734375;0.15380859375;-0.227294921875;1.1494140625;;;;;;;;;;;;;;;
73.78366088867188;-0.26220703125;0.141357421875;1.03564453125;;;;;;;;;;;;;;;
73.78707885742188;-0.347900390625;-0.118896484375;0.791259765625;;;;;;;;;;;;;;;
73.7904052734375;0.16162109375;0.14794921875;1.163330078125;;;;;;;;;;;;;;;
73.7938232421875;-0.007568359375;0.010009765625;1.03564453125;;;;;;;;;;;;;;;
73.79718017578125;0.220947265625;0.345458984375;1.147705078125;;;;;;;;;;;;;;;
73.800537109375;-0.27734375;0.205322265625;0.849365234375;;;;;;;;;;;;;;;
73.80389404296875;0.10400390625;0.044921875;0.822265625;;;;;;;;;;;;;;;
73.8072509765625;-0.068359375;0.115966796875;1.06689453125;;;;;;;;;;;;;;;
73.8106689453125;-0.013671875;-0.20263671875;1.0859375;;;;;;;;;;;;;;;
73.81405639648438;-0.061279296875;0.113037109375;1.24169921875;;;;;;;;;;;;;;;
73.8175048828125;-0.218994140625;-0.060302734375;0.830078125;;;;;;;;;;;;;;;
73.82089233398438;0.035400390625;0.384033203125;0.984375;;;;;;;;;;;;;;;
73.82427978515625;-0.21875;0.17822265625;0.962158203125;;;;;;;;;;;;;;;
73.82760620117188;0.171875;0.104248046875;1.12939453125;;;;;;;;;;;;;;;
73.8309326171875;-0.155029296875;0.196044921875;1.106201171875;;;;;;;;;;;;;;;
73.83425903320312;-0.14404296875;-0.18603515625;0.8798828125;;;;;;;;;;;;;;;
73.83758544921875;-0.017822265625;0.2021484375;1.033447265625;;;;;;;;;;;;;;;
73.8409423828125;-0.165283203125;0.124267578125;0.868896484375;;;;;;;;;;;;;;;
73.84429931640625;0.1435546875;0.322021484375;1.157958984375;;;;;;;;;;;;;;;
73.84768676757812;-0.237060546875;-0.068359375;0.99560546875;;;;;;;;;;;;;;;
73.85107421875;0.0986328125;-0.055908203125;1.03125;;;;;;;;;;;;;;;
73.85443115234375;-0.260498046875;0.08203125;0.94970703125;;;;;;;;;;;;;;;
73.85784912109375;-0.0185546875;-0.131103515625;0.905517578125;;;;;;;;;;;;;;;
73.8612060546875;0.0576171875;0.116455078125;1.238037109375;;;;;;;;;;;;;;;
73.86459350585938;-0.08154296875;0.02294921875;0.98681640625;;;;;;;;;;;;;;;
73.86795043945312;0.050048828125;0.358642578125;1.05908203125;;;;;;;;;;;;;;;
73.87127685546875;-0.27392578125;0.2001953125;0.741455078125;;;;;;;;;;;;;;;
73.8746337890625;0.082275390625;0.149658203125;0.973388671875;;;;;;;;;;;;;;;
73.87811279296875;-0.0927734375;0.03466796875;1.119140625;;;;;;;;;;;;;;;
73.88143920898438;0.066162109375;-0.211181640625;1.063232421875;;;;;;;;;;;;;;;
73.8848876953125;-0.03369140625;0.216552734375;1.099609375;;;;;;;;;;;;;;;
73.88821411132812;-0.12744140625;0.184814453125;0.81494140625;;;;;;;;;;;;;;;
73.89157104492188;-0.104248046875;0.41064453125;1.03369140625;;;;;;;;;;;;;;;
73.89492797851562;-0.099609375;-0.0888671875;1.001220703125;;;;;;;;;;;;;;;
73.89828491210938;0.051513671875;-0.078125;1.18896484375;;;;;;;;;;;;;;;
73.90164184570312;-0.205078125;0.043212890625;0.998779296875;;;;;;;;;;;;;;;
73.90499877929688;-0.0302734375;0.0751953125;0.78369140625;;;;;;;;;;;;;;;
73.90835571289062;0.197509765625;0.26123046875;1.17138671875;;;;;;;;;;;;;;;
73.9117431640625;-0.17333984375;-0.1103515625;1.003173828125;;;;;;;;;;;;;;;
73.91510009765625;0.062744140625;0.23193359375;1.223876953125;;;;;;;;;;;;;;;
73.91851806640625;-0.28369140625;0.028076171875;0.7958984375;;;;;;;;;;;;;;;
73.921875;0.151611328125;0.303955078125;0.851806640625;;;;;;;;;;;;;;;
73.92520141601562;-0.073974609375;0.111328125;0.99609375;;;;;;;;;;;;;;;
73.92855834960938;0.1494140625;-0.03662109375;1.05029296875;;;;;;;;;;;;;;;
73.931884765625;0.089599609375;0.163330078125;1.364013671875;;;;;;;;;;;;;;;
73.93521118164062;-0.2646484375;-0.206787109375;0.859375;;;;;;;;;;;;;;;
73.93856811523438;0.03125;0.266357421875;1.01318359375;;;;;;;;;;;;;;;
73.9420166015625;-0.179931640625;-0.01318359375;0.834228515625;;;;;;;;;;;;;;;
73.94546508789062;0.221923828125;0.429443359375;1.133544921875;;;;;;;;;;;;;;;
73.94882202148438;-0.123291015625;0.1015625;1.086669921875;;;;;;;;;;;;;;;
73.95217895507812;-0.104736328125;0.12060546875;0.82763671875;;;;;;;;;;;;;;;
73.95559692382812;0.225341796875;0.079833984375;1.134521484375;;;;;;;;;;;;;;;
73.95895385742188;-0.3076171875;0.041748046875;0.858154296875;;;;;;;;;;;;;;;
73.96231079101562;0.1279296875;0.09814453125;1.2021484375;;;;;;;;;;;;;;;
73.96566772460938;-0.15771484375;-0.189453125;0.935302734375;;;;;;;;;;;;;;;
73.96905517578125;0.14111328125;0.232666015625;1.091552734375;;;;;;;;;;;;;;;
73.97244262695312;-0.1572265625;0.097900390625;0.872802734375;;;;;;;;;;;;;;;
73.97579956054688;0.094970703125;0.0888671875;0.927490234375;;;;;;;;;;;;;;;
73.97915649414062;0.032470703125;0.083251953125;1.253662109375;;;;;;;;;;;;;;;
73.982666015625;-0.18896484375;-0.158935546875;1.01416015625;;;;;;;;;;;;;;;
73.98605346679688;-0.023681640625;0.20703125;1.133056640625;;;;;;;;;;;;;;;
73.98944091796875;-0.259521484375;-0.04638671875;0.734619140625;;;;;;;;;;;;;;;
73.99288940429688;0.157470703125;0.44384765625;0.99658203125;;;;;;;;;;;;;;;
73.99624633789062;-0.1064453125;-0.021728515625;1.067138671875;;;;;;;;;;;;;;;
73.99957275390625;0.097900390625;0.104248046875;1.17041015625;;;;;;;;;;;;;;;
74.00296020507812;0.21826171875;0.138916015625;1.153076171875;;;;;;;;;;;;;;;
74.00637817382812;-0.24462890625;0.09130859375;0.800537109375;;;;;;;;;;;;;;;
74.009765625;-0.09228515625;0.31494140625;1.084228515625;;;;;;;;;;;;;;;
74.01309204101562;-0.1015625;-0.313720703125;0.998046875;;;;;;;;;;;;;;;
74.01644897460938;-0.0908203125;0.189453125;1.18212890625;;;;;;;;;;;;;;;
74.01980590820312;-0.21142578125;-0.093017578125;0.95166015625;;;;;;;;;;;;;;;
74.023193359375;0.1435546875;0.330078125;0.86376953125;;;;;;;;;;;;;;;
74.02655029296875;-0.195556640625;0.246826171875;1.059814453125;;;;;;;;;;;;;;;
74.02999877929688;-0.105224609375;-0.0234375;1.01904296875;;;;;;;;;;;;;;;
74.03335571289062;-0.13623046875;0.0771484375;1.265625;;;;;;;;;;;;;;;
74.03668212890625;-0.21533203125;-0.091064453125;0.878173828125;;;;;;;;;;;;;;;
74.0401611328125;-0.125244140625;0.36279296875;0.92626953125;;;;;;;;;;;;;;;
74.04348754882812;-0.212158203125;0.035888671875;0.9169921875;;;;;;;;;;;;;;;
74.04690551757812;0.188720703125;-0.0244140625;1.1484375;;;;;;;;;;;;;;;
74.05032348632812;-0.18115234375;0.234375;1.289306640625;;;;;;;;;;;;;;;
74.05368041992188;-0.105224609375;-0.113525390625;0.943115234375;;;;;;;;;;;;;;;
74.05712890625;-0.2412109375;0.311279296875;1.008056640625;;;;;;;;;;;;;;;
74.06048583984375;-0.223876953125;-0.165283203125;0.8408203125;;;;;;;;;;;;;;;
74.06387329101562;-0.0966796875;0.324462890625;1.112060546875;;;;;;;;;;;;;;;
74.06723022460938;-0.061279296875;0.010986328125;1.05224609375;;;;;;;;;;;;;;;
74.07058715820312;0.181640625;0.18994140625;0.968994140625;;;;;;;;;;;;;;;
74.0740966796875;-0.10986328125;0.092529296875;1.009765625;;;;;;;;;;;;;;;
74.07742309570312;-0.2607421875;0.022216796875;0.8642578125;;;;;;;;;;;;;;;
74.08078002929688;-0.1201171875;0.053955078125;1.16796875;;;;;;;;;;;;;;;
74.08416748046875;0.01220703125;-0.28564453125;1.02978515625;;;;;;;;;;;;;;;
74.08755493164062;-0.01416015625;0.322509765625;1.055908203125;;;;;;;;;;;;;;;
74.09097290039062;-0.191162109375;0.055419921875;0.7919921875;;;;;;;;;;;;;;;
74.09439086914062;0.14501953125;0.30517578125;1.01513671875;;;;;;;;;;;;;;;
74.0977783203125;-0.12646484375;0.109619140625;1.11328125;;;;;;;;;;;;;;;
74.10122680664062;-0.042236328125;-0.091796875;1.09326171875;;;;;;;;;;;;;;;
74.10458374023438;-0.216796875;0.191162109375;1.07470703125;;;;;;;;;;;;;;;
74.10791015625;-0.118408203125;-0.114013671875;0.816650390625;;;;;;;;;;;;;;;
74.11141967773438;-0.06689453125;0.418701171875;0.9765625;;;;;;;;;;;;;;;
74.11474609375;-0.130859375;0.118896484375;0.95654296875;;;;;;;;;;;;;;;
74.1181640625;0.216064453125;0.052734375;1.252197265625;;;;;;;;;;;;;;;
74.12152099609375;-0.123779296875;0.0498046875;1.072998046875;;;;;;;;;;;;;;;
74.1248779296875;-0.119873046875;-0.11083984375;0.8291015625;;;;;;;;;;;;;;;
74.12823486328125;-0.08984375;0.2900390625;0.976806640625;;;;;;;;;;;;;;;
74.13162231445312;-0.069580078125;-0.27685546875;0.9736328125;;;;;;;;;;;;;;;
74.135009765625;-0.0087890625;0.33447265625;1.187255859375;;;;;;;;;;;;;;;
74.13836669921875;-0.144287109375;0.01708984375;0.9248046875;;;;;;;;;;;;;;;
74.1417236328125;0.128662109375;0.20947265625;0.930419921875;;;;;;;;;;;;;;;
74.1451416015625;-0.176513671875;0.234375;0.967041015625;;;;;;;;;;;;;;;
74.14862060546875;-0.0205078125;-0.116455078125;1.02587890625;;;;;;;;;;;;;;;
74.15206909179688;-0.134765625;0.0771484375;1.210693359375;;;;;;;;;;;;;;;
74.15542602539062;-0.026611328125;-0.241943359375;0.9599609375;;;;;;;;;;;;;;;
74.1588134765625;-0.10595703125;0.398193359375;0.965576171875;;;;;;;;;;;;;;;
74.16220092773438;-0.275634765625;-0.026611328125;0.825927734375;;;;;;;;;;;;;;;
74.16561889648438;0.26220703125;0.126220703125;1.188720703125;;;;;;;;;;;;;;;
74.16897583007812;-0.1875;0.15283203125;1.246337890625;;;;;;;;;;;;;;;
74.17239379882812;-0.103271484375;-0.059814453125;0.958251953125;;;;;;;;;;;;;;;
74.17581176757812;-0.17724609375;0.250732421875;0.95556640625;;;;;;;;;;;;;;;
74.17929077148438;-0.053466796875;-0.211669921875;0.791259765625;;;;;;;;;;;;;;;
74.1826171875;0.072998046875;0.2783203125;1.13818359375;;;;;;;;;;;;;;;
74.18600463867188;-0.0615234375;-0.042724609375;1.033935546875;;;;;;;;;;;;;;;
74.1893310546875;0.065185546875;0.2861328125;1.05322265625;;;;;;;;;;;;;;;
74.1927490234375;-0.2412109375;0.084228515625;0.942626953125;;;;;;;;;;;;;;;
74.19607543945312;-0.04931640625;0.045654296875;0.910400390625;;;;;;;;;;;;;;;
74.19949340820312;-0.028076171875;0.073974609375;1.156982421875;;;;;;;;;;;;;;;
74.20294189453125;0.129150390625;-0.26171875;1.059814453125;;;;;;;;;;;;;;;
74.20632934570312;-0.1376953125;0.40185546875;1.127197265625;;;;;;;;;;;;;;;
74.20974731445312;-0.220703125;-0.093505859375;0.7841796875;;;;;;;;;;;;;;;
74.21319580078125;0.11083984375;0.3740234375;1.08203125;;;;;;;;;;;;;;;
74.21658325195312;-0.5068359375;0.093017578125;0.981201171875;;;;;;;;;;;;;;;
74.21994018554688;-0.2216796875;-0.10791015625;1.050537109375;;;;;;;;;;;;;;;
74.223388671875;-0.14892578125;0.089111328125;1.1044921875;;;;;;;;;;;;;;;
74.22671508789062;-0.017333984375;-0.22705078125;0.79541015625;;;;;;;;;;;;;;;
74.23016357421875;0.068603515625;0.462890625;0.9990234375;;;;;;;;;;;;;;;
74.23355102539062;-0.173583984375;-0.191162109375;0.949462890625;;;;;;;;;;;;;;;
74.2369384765625;0.1708984375;0.294189453125;1.25634765625;;;;;;;;;;;;;;;
74.24029541015625;-0.073486328125;-0.085693359375;1.1103515625;;;;;;;;;;;;;;;
74.24365234375;-0.127197265625;-0.105224609375;0.879150390625;;;;;;;;;;;;;;;
74.24697875976562;-0.149169921875;0.10791015625;0.901123046875;;;;;;;;;;;;;;;
74.25039672851562;-0.029296875;-0.128173828125;0.9765625;;;;;;;;;;;;;;;
74.25372314453125;-0.035888671875;0.3740234375;1.181884765625;;;;;;;;;;;;;;;
74.257080078125;0.005859375;-0.0859375;0.997802734375;;;;;;;;;;;;;;;
74.26043701171875;0.22509765625;0.358154296875;1.05859375;;;;;;;;;;;;;;;
74.26376342773438;-0.614990234375;0.190673828125;0.8349609375;;;;;;;;;;;;;;;
74.26718139648438;0.32958984375;-0.04443359375;1.01513671875;;;;;;;;;;;;;;;
74.2705078125;-0.129638671875;-0.053466796875;1.19580078125;;;;;;;;;;;;;;;
74.27383422851562;0.07666015625;-0.30126953125;0.987060546875;;;;;;;;;;;;;;;
74.2772216796875;-0.157958984375;0.28955078125;0.991455078125;;;;;;;;;;;;;;;
74.28057861328125;-0.3486328125;-0.01123046875;0.7705078125;;;;;;;;;;;;;;;
74.28396606445312;0.2158203125;0.30078125;1.213623046875;;;;;;;;;;;;;;;
74.28738403320312;-0.317138671875;0.066650390625;1.221923828125;;;;;;;;;;;;;;;
74.290771484375;-0.1015625;-0.000732421875;1.046875;;;;;;;;;;;;;;;
74.294189453125;-0.2646484375;0.04541015625;0.895751953125;;;;;;;;;;;;;;;
74.29751586914062;0.052734375;-0.0380859375;0.817626953125;;;;;;;;;;;;;;;
74.30084228515625;-0.04736328125;0.22216796875;1.107666015625;;;;;;;;;;;;;;;
74.30422973632812;-0.0419921875;-0.1240234375;1.03955078125;;;;;;;;;;;;;;;
74.30755615234375;-0.063720703125;0.25927734375;1.157470703125;;;;;;;;;;;;;;;
74.31097412109375;-0.26953125;-0.0068359375;0.890625;;;;;;;;;;;;;;;
74.31448364257812;0.055908203125;0.132568359375;0.9912109375;;;;;;;;;;;;;;;
74.31781005859375;-0.099609375;0.103515625;1.112060546875;;;;;;;;;;;;;;;
74.32125854492188;0.07470703125;-0.015625;1.093017578125;;;;;;;;;;;;;;;
74.3245849609375;-0.148193359375;0.304443359375;1.099853515625;;;;;;;;;;;;;;;
74.32791137695312;-0.081298828125;-0.214599609375;0.762451171875;;;;;;;;;;;;;;;
74.33132934570312;0.080322265625;0.2880859375;1.07177734375;;;;;;;;;;;;;;;
74.33474731445312;-0.338623046875;0.040283203125;0.976318359375;;;;;;;;;;;;;;;
74.338134765625;0.132080078125;0.0517578125;1.156005859375;;;;;;;;;;;;;;;
74.34152221679688;-0.228759765625;0.067138671875;1.032958984375;;;;;;;;;;;;;;;
74.3448486328125;0.102294921875;-0.181640625;0.891845703125;;;;;;;;;;;;;;;
74.34829711914062;-0.104736328125;0.33544921875;0.98046875;;;;;;;;;;;;;;;
74.3516845703125;-0.175537109375;-0.108642578125;0.8935546875;;;;;;;;;;;;;;;
74.35501098632812;0.09033203125;0.261962890625;1.27490234375;;;;;;;;;;;;;;;
74.35845947265625;-0.199462890625;-0.130126953125;1.054931640625;;;;;;;;;;;;;;;
74.36187744140625;0.061279296875;0.09375;0.974609375;;;;;;;;;;;;;;;
74.365234375;-0.218017578125;0.107666015625;0.834716796875;;;;;;;;;;;;;;;
74.36868286132812;0.046630859375;0.052490234375;0.999755859375;;;;;;;;;;;;;;;
74.37203979492188;-0.096923828125;0.302001953125;1.139892578125;;;;;;;;;;;;;;;
74.37542724609375;-0.002197265625;-0.166015625;1.0341796875;;;;;;;;;;;;;;;
74.3787841796875;0.01318359375;0.2548828125;1.080322265625;;;;;;;;;;;;;;;
74.38214111328125;-0.455810546875;0.162841796875;0.803466796875;;;;;;;;;;;;;;;
74.38555908203125;0.255126953125;0.04052734375;1.165283203125;;;;;;;;;;;;;;;
74.38894653320312;-0.101318359375;-0.001708984375;1.104736328125;;;;;;;;;;;;;;;
74.392333984375;0.21533203125;-0.31494140625;1.072021484375;;;;;;;;;;;;;;;
74.39572143554688;-0.253173828125;0.234130859375;0.974853515625;;;;;;;;;;;;;;;
74.39901733398438;-0.16064453125;-0.048828125;0.798583984375;;;;;;;;;;;;;;;
74.4024658203125;-0.0595703125;0.31103515625;1.169189453125;;;;;;;;;;;;;;;
74.40582275390625;-0.24365234375;-0.045166015625;1.129638671875;;;;;;;;;;;;;;;
74.40921020507812;0.0107421875;0.102294921875;1.14111328125;;;;;;;;;;;;;;;
74.4127197265625;-0.231201171875;0.084228515625;0.8662109375;;;;;;;;;;;;;;;
74.41607666015625;0.166259765625;0.087890625;0.825439453125;;;;;;;;;;;;;;;
74.41952514648438;-0.016357421875;0.136474609375;1.074951171875;;;;;;;;;;;;;;;
74.42288208007812;0.03125;-0.306884765625;1.078369140625;;;;;;;;;;;;;;;
74.42620849609375;-0.134765625;0.217529296875;1.210693359375;;;;;;;;;;;;;;;
74.4296875;-0.4306640625;-0.1103515625;0.84326171875;;;;;;;;;;;;;;;
74.43304443359375;0.169189453125;0.198486328125;1.04443359375;;;;;;;;;;;;;;;
74.4364013671875;-0.158447265625;0.201904296875;1.0400390625;;;;;;;;;;;;;;;
74.43978881835938;0.09423828125;0.124755859375;1.131591796875;;;;;;;;;;;;;;;
74.44314575195312;-0.216796875;0.197509765625;1.05810546875;;;;;;;;;;;;;;;
74.44647216796875;0.08837890625;-0.2744140625;0.808837890625;;;;;;;;;;;;;;;
74.4498291015625;-0.0107421875;0.196044921875;1.047607421875;;;;;;;;;;;;;;;
74.45327758789062;-0.3720703125;-0.0927734375;0.853515625;;;;;;;;;;;;;;;
74.45669555664062;0.441162109375;0.11181640625;1.200927734375;;;;;;;;;;;;;;;
74.46014404296875;-0.182861328125;0.12548828125;0.9951171875;;;;;;;;;;;;;;;
74.46356201171875;0.2568359375;0.122802734375;0.978515625;;;;;;;;;;;;;;;
74.46697998046875;-0.035400390625;0.2412109375;0.955810546875;;;;;;;;;;;;;;;
74.4703369140625;-0.082275390625;-0.029541015625;0.908447265625;;;;;;;;;;;;;;;
74.47369384765625;0.085693359375;0.16015625;1.248779296875;;;;;;;;;;;;;;;
74.47720336914062;-0.221435546875;-0.26123046875;1.052734375;;;;;;;;;;;;;;;
74.4805908203125;0.1015625;-0.0009765625;1.038330078125;;;;;;;;;;;;;;;
74.48391723632812;-0.23291015625;0.144287109375;0.812255859375;;;;;;;;;;;;;;;
74.48736572265625;0.06591796875;0.3486328125;0.978759765625;;;;;;;;;;;;;;;
74.49075317382812;0.052734375;0.177978515625;1.1142578125;;;;;;;;;;;;;;;
74.49420166015625;0.059326171875;-0.1552734375;1.134765625;;;;;;;;;;;;;;;
74.49758911132812;-0.0322265625;0.158935546875;1.056884765625;;;;;;;;;;;;;;;
74.50094604492188;-0.40625;0.016357421875;0.778076171875;;;;;;;;;;;;;;;
74.50430297851562;0.228759765625;0.12109375;1.165771484375;;;;;;;;;;;;;;;
74.50765991210938;-0.02978515625;0.013427734375;1.0380859375;;;;;;;;;;;;;;;
74.51101684570312;0.206298828125;0.014404296875;1.1455078125;;;;;;;;;;;;;;;
74.51443481445312;-0.19580078125;0.121826171875;0.947509765625;;;;;;;;;;;;;;;
74.5179443359375;-0.056884765625;0.129150390625;0.830810546875;;;;;;;;;;;;;;;
74.52133178710938;-0.085693359375;0.331298828125;1.08349609375;;;;;;;;;;;;;;;
74.52471923828125;-0.1162109375;-0.1474609375;1.08984375;;;;;;;;;;;;;;;
74.52810668945312;0.01416015625;0.07861328125;1.234375;;;;;;;;;;;;;;;
74.531494140625;-0.212158203125;-0.002685546875;0.83349609375;;;;;;;;;;;;;;;
74.53497314453125;0.126708984375;0.291748046875;0.8330078125;;;;;;;;;;;;;;;
74.53836059570312;0.076904296875;0.169189453125;1.025634765625;;;;;;;;;;;;;;;
74.54177856445312;0.040283203125;-0.22412109375;1.105224609375;;;;;;;;;;;;;;;
74.54513549804688;-0.142333984375;0.23876953125;1.21142578125;;;;;;;;;;;;;;;
74.54849243164062;-0.217041015625;-0.150634765625;0.86181640625;;;;;;;;;;;;;;;
74.5518798828125;0.00341796875;0.302490234375;1.05712890625;;;;;;;;;;;;;;;
74.55523681640625;-0.1611328125;0.051025390625;0.959716796875;;;;;;;;;;;;;;;
74.55865478515625;0.1201171875;0.286376953125;1.123779296875;;;;;;;;;;;;;;;
74.56204223632812;-0.135498046875;0.199951171875;1.017333984375;;;;;;;;;;;;;;;
74.56539916992188;0.112548828125;-0.082275390625;0.839111328125;;;;;;;;;;;;;;;
74.56881713867188;-0.08740234375;0.142333984375;0.99609375;;;;;;;;;;;;;;;
74.572265625;-0.156982421875;-0.096435546875;0.88671875;;;;;;;;;;;;;;;
74.57565307617188;0.10546875;0.1865234375;1.241943359375;;;;;;;;;;;;;;;
74.57901000976562;-0.115478515625;-0.051513671875;1.005615234375;;;;;;;;;;;;;;;
74.5823974609375;0.1298828125;0.290283203125;1.04443359375;;;;;;;;;;;;;;;
74.58578491210938;-0.13037109375;0.231201171875;0.858154296875;;;;;;;;;;;;;;;
74.58914184570312;0.0498046875;0.125732421875;0.928466796875;;;;;;;;;;;;;;;
74.59259033203125;0.02001953125;0.10693359375;1.189453125;;;;;;;;;;;;;;;
74.59597778320312;-0.171630859375;-0.259033203125;1.032470703125;;;;;;;;;;;;;;;
74.59933471679688;0.029541015625;0.24169921875;1.081787109375;;;;;;;;;;;;;;;
74.60269165039062;-0.161865234375;0.16015625;0.822265625;;;;;;;;;;;;;;;
74.60614013671875;0.108154296875;0.505615234375;1.01904296875;;;;;;;;;;;;;;;
74.6094970703125;-0.1064453125;-0.042236328125;1.028564453125;;;;;;;;;;;;;;;
74.61288452148438;0.0625;-0.1025390625;1.144287109375;;;;;;;;;;;;;;;
74.61630249023438;-0.18798828125;0.034912109375;1.031982421875;;;;;;;;;;;;;;;
74.61972045898438;-0.09814453125;-0.138916015625;0.763916015625;;;;;;;;;;;;;;;
74.62319946289062;0.2109375;0.20751953125;1.176513671875;;;;;;;;;;;;;;;
74.62661743164062;0.018310546875;0.00390625;1.021240234375;;;;;;;;;;;;;;;
74.63009643554688;0.08349609375;0.2939453125;1.215087890625;;;;;;;;;;;;;;;
74.63345336914062;-0.3525390625;0.100341796875;0.800048828125;;;;;;;;;;;;;;;
74.63690185546875;-0.004638671875;0.159912109375;0.82080078125;;;;;;;;;;;;;;;
74.64031982421875;-0.001708984375;0.1630859375;1.033447265625;;;;;;;;;;;;;;;
74.64373779296875;0.04638671875;-0.1337890625;0.978271484375;;;;;;;;;;;;;;;
74.64703369140625;0.234375;0.160888671875;1.296875;;;;;;;;;;;;;;;
74.65045166015625;-0.165283203125;0.084228515625;0.858154296875;;;;;;;;;;;;;;;
74.65390014648438;0.022216796875;0.354248046875;0.918212890625;;;;;;;;;;;;;;;
74.65728759765625;-0.262939453125;0.02294921875;0.881591796875;;;;;;;;;;;;;;;
74.66070556640625;0.16796875;-0.19384765625;1.11279296875;;;;;;;;;;;;;;;
74.66403198242188;-0.06005859375;0.1630859375;1.1865234375;;;;;;;;;;;;;;;
74.66748046875;-0.135986328125;0.03564453125;0.836669921875;;;;;;;;;;;;;;;
74.67092895507812;0.174560546875;0.289794921875;1.086181640625;;;;;;;;;;;;;;;
74.67425537109375;-0.25244140625;0.0810546875;0.883544921875;;;;;;;;;;;;;;;
74.67767333984375;0.1689453125;0.13916015625;1.2080078125;;;;;;;;;;;;;;;
74.68109130859375;-0.276123046875;0.001220703125;0.95849609375;;;;;;;;;;;;;;;
74.68447875976562;0.147705078125;0.10009765625;0.923583984375;;;;;;;;;;;;;;;
74.68798828125;-0.222900390625;0.174560546875;0.91943359375;;;;;;;;;;;;;;;
74.69137573242188;0.035400390625;0.015380859375;0.885009765625;;;;;;;;;;;;;;;
74.69473266601562;0.2822265625;0.1669921875;1.2841796875;;;;;;;;;;;;;;;
74.6981201171875;-0.041748046875;-0.116455078125;1.02001953125;;;;;;;;;;;;;;;
74.701416015625;0.035888671875;0.289306640625;1.127685546875;;;;;;;;;;;;;;;
74.704833984375;-0.37109375;-0.002685546875;0.7822265625;;;;;;;;;;;;;;;
74.70828247070312;0.112060546875;0.3193359375;0.964111328125;;;;;;;;;;;;;;;
74.71173095703125;-0.080078125;0.022216796875;1.084716796875;;;;;;;;;;;;;;;
74.71517944335938;0.052734375;-0.041748046875;1.05615234375;;;;;;;;;;;;;;;
74.71853637695312;-0.067138671875;0.212890625;1.102294921875;;;;;;;;;;;;;;;
74.72201538085938;-0.234130859375;0.14013671875;0.7998046875;;;;;;;;;;;;;;;
74.72543334960938;0.04150390625;0.40234375;1.038818359375;;;;;;;;;;;;;;;
74.72879028320312;-0.10205078125;-0.207763671875;0.966064453125;;;;;;;;;;;;;;;
74.732177734375;0.149658203125;0.063720703125;1.201416015625;;;;;;;;;;;;;;;
74.73556518554688;-0.206787109375;-0.016845703125;0.974853515625;;;;;;;;;;;;;;;
74.73892211914062;-0.03759765625;0.12939453125;0.81103515625;;;;;;;;;;;;;;;
74.74224853515625;0.0537109375;0.22412109375;1.088134765625;;;;;;;;;;;;;;;
74.74560546875;-0.038818359375;-0.04345703125;1.022705078125;;;;;;;;;;;;;;;
74.74899291992188;-0.03564453125;0.3525390625;1.23779296875;;;;;;;;;;;;;;;
74.75238037109375;-0.262451171875;0.01953125;0.86767578125;;;;;;;;;;;;;;;
74.75576782226562;0.0341796875;0.31591796875;0.893310546875;;;;;;;;;;;;;;;
74.75924682617188;-0.15283203125;0.13134765625;0.924072265625;;;;;;;;;;;;;;;
74.76263427734375;0.12353515625;-0.17626953125;1.095947265625;;;;;;;;;;;;;;;
74.7659912109375;-0.06103515625;0.13916015625;1.24267578125;;;;;;;;;;;;;;;
74.76937866210938;-0.041015625;-0.066162109375;0.942138671875;;;;;;;;;;;;;;;
74.77273559570312;-0.189208984375;0.43701171875;0.96142578125;;;;;;;;;;;;;;;
74.77618408203125;-0.28125;-0.048828125;0.84033203125;;;;;;;;;;;;;;;
74.77969360351562;-0.0087890625;0.037841796875;1.134765625;;;;;;;;;;;;;;;
74.7830810546875;-0.08740234375;0.02099609375;1.158203125;;;;;;;;;;;;;;;
74.7864990234375;0.010009765625;0.0205078125;0.958740234375;;;;;;;;;;;;;;;
74.78988647460938;-0.085205078125;0.201171875;0.968017578125;;;;;;;;;;;;;;;
74.79324340820312;-0.131103515625;0.015625;0.9111328125;;;;;;;;;;;;;;;
74.79666137695312;-0.0126953125;0.196533203125;1.190673828125;;;;;;;;;;;;;;;
74.79998779296875;-0.0859375;-0.009033203125;1.0361328125;;;;;;;;;;;;;;;
74.8033447265625;-0.099853515625;0.177734375;1.024169921875;;;;;;;;;;;;;;;
74.80670166015625;-0.208251953125;0.04345703125;0.83251953125;;;;;;;;;;;;;;;
74.81008911132812;0.133544921875;0.029052734375;0.977783203125;;;;;;;;;;;;;;;
74.81341552734375;-0.049560546875;0.200927734375;1.247802734375;;;;;;;;;;;;;;;
74.81680297851562;-0.035888671875;-0.1630859375;1.078369140625;;;;;;;;;;;;;;;
74.82009887695312;-0.15234375;0.3232421875;1.125244140625;;;;;;;;;;;;;;;
74.82345581054688;-0.19775390625;-0.230712890625;0.757080078125;;;;;;;;;;;;;;;
74.826904296875;0.05517578125;0.400634765625;1.01171875;;;;;;;;;;;;;;;
74.83023071289062;-0.141845703125;-0.009765625;1.005615234375;;;;;;;;;;;;;;;
74.83367919921875;0.0576171875;0.135498046875;1.108154296875;;;;;;;;;;;;;;;
74.83697509765625;-0.119384765625;0.138427734375;1.098388671875;;;;;;;;;;;;;;;
74.84030151367188;-0.1240234375;-0.02490234375;0.8291015625;;;;;;;;;;;;;;;
74.84368896484375;0.0146484375;0.287841796875;1.052734375;;;;;;;;;;;;;;;
74.84710693359375;-0.071044921875;-0.438720703125;0.9658203125;;;;;;;;;;;;;;;
74.8504638671875;-0.01220703125;0.182373046875;1.2314453125;;;;;;;;;;;;;;;
74.85382080078125;-0.204833984375;-0.050048828125;0.932861328125;;;;;;;;;;;;;;;
74.857177734375;0.108642578125;0.331298828125;0.90966796875;;;;;;;;;;;;;;;
74.86062622070312;-0.130126953125;0.29248046875;0.9873046875;;;;;;;;;;;;;;;
74.86395263671875;-0.084716796875;-0.059814453125;1.01220703125;;;;;;;;;;;;;;;
74.86737060546875;-0.099365234375;0.33837890625;1.23779296875;;;;;;;;;;;;;;;
74.87075805664062;-0.054443359375;-0.17138671875;0.926513671875;;;;;;;;;;;;;;;
74.87411499023438;0.128662109375;0.310791015625;0.94287109375;;;;;;;;;;;;;;;
74.87750244140625;-0.182373046875;0.029052734375;0.8359375;;;;;;;;;;;;;;;
74.88082885742188;0.238525390625;0.068359375;1.168212890625;;;;;;;;;;;;;;;
74.88424682617188;0.10693359375;0.1650390625;1.2421875;;;;;;;;;;;;;;;
74.88763427734375;-0.11181640625;-0.048583984375;0.97509765625;;;;;;;;;;;;;;;
74.8909912109375;-0.181396484375;0.237548828125;1.00732421875;;;;;;;;;;;;;;;
74.89434814453125;-0.2744140625;-0.17724609375;0.78173828125;;;;;;;;;;;;;;;
74.8978271484375;0.091552734375;0.206787109375;1.141845703125;;;;;;;;;;;;;;;
74.90118408203125;-0.020751953125;-0.041015625;1.088134765625;;;;;;;;;;;;;;;
74.90451049804688;0.23046875;0.2119140625;1.0546875;;;;;;;;;;;;;;;
74.90789794921875;-0.14892578125;0.15771484375;0.968994140625;;;;;;;;;;;;;;;
74.91122436523438;-0.206787109375;0.0576171875;0.86669921875;;;;;;;;;;;;;;;
74.91458129882812;-0.0751953125;0.0625;1.2001953125;;;;;;;;;;;;;;;
74.91796875;0.0;-0.125;1.017333984375;;;;;;;;;;;;;;;
74.92135620117188;-0.041259765625;0.356201171875;1.060302734375;;;;;;;;;;;;;;;
74.92474365234375;-0.26953125;-0.11962890625;0.755859375;;;;;;;;;;;;;;;
74.92813110351562;0.35791015625;0.199462890625;1.08056640625;;;;;;;;;;;;;;;
74.93148803710938;-0.5205078125;0.083740234375;1.307861328125;;;;;;;;;;;;;;;
74.93487548828125;-0.242431640625;-0.0673828125;1.06494140625;;;;;;;;;;;;;;;
74.93826293945312;-0.281005859375;0.150634765625;1.114501953125;;;;;;;;;;;;;;;
74.94161987304688;-0.016845703125;-0.244384765625;0.72216796875;;;;;;;;;;;;;;;
74.9449462890625;0.023681640625;0.400390625;0.998291015625;;;;;;;;;;;;;;;
74.94827270507812;-0.15673828125;-0.032958984375;0.966064453125;;;;;;;;;;;;;;;
74.95172119140625;0.2099609375;0.301513671875;1.12939453125;;;;;;;;;;;;;;;
74.95513916015625;0.083740234375;0.02685546875;1.16796875;;;;;;;;;;;;;;;
74.95852661132812;-0.25;-0.058349609375;0.865478515625;;;;;;;;;;;;;;;
74.9619140625;-0.05126953125;0.12109375;1.03173828125;;;;;;;;;;;;;;;
74.96530151367188;-0.088623046875;-0.27587890625;0.94921875;;;;;;;;;;;;;;;
74.96868896484375;-0.044921875;0.350830078125;1.20263671875;;;;;;;;;;;;;;;
74.97207641601562;-0.306884765625;-0.1044921875;0.90869140625;;;;;;;;;;;;;;;
74.97540283203125;0.319580078125;0.433349609375;1.023193359375;;;;;;;;;;;;;;;
74.97879028320312;-0.522705078125;0.255615234375;0.935791015625;;;;;;;;;;;;;;;
74.982177734375;-0.2939453125;-0.0361328125;1.0;;;;;;;;;;;;;;;
74.98553466796875;-0.140869140625;0.18603515625;1.210205078125;;;;;;;;;;;;;;;
74.989013671875;0.102783203125;-0.45654296875;0.975341796875;;;;;;;;;;;;;;;
74.9923095703125;0.120849609375;0.35546875;1.003173828125;;;;;;;;;;;;;;;
74.99566650390625;-0.359375;-0.027099609375;0.7685546875;;;;;;;;;;;;;;;
74.9990234375;0.27392578125;0.371337890625;1.221923828125;;;;;;;;;;;;;;;
75.00247192382812;0.140869140625;0.12109375;1.307861328125;;;;;;;;;;;;;;;
75.00595092773438;-0.32421875;-0.010498046875;1.0078125;;;;;;;;;;;;;;;
75.00927734375;-0.249755859375;0.0576171875;0.94091796875;;;;;;;;;;;;;;;
75.01263427734375;-0.215087890625;-0.2607421875;0.781494140625;;;;;;;;;;;;;;;
75.01602172851562;0.022216796875;0.255615234375;1.146240234375;;;;;;;;;;;;;;;
75.01937866210938;-0.076416015625;-0.204345703125;1.0615234375;;;;;;;;;;;;;;;
75.02267456054688;0.218994140625;0.47509765625;1.13134765625;;;;;;;;;;;;;;;
75.02618408203125;-0.33740234375;0.191650390625;0.914306640625;;;;;;;;;;;;;;;
75.029541015625;-0.08740234375;0.214599609375;0.882080078125;;;;;;;;;;;;;;;
75.03302001953125;-0.155029296875;-0.047119140625;1.159912109375;;;;;;;;;;;;;;;
75.03640747070312;0.076904296875;-0.385986328125;1.083251953125;;;;;;;;;;;;;;;
75.03985595703125;-0.138671875;0.263427734375;1.111083984375;;;;;;;;;;;;;;;
75.04324340820312;-0.29541015625;-0.18896484375;0.766845703125;;;;;;;;;;;;;;;
75.04656982421875;0.1630859375;0.314208984375;1.070068359375;;;;;;;;;;;;;;;
75.04989624023438;-0.406494140625;0.156982421875;1.157958984375;;;;;;;;;;;;;;;
75.0533447265625;-0.03759765625;0.036376953125;1.142578125;;;;;;;;;;;;;;;
75.05670166015625;-0.324951171875;0.095703125;1.064208984375;;;;;;;;;;;;;;;
75.06008911132812;0.12158203125;-0.278076171875;0.767578125;;;;;;;;;;;;;;;
75.06341552734375;-0.053955078125;0.304443359375;0.981201171875;;;;;;;;;;;;;;;
75.06680297851562;-0.144775390625;-0.075439453125;0.8955078125;;;;;;;;;;;;;;;
75.0701904296875;0.11083984375;0.3076171875;1.23095703125;;;;;;;;;;;;;;;
75.07354736328125;-0.181396484375;-0.039306640625;1.049560546875;;;;;;;;;;;;;;;
75.07696533203125;0.00048828125;0.005615234375;0.966552734375;;;;;;;;;;;;;;;
75.08038330078125;-0.138427734375;0.052490234375;0.971435546875;;;;;;;;;;;;;;;
75.08367919921875;0.0458984375;-0.00048828125;0.982421875;;;;;;;;;;;;;;;
75.08709716796875;0.049560546875;0.2705078125;1.146240234375;;;;;;;;;;;;;;;
75.09048461914062;-0.115966796875;-0.09375;0.90673828125;;;;;;;;;;;;;;;
75.09378051757812;0.11572265625;0.286376953125;1.082763671875;;;;;;;;;;;;;;;
75.09713745117188;-0.443603515625;0.179931640625;0.8154296875;;;;;;;;;;;;;;;
75.10052490234375;-0.093017578125;-0.016845703125;1.078369140625;;;;;;;;;;;;;;;
75.10391235351562;-0.1005859375;-0.04345703125;1.11083984375;;;;;;;;;;;;;;;
75.10736083984375;0.186279296875;-0.367919921875;1.072021484375;;;;;;;;;;;;;;;
75.1107177734375;-0.066650390625;0.308349609375;0.93701171875;;;;;;;;;;;;;;;
75.1141357421875;-0.119873046875;0.0224609375;0.76171875;;;;;;;;;;;;;;;
75.11758422851562;-0.020751953125;0.369873046875;1.19091796875;;;;;;;;;;;;;;;
75.12091064453125;-0.192626953125;-0.11962890625;1.12451171875;;;;;;;;;;;;;;;
75.12429809570312;-0.00048828125;-0.182861328125;1.131591796875;;;;;;;;;;;;;;;
75.12762451171875;-0.181396484375;-0.044677734375;0.85400390625;;;;;;;;;;;;;;;
75.13092041015625;-0.021484375;0.099365234375;0.826904296875;;;;;;;;;;;;;;;
75.13430786132812;0.011962890625;0.32421875;1.079345703125;;;;;;;;;;;;;;;
75.13775634765625;0.0;-0.077392578125;1.04541015625;;;;;;;;;;;;;;;
75.14126586914062;0.10205078125;0.2353515625;1.23193359375;;;;;;;;;;;;;;;
75.14462280273438;-0.482666015625;0.078369140625;0.832275390625;;;;;;;;;;;;;;;
75.14810180664062;0.186767578125;0.10107421875;0.8916015625;;;;;;;;;;;;;;;
75.15151977539062;-0.1025390625;0.048095703125;1.0751953125;;;;;;;;;;;;;;;
75.15484619140625;0.1669921875;-0.389404296875;1.12890625;;;;;;;;;;;;;;;
75.158203125;-0.132568359375;0.2607421875;1.10595703125;;;;;;;;;;;;;;;
75.16162109375;-0.135498046875;-0.17919921875;0.782470703125;;;;;;;;;;;;;;;
75.16497802734375;-0.051513671875;0.361083984375;1.06103515625;;;;;;;;;;;;;;;
75.16830444335938;-0.393798828125;0.0654296875;1.04541015625;;;;;;;;;;;;;;;
75.17169189453125;0.033447265625;0.084228515625;1.163330078125;;;;;;;;;;;;;;;
75.17507934570312;-0.15087890625;0.104248046875;1.0400390625;;;;;;;;;;;;;;;
75.17843627929688;0.17431640625;-0.135009765625;0.82373046875;;;;;;;;;;;;;;;
75.18182373046875;-0.052001953125;0.174072265625;0.95361328125;;;;;;;;;;;;;;;
75.185302734375;-0.115966796875;-0.1953125;0.890869140625;;;;;;;;;;;;;;;
75.188720703125;0.103271484375;0.244873046875;1.266845703125;;;;;;;;;;;;;;;
75.19223022460938;-0.263427734375;-0.083740234375;1.027099609375;;;;;;;;;;;;;;;
75.19564819335938;0.145263671875;0.097412109375;1.0322265625;;;;;;;;;;;;;;;
75.19903564453125;-0.199462890625;0.158203125;0.9453125;;;;;;;;;;;;;;;
75.20245361328125;0.01611328125;0.194580078125;0.980224609375;;;;;;;;;;;;;;;
75.20578002929688;-0.0068359375;0.248046875;1.142578125;;;;;;;;;;;;;;;
75.20916748046875;0.045654296875;-0.278076171875;0.95166015625;;;;;;;;;;;;;;;
75.21255493164062;0.0078125;0.186279296875;1.09912109375;;;;;;;;;;;;;;;
75.21591186523438;-0.506103515625;0.050048828125;0.72705078125;;;;;;;;;;;;;;;
75.21932983398438;0.05908203125;0.19384765625;1.0322265625;;;;;;;;;;;;;;;
75.22268676757812;0.026123046875;0.02001953125;1.100341796875;;;;;;;;;;;;;;;
75.22604370117188;0.180419921875;-0.0537109375;1.125;;;;;;;;;;;;;;;
75.2293701171875;-0.089111328125;0.191650390625;0.977783203125;;;;;;;;;;;;;;;
75.23272705078125;-0.215576171875;-0.0146484375;0.753662109375;;;;;;;;;;;;;;;
75.23623657226562;0.034912109375;0.30029296875;1.14501953125;;;;;;;;;;;;;;;
75.23959350585938;-0.488525390625;-0.191650390625;1.071044921875;;;;;;;;;;;;;;;
75.24298095703125;0.18603515625;-0.094970703125;1.16845703125;;;;;;;;;;;;;;;
75.24636840820312;-0.168212890625;-0.053466796875;0.857177734375;;;;;;;;;;;;;;;
75.24978637695312;0.029296875;0.35009765625;0.822265625;;;;;;;;;;;;;;;
75.253173828125;-0.002197265625;0.288330078125;1.02197265625;;;;;;;;;;;;;;;
75.256591796875;0.00244140625;-0.13916015625;1.07470703125;;;;;;;;;;;;;;;
75.260009765625;0.000732421875;0.1669921875;1.2236328125;;;;;;;;;;;;;;;
75.26336669921875;-0.440673828125;-0.012939453125;0.83740234375;;;;;;;;;;;;;;;
75.2667236328125;0.239990234375;0.095458984375;0.923095703125;;;;;;;;;;;;;;;
75.27011108398438;-0.0771484375;0.1328125;0.963134765625;;;;;;;;;;;;;;;
75.2735595703125;0.204345703125;-0.17138671875;1.151611328125;;;;;;;;;;;;;;;
75.27691650390625;-0.190185546875;0.237548828125;1.11083984375;;;;;;;;;;;;;;;
75.28033447265625;-0.09423828125;-0.078125;0.82080078125;;;;;;;;;;;;;;;
75.28369140625;-0.08642578125;0.453857421875;0.995361328125;;;;;;;;;;;;;;;
75.28713989257812;-0.245361328125;-0.063232421875;0.962158203125;;;;;;;;;;;;;;;
75.29055786132812;0.202392578125;0.056396484375;1.2548828125;;;;;;;;;;;;;;;
75.2939453125;-0.19921875;-0.05908203125;0.974853515625;;;;;;;;;;;;;;;
75.29739379882812;0.25146484375;0.169677734375;0.867431640625;;;;;;;;;;;;;;;
75.30072021484375;-0.130126953125;0.19384765625;0.897216796875;;;;;;;;;;;;;;;
75.30413818359375;0.0458984375;-0.1142578125;0.894287109375;;;;;;;;;;;;;;;
75.3074951171875;0.130615234375;0.1806640625;1.271728515625;;;;;;;;;;;;;;;
75.31082153320312;-0.05908203125;-0.162353515625;1.0625;;;;;;;;;;;;;;;
75.314208984375;0.0283203125;0.16064453125;1.099853515625;;;;;;;;;;;;;;;
75.31765747070312;-0.289306640625;0.1484375;0.863525390625;;;;;;;;;;;;;;;
75.32107543945312;0.04736328125;0.391357421875;0.972412109375;;;;;;;;;;;;;;;
75.324462890625;0.0126953125;0.162841796875;1.0634765625;;;;;;;;;;;;;;;
75.327880859375;0.1044921875;-0.168212890625;0.999755859375;;;;;;;;;;;;;;;
75.33123779296875;-0.14892578125;0.050048828125;1.06201171875;;;;;;;;;;;;;;;
75.33468627929688;-0.2275390625;-0.036865234375;0.801025390625;;;;;;;;;;;;;;;
75.33798217773438;0.111328125;0.289306640625;1.1201171875;;;;;;;;;;;;;;;
75.34133911132812;-0.02880859375;0.025146484375;1.037109375;;;;;;;;;;;;;;;
75.3447265625;0.05908203125;0.14697265625;1.159912109375;;;;;;;;;;;;;;;
75.34808349609375;-0.169921875;0.137451171875;0.938232421875;;;;;;;;;;;;;;;
75.35159301757812;-0.073974609375;0.0546875;0.816162109375;;;;;;;;;;;;;;;
75.35498046875;-0.060302734375;0.213134765625;1.068603515625;;;;;;;;;;;;;;;
75.35836791992188;-0.2470703125;-0.22998046875;1.052490234375;;;;;;;;;;;;;;;
75.36181640625;0.0947265625;0.065185546875;1.257568359375;;;;;;;;;;;;;;;
75.36529541015625;-0.164794921875;0.06982421875;0.876708984375;;;;;;;;;;;;;;;
75.36865234375;0.071044921875;0.395751953125;0.863525390625;;;;;;;;;;;;;;;
75.37200927734375;-0.135986328125;0.208740234375;0.929931640625;;;;;;;;;;;;;;;
75.37542724609375;0.08935546875;-0.210205078125;1.0869140625;;;;;;;;;;;;;;;
75.37881469726562;-0.148193359375;0.11767578125;1.213623046875;;;;;;;;;;;;;;;
75.38226318359375;-0.19287109375;-0.150634765625;0.82177734375;;;;;;;;;;;;;;;
75.3856201171875;0.181640625;0.248779296875;1.069091796875;;;;;;;;;;;;;;;
75.3890380859375;-0.12890625;0.114990234375;0.90283203125;;;;;;;;;;;;;;;
75.39239501953125;0.137451171875;0.00341796875;1.1640625;;;;;;;;;;;;;;;
75.395751953125;-0.26123046875;0.10791015625;1.10693359375;;;;;;;;;;;;;;;
75.399169921875;-0.048095703125;0.0068359375;0.87890625;;;;;;;;;;;;;;;
75.40249633789062;-0.163818359375;0.288330078125;0.951416015625;;;;;;;;;;;;;;;
75.40585327148438;-0.0185546875;-0.024658203125;0.851318359375;;;;;;;;;;;;;;;
75.40927124023438;0.350341796875;0.158935546875;1.2783203125;;;;;;;;;;;;;;;
75.41256713867188;-0.043212890625;0.0986328125;1.014404296875;;;;;;;;;;;;;;;
75.41595458984375;0.08837890625;0.218505859375;0.942626953125;;;;;;;;;;;;;;;
75.41934204101562;-0.25244140625;0.036376953125;0.838134765625;;;;;;;;;;;;;;;
75.42279052734375;0.066650390625;-0.159423828125;0.920654296875;;;;;;;;;;;;;;;
75.42620849609375;-0.0107421875;0.134033203125;1.253662109375;;;;;;;;;;;;;;;
75.4295654296875;-0.252197265625;-0.05419921875;1.028564453125;;;;;;;;;;;;;;;
75.43292236328125;0.005859375;0.241455078125;1.109130859375;;;;;;;;;;;;;;;
75.43646240234375;-0.17236328125;0.145751953125;0.82958984375;;;;;;;;;;;;;;;
75.43984985351562;0.072265625;0.34423828125;0.995361328125;;;;;;;;;;;;;;;
75.44320678710938;-0.1201171875;0.029296875;0.992431640625;;;;;;;;;;;;;;;
75.44662475585938;0.1865234375;-0.079833984375;1.0703125;;;;;;;;;;;;;;;
75.44992065429688;-0.185791015625;0.11572265625;1.02880859375;;;;;;;;;;;;;;;
75.45330810546875;-0.209228515625;-0.1396484375;0.76904296875;;;;;;;;;;;;;;;
75.45672607421875;0.224365234375;0.297607421875;1.14208984375;;;;;;;;;;;;;;;
75.4600830078125;-0.025146484375;0.006591796875;1.008544921875;;;;;;;;;;;;;;;
75.4635009765625;0.11669921875;0.381591796875;1.224365234375;;;;;;;;;;;;;;;
75.466796875;-0.30615234375;0.027099609375;0.9208984375;;;;;;;;;;;;;;;
75.47015380859375;0.037109375;0.203125;0.859130859375;;;;;;;;;;;;;;;
75.47366333007812;-0.112060546875;0.119384765625;0.971435546875;;;;;;;;;;;;;;;
75.47705078125;-0.216552734375;-0.21923828125;1.036376953125;;;;;;;;;;;;;;;
75.48040771484375;0.05078125;0.184326171875;1.280517578125;;;;;;;;;;;;;;;
75.4837646484375;-0.177978515625;0.052490234375;0.891845703125;;;;;;;;;;;;;;;
75.48715209960938;0.06005859375;0.45458984375;0.91845703125;;;;;;;;;;;;;;;
75.49063110351562;-0.232421875;0.04541015625;0.871337890625;;;;;;;;;;;;;;;
75.4940185546875;0.177734375;-0.059814453125;1.118408203125;;;;;;;;;;;;;;;
75.49740600585938;-0.06201171875;0.073486328125;1.179443359375;;;;;;;;;;;;;;;
75.50079345703125;-0.07275390625;-0.094482421875;0.94921875;;;;;;;;;;;;;;;
75.50424194335938;-0.16650390625;0.1513671875;1.0146484375;;;;;;;;;;;;;;;
75.50778198242188;-0.14453125;0.087158203125;0.893798828125;;;;;;;;;;;;;;;
75.51116943359375;-0.00048828125;0.2783203125;1.179931640625;;;;;;;;;;;;;;;
75.51446533203125;-0.1416015625;0.05615234375;1.00537109375;;;;;;;;;;;;;;;
75.51788330078125;0.0;0.159423828125;0.9736328125;;;;;;;;;;;;;;;
75.52130126953125;-0.21484375;0.204345703125;0.88330078125;;;;;;;;;;;;;;;
75.52459716796875;0.03662109375;-0.082763671875;0.949462890625;;;;;;;;;;;;;;;
75.5279541015625;0.066650390625;0.119873046875;1.2470703125;;;;;;;;;;;;;;;
75.53134155273438;0.044189453125;-0.004150390625;1.072509765625;;;;;;;;;;;;;;;
75.53482055664062;-0.125;0.3427734375;1.1484375;;;;;;;;;;;;;;;
75.53817749023438;-0.1875;-0.0234375;0.802734375;;;;;;;;;;;;;;;
75.54156494140625;-0.115966796875;0.040771484375;0.972412109375;;;;;;;;;;;;;;;
75.544921875;-0.125244140625;0.03076171875;1.20068359375;;;;;;;;;;;;;;;
75.5482177734375;-0.03173828125;-0.035888671875;1.08984375;;;;;;;;;;;;;;;
75.55154418945312;-0.1240234375;0.199951171875;1.10986328125;;;;;;;;;;;;;;;
75.55496215820312;-0.12939453125;-0.009033203125;0.832275390625;;;;;;;;;;;;;;;
75.55844116210938;-0.0068359375;0.316162109375;1.02978515625;;;;;;;;;;;;;;;
75.56179809570312;-0.118896484375;0.001708984375;0.979736328125;;;;;;;;;;;;;;;
75.565185546875;-0.05078125;0.066650390625;1.135986328125;;;;;;;;;;;;;;;
75.56857299804688;-0.19873046875;0.064208984375;0.98193359375;;;;;;;;;;;;;;;
75.57205200195312;0.013427734375;-0.066650390625;0.86962890625;;;;;;;;;;;;;;;
75.575439453125;-0.09521484375;0.3212890625;1.13720703125;;;;;;;;;;;;;;;
75.57882690429688;-0.02587890625;-0.156982421875;1.038818359375;;;;;;;;;;;;;;;
75.58224487304688;-0.04150390625;0.3447265625;1.21630859375;;;;;;;;;;;;;;;
75.58572387695312;-0.118896484375;-0.089599609375;0.8525390625;;;;;;;;;;;;;;;
75.58905029296875;0.1142578125;0.29736328125;0.92529296875;;;;;;;;;;;;;;;
75.592529296875;-0.214599609375;0.07958984375;0.89013671875;;;;;;;;;;;;;;;
75.59591674804688;0.14892578125;-0.007080078125;1.033935546875;;;;;;;;;;;;;;;
75.59927368164062;0.067626953125;0.185791015625;1.264892578125;;;;;;;;;;;;;;;
75.60269165039062;-0.076416015625;-0.014892578125;0.9521484375;;;;;;;;;;;;;;;
75.6060791015625;-0.12451171875;0.341064453125;0.972412109375;;;;;;;;;;;;;;;
75.60940551757812;-0.246826171875;-0.156005859375;0.795166015625;;;;;;;;;;;;;;;
75.61282348632812;0.1640625;0.031494140625;1.146240234375;;;;;;;;;;;;;;;
75.6162109375;-0.05029296875;0.004638671875;1.155517578125;;;;;;;;;;;;;;;
75.61968994140625;0.076416015625;0.18017578125;0.984375;;;;;;;;;;;;;;;
75.62298583984375;-0.133056640625;0.206787109375;0.983642578125;;;;;;;;;;;;;;;
75.62640380859375;-0.15673828125;0.062744140625;0.868408203125;;;;;;;;;;;;;;;
75.62985229492188;-0.020751953125;0.0693359375;1.1943359375;;;;;;;;;;;;;;;
75.63323974609375;-0.024169921875;-0.04150390625;1.0126953125;;;;;;;;;;;;;;;
75.63668823242188;0.14013671875;0.2763671875;1.02197265625;;;;;;;;;;;;;;;
75.64004516601562;-0.1943359375;0.1435546875;0.820556640625;;;;;;;;;;;;;;;
75.6434326171875;0.24609375;0.115478515625;1.019287109375;;;;;;;;;;;;;;;
75.64682006835938;0.320556640625;0.085693359375;1.300048828125;;;;;;;;;;;;;;;
75.65023803710938;-0.14794921875;-0.0556640625;1.0703125;;;;;;;;;;;;;;;
75.65359497070312;-0.23095703125;0.181884765625;1.13623046875;;;;;;;;;;;;;;;
75.65701293945312;-0.389892578125;-0.12890625;0.723876953125;;;;;;;;;;;;;;;
75.66043090820312;0.178466796875;0.203125;0.972412109375;;;;;;;;;;;;;;;
75.66375732421875;-0.1494140625;0.09765625;0.954833984375;;;;;;;;;;;;;;;
75.66708374023438;0.017822265625;0.164306640625;1.10400390625;;;;;;;;;;;;;;;
75.67050170898438;0.06591796875;0.165771484375;1.13818359375;;;;;;;;;;;;;;;
75.67385864257812;-0.18359375;-0.098876953125;0.788330078125;;;;;;;;;;;;;;;
75.67727661132812;0.038330078125;0.16455078125;1.033935546875;;;;;;;;;;;;;;;
75.68072509765625;-0.095458984375;-0.12158203125;0.94970703125;;;;;;;;;;;;;;;
75.68405151367188;0.05322265625;0.30810546875;1.18603515625;;;;;;;;;;;;;;;
75.68743896484375;-0.32177734375;0.03076171875;0.92529296875;;;;;;;;;;;;;;;
75.69088745117188;0.265380859375;0.09814453125;0.953125;;;;;;;;;;;;;;;
75.69430541992188;-0.12109375;0.23876953125;1.138916015625;;;;;;;;;;;;;;;
75.69772338867188;-0.11669921875;-0.065185546875;0.993896484375;;;;;;;;;;;;;;;
75.70108032226562;-0.105712890625;0.18896484375;1.2333984375;;;;;;;;;;;;;;;
75.70443725585938;-0.045654296875;-0.2724609375;0.828857421875;;;;;;;;;;;;;;;
75.70785522460938;0.17529296875;0.37646484375;0.94775390625;;;;;;;;;;;;;;;
75.71124267578125;-0.257080078125;0.06494140625;0.78955078125;;;;;;;;;;;;;;;
75.714599609375;0.23828125;0.24951171875;1.04541015625;;;;;;;;;;;;;;;
75.718017578125;0.164306640625;0.1279296875;1.255615234375;;;;;;;;;;;;;;;
75.72137451171875;-0.116943359375;0.031982421875;0.99755859375;;;;;;;;;;;;;;;
75.72470092773438;-0.102294921875;0.074462890625;1.00830078125;;;;;;;;;;;;;;;
75.7281494140625;-0.231689453125;-0.170654296875;0.760986328125;;;;;;;;;;;;;;;
75.73153686523438;0.127197265625;0.14794921875;1.142578125;;;;;;;;;;;;;;;
75.73492431640625;-0.13232421875;-0.0048828125;1.074462890625;;;;;;;;;;;;;;;
75.73831176757812;0.049072265625;0.318359375;1.093505859375;;;;;;;;;;;;;;;
75.74166870117188;-0.235107421875;0.1748046875;0.892333984375;;;;;;;;;;;;;;;
75.74508666992188;0.01513671875;0.142822265625;0.864013671875;;;;;;;;;;;;;;;
75.74850463867188;-0.04443359375;-0.029296875;1.157470703125;;;;;;;;;;;;;;;
75.75186157226562;0.096923828125;-0.15283203125;1.04736328125;;;;;;;;;;;;;;;
75.75531005859375;0.07275390625;0.281982421875;1.091064453125;;;;;;;;;;;;;;;
75.75872802734375;-0.26123046875;-0.078125;0.758544921875;;;;;;;;;;;;;;;
75.7620849609375;0.154296875;0.154296875;1.037353515625;;;;;;;;;;;;;;;
75.76547241210938;0.00634765625;0.1240234375;1.1416015625;;;;;;;;;;;;;;;
75.76889038085938;-0.027587890625;-0.014892578125;1.107666015625;;;;;;;;;;;;;;;
75.77224731445312;-0.195068359375;0.12939453125;1.121826171875;;;;;;;;;;;;;;;
75.77560424804688;-0.290771484375;-0.208740234375;0.77294921875;;;;;;;;;;;;;;;
75.77899169921875;-0.025146484375;0.354248046875;0.955078125;;;;;;;;;;;;;;;
75.782470703125;-0.116943359375;0.041015625;0.88916015625;;;;;;;;;;;;;;;
75.78582763671875;0.113525390625;0.183349609375;1.209716796875;;;;;;;;;;;;;;;
75.78927612304688;-0.190185546875;0.118408203125;1.040283203125;;;;;;;;;;;;;;;
75.792724609375;-0.015380859375;-0.081298828125;0.91064453125;;;;;;;;;;;;;;;
75.79608154296875;-0.1650390625;0.15234375;1.012939453125;;;;;;;;;;;;;;;
75.79949951171875;-0.115966796875;-0.15771484375;0.959716796875;;;;;;;;;;;;;;;
75.8028564453125;0.0849609375;0.28173828125;1.1953125;;;;;;;;;;;;;;;
75.80624389648438;-0.19189453125;-0.0224609375;0.915771484375;;;;;;;;;;;;;;;
75.80960083007812;0.17138671875;0.136962890625;1.017333984375;;;;;;;;;;;;;;;
75.81292724609375;-0.26318359375;0.183349609375;1.017822265625;;;;;;;;;;;;;;;
75.81625366210938;0.00244140625;-0.026123046875;1.0439453125;;;;;;;;;;;;;;;
75.8197021484375;-0.116455078125;0.14501953125;1.16650390625;;;;;;;;;;;;;;;
75.82308959960938;0.068603515625;-0.28076171875;0.903076171875;;;;;;;;;;;;;;;
75.82644653320312;-0.05810546875;0.308837890625;0.995361328125;;;;;;;;;;;;;;;
75.82980346679688;-0.2802734375;0.134033203125;0.75537109375;;;;;;;;;;;;;;;
75.83316040039062;0.118408203125;0.253662109375;1.11376953125;;;;;;;;;;;;;;;
75.83657836914062;0.013916015625;0.001220703125;1.193603515625;;;;;;;;;;;;;;;
75.83990478515625;-0.046875;-0.146240234375;1.056884765625;;;;;;;;;;;;;;;
75.84320068359375;-0.228759765625;0.088134765625;1.001220703125;;;;;;;;;;;;;;;
75.84658813476562;-0.1259765625;-0.073486328125;0.8076171875;;;;;;;;;;;;;;;
75.8499755859375;-0.01318359375;0.334716796875;1.13818359375;;;;;;;;;;;;;;;
75.85333251953125;-0.0849609375;-0.125;1.064453125;;;;;;;;;;;;;;;
75.85671997070312;0.00830078125;0.291015625;1.173828125;;;;;;;;;;;;;;;
75.86001586914062;-0.26123046875;0.049560546875;0.89306640625;;;;;;;;;;;;;;;
75.86337280273438;0.035400390625;0.146240234375;0.848876953125;;;;;;;;;;;;;;;
75.8668212890625;0.0322265625;0.10986328125;1.111572265625;;;;;;;;;;;;;;;
75.8702392578125;0.15625;-0.209228515625;1.09130859375;;;;;;;;;;;;;;;
75.87356567382812;-0.192138671875;0.275390625;1.130126953125;;;;;;;;;;;;;;;
75.876953125;-0.22509765625;-0.318603515625;0.7734375;;;;;;;;;;;;;;;
75.88034057617188;0.037353515625;0.275390625;1.090576171875;;;;;;;;;;;;;;;
75.88369750976562;-0.387451171875;0.0302734375;1.1591796875;;;;;;;;;;;;;;;
75.88711547851562;-0.176025390625;0.16259765625;1.10986328125;;;;;;;;;;;;;;;
75.8905029296875;-0.197998046875;0.022705078125;1.087890625;;;;;;;;;;;;;;;
75.89389038085938;0.105224609375;-0.11767578125;0.78173828125;;;;;;;;;;;;;;;
75.89727783203125;0.02197265625;0.2099609375;0.999755859375;;;;;;;;;;;;;;;
75.90066528320312;-0.123779296875;-0.116943359375;0.913330078125;;;;;;;;;;;;;;;
75.904052734375;0.152587890625;0.2568359375;1.249267578125;;;;;;;;;;;;;;;
75.907470703125;-0.065185546875;-0.091552734375;1.092041015625;;;;;;;;;;;;;;;
75.91091918945312;-0.0390625;0.073486328125;0.990234375;;;;;;;;;;;;;;;
75.914306640625;-0.0595703125;0.04833984375;1.0009765625;;;;;;;;;;;;;;;
75.917724609375;-0.042724609375;0.072265625;0.95751953125;;;;;;;;;;;;;;;
75.92108154296875;-0.06005859375;0.204345703125;1.171875;;;;;;;;;;;;;;;
75.92449951171875;-0.2109375;-0.213623046875;0.9033203125;;;;;;;;;;;;;;;
75.927978515625;0.19189453125;0.29052734375;1.111328125;;;;;;;;;;;;;;;
75.93145751953125;-0.520751953125;0.1142578125;0.8134765625;;;;;;;;;;;;;;;
75.93487548828125;-0.184326171875;0.129150390625;1.00927734375;;;;;;;;;;;;;;;
75.9383544921875;-0.066650390625;-0.08740234375;1.167236328125;;;;;;;;;;;;;;;
75.94171142578125;0.099365234375;-0.23095703125;1.058837890625;;;;;;;;;;;;;;;
75.94503784179688;0.011474609375;0.16748046875;1.002197265625;;;;;;;;;;;;;;;
75.94842529296875;-0.158203125;-0.007080078125;0.769287109375;;;;;;;;;;;;;;;
75.95175170898438;0.05419921875;0.405517578125;1.192626953125;;;;;;;;;;;;;;;
75.955078125;-0.035888671875;-0.063232421875;1.174560546875;;;;;;;;;;;;;;;
75.9583740234375;-0.18115234375;0.01171875;1.13037109375;;;;;;;;;;;;;;;
75.96173095703125;-0.2412109375;-0.1171875;1.001220703125;;;;;;;;;;;;;;;
75.96511840820312;-0.091552734375;0.135986328125;0.808349609375;;;;;;;;;;;;;;;
75.96844482421875;-0.015869140625;0.276123046875;1.06640625;;;;;;;;;;;;;;;
75.97183227539062;0.09033203125;-0.22509765625;1.005859375;;;;;;;;;;;;;;;
75.97528076171875;0.134521484375;0.346923828125;1.216064453125;;;;;;;;;;;;;;;
75.97857666015625;-0.16650390625;0.092041015625;0.893798828125;;;;;;;;;;;;;;;
75.98199462890625;0.03173828125;0.201904296875;0.901611328125;;;;;;;;;;;;;;;
75.9853515625;-0.032958984375;0.026611328125;1.0380859375;;;;;;;;;;;;;;;
75.98867797851562;0.083740234375;-0.2509765625;1.10009765625;;;;;;;;;;;;;;;
75.99212646484375;-0.137451171875;0.248046875;1.118896484375;;;;;;;;;;;;;;;
75.99542236328125;-0.099609375;-0.210205078125;0.832275390625;;;;;;;;;;;;;;;
75.998779296875;-0.0986328125;0.39794921875;1.027587890625;;;;;;;;;;;;;;;
76.002197265625;-0.147216796875;-0.00634765625;1.02880859375;;;;;;;;;;;;;;;
76.00558471679688;0.09326171875;0.12939453125;1.192138671875;;;;;;;;;;;;;;;
76.00894165039062;-0.146728515625;-0.019287109375;1.03857421875;;;;;;;;;;;;;;;
76.01229858398438;0.10693359375;0.0380859375;0.826904296875;;;;;;;;;;;;;;;
76.01571655273438;-0.043212890625;0.23876953125;0.931884765625;;;;;;;;;;;;;;;
76.01919555664062;-0.03955078125;-0.102783203125;0.93017578125;;;;;;;;;;;;;;;
76.02255249023438;-0.042724609375;0.224365234375;1.28515625;;;;;;;;;;;;;;;
76.02593994140625;-0.15283203125;-0.18701171875;1.067138671875;;;;;;;;;;;;;;;
76.02932739257812;0.0947265625;0.087890625;1.047607421875;;;;;;;;;;;;;;;
76.03268432617188;-0.207763671875;0.147705078125;0.93408203125;;;;;;;;;;;;;;;
76.03610229492188;0.047119140625;0.287109375;0.952880859375;;;;;;;;;;;;;;;
76.03961181640625;-0.010986328125;0.236572265625;1.1123046875;;;;;;;;;;;;;;;
76.04299926757812;-0.08447265625;-0.24267578125;0.95458984375;;;;;;;;;;;;;;;
76.04638671875;-0.02880859375;0.15869140625;1.0830078125;;;;;;;;;;;;;;;
76.04974365234375;-0.331787109375;0.00830078125;0.804931640625;;;;;;;;;;;;;;;
76.05319213867188;0.05029296875;0.215576171875;1.082275390625;;;;;;;;;;;;;;;
76.05654907226562;-0.119873046875;0.049560546875;1.066650390625;;;;;;;;;;;;;;;
76.0599365234375;0.137939453125;-0.0859375;1.11328125;;;;;;;;;;;;;;;
76.06332397460938;-0.201904296875;0.186279296875;0.973388671875;;;;;;;;;;;;;;;
76.0667724609375;-0.0830078125;-0.054931640625;0.753662109375;;;;;;;;;;;;;;;
76.07012939453125;-0.048095703125;0.321533203125;1.125244140625;;;;;;;;;;;;;;;
76.073486328125;-0.359619140625;-0.1455078125;1.044677734375;;;;;;;;;;;;;;;
76.076904296875;0.208740234375;0.066162109375;1.220947265625;;;;;;;;;;;;;;;
76.08029174804688;-0.259033203125;0.11767578125;0.845703125;;;;;;;;;;;;;;;
76.08370971679688;0.017822265625;0.194580078125;0.8251953125;;;;;;;;;;;;;;;
76.0870361328125;-0.089599609375;0.245849609375;1.001220703125;;;;;;;;;;;;;;;
76.09039306640625;0.107177734375;-0.29443359375;1.05908203125;;;;;;;;;;;;;;;
76.09375;-0.015869140625;0.24267578125;1.225830078125;;;;;;;;;;;;;;;
76.09710693359375;-0.263427734375;-0.0810546875;0.7978515625;;;;;;;;;;;;;;;
76.10049438476562;0.374755859375;0.2978515625;1.09521484375;;;;;;;;;;;;;;;
76.10394287109375;-0.23583984375;0.182861328125;0.939208984375;;;;;;;;;;;;;;;
76.10733032226562;0.120849609375;-0.11376953125;1.12548828125;;;;;;;;;;;;;;;
76.11087036132812;-0.141357421875;0.06201171875;1.14208984375;;;;;;;;;;;;;;;
76.11422729492188;-0.058349609375;-0.123046875;0.785400390625;;;;;;;;;;;;;;;
76.11767578125;0.048828125;0.32861328125;1.021728515625;;;;;;;;;;;;;;;
76.12106323242188;-0.191162109375;0.003662109375;0.862060546875;;;;;;;;;;;;;;;
76.12445068359375;0.568603515625;0.192138671875;1.3125;;;;;;;;;;;;;;;
76.1278076171875;-0.32666015625;0.148193359375;0.957275390625;;;;;;;;;;;;;;;
76.13125610351562;0.292236328125;0.168212890625;0.851806640625;;;;;;;;;;;;;;;
76.13461303710938;-0.130126953125;0.08837890625;0.886474609375;;;;;;;;;;;;;;;
76.13809204101562;0.106689453125;-0.12353515625;0.88427734375;;;;;;;;;;;;;;;
76.14151000976562;0.1669921875;0.10986328125;1.313232421875;;;;;;;;;;;;;;;
76.14486694335938;-0.46923828125;-0.1650390625;0.988525390625;;;;;;;;;;;;;;;
76.14828491210938;0.30224609375;0.127197265625;1.11181640625;;;;;;;;;;;;;;;
76.15164184570312;-0.232666015625;0.264404296875;0.830810546875;;;;;;;;;;;;;;;
76.155029296875;0.163818359375;0.426513671875;0.9873046875;;;;;;;;;;;;;;;
76.158447265625;-0.197998046875;0.13427734375;1.006103515625;;;;;;;;;;;;;;;
76.16183471679688;0.181884765625;-0.14453125;1.043212890625;;;;;;;;;;;;;;;
76.16522216796875;-0.20849609375;0.0068359375;1.055908203125;;;;;;;;;;;;;;;
76.16851806640625;-0.198974609375;-0.119873046875;0.748779296875;;;;;;;;;;;;;;;
76.171875;0.283447265625;0.192626953125;1.123291015625;;;;;;;;;;;;;;;
76.17523193359375;-0.01123046875;0.13037109375;1.0146484375;;;;;;;;;;;;;;;
76.17864990234375;0.194091796875;0.241943359375;1.21630859375;;;;;;;;;;;;;;;
76.1820068359375;-0.427978515625;0.143310546875;0.943603515625;;;;;;;;;;;;;;;
76.18539428710938;-0.0009765625;0.148193359375;0.830810546875;;;;;;;;;;;;;;;
76.18881225585938;-0.2109375;0.232421875;1.0166015625;;;;;;;;;;;;;;;
76.19223022460938;-0.30322265625;-0.271728515625;1.05908203125;;;;;;;;;;;;;;;
76.19570922851562;-0.000244140625;0.080322265625;1.244384765625;;;;;;;;;;;;;;;
76.1990966796875;-0.051025390625;0.001708984375;0.875;;;;;;;;;;;;;;;
76.20248413085938;0.146484375;0.418212890625;0.87744140625;;;;;;;;;;;;;;;
76.20587158203125;-0.12939453125;0.190185546875;0.914306640625;;;;;;;;;;;;;;;
76.20925903320312;0.144775390625;-0.11181640625;1.1123046875;;;;;;;;;;;;;;;
76.212646484375;-0.12353515625;0.162109375;1.216064453125;;;;;;;;;;;;;;;
76.21603393554688;-0.178955078125;-0.234130859375;0.921875;;;;;;;;;;;;;;;
76.21939086914062;-0.103271484375;0.150390625;1.02880859375;;;;;;;;;;;;;;;
76.22274780273438;-0.0869140625;0.096923828125;0.931884765625;;;;;;;;;;;;;;;
76.22604370117188;0.017822265625;0.136474609375;1.146484375;;;;;;;;;;;;;;;
76.22940063476562;-0.171875;0.120849609375;1.046630859375;;;;;;;;;;;;;;;
76.2327880859375;-0.0244140625;0.034423828125;0.929931640625;;;;;;;;;;;;;;;
76.23614501953125;-0.201416015625;0.275634765625;0.924560546875;;;;;;;;;;;;;;;
76.239501953125;-0.121826171875;-0.08251953125;0.920166015625;;;;;;;;;;;;;;;
76.24288940429688;0.06201171875;0.12548828125;1.2421875;;;;;;;;;;;;;;;
76.24630737304688;0.070556640625;0.028076171875;1.076904296875;;;;;;;;;;;;;;;
76.249755859375;-0.0810546875;0.313232421875;0.954345703125;;;;;;;;;;;;;;;
76.25311279296875;-0.127197265625;0.092041015625;0.841796875;;;;;;;;;;;;;;;
76.25653076171875;-0.062744140625;-0.11181640625;0.939697265625;;;;;;;;;;;;;;;
76.25991821289062;-0.089599609375;0.083740234375;1.24951171875;;;;;;;;;;;;;;;
76.26327514648438;-0.107666015625;-0.11669921875;1.083740234375;;;;;;;;;;;;;;;
76.26666259765625;-0.10400390625;0.190185546875;1.10693359375;;;;;;;;;;;;;;;
76.27008056640625;-0.13720703125;0.05126953125;0.83447265625;;;;;;;;;;;;;;;
76.2734375;0.009765625;0.438720703125;1.01025390625;;;;;;;;;;;;;;;
76.27682495117188;-0.09521484375;0.086181640625;0.989013671875;;;;;;;;;;;;;;;
76.2802734375;0.010986328125;-0.075439453125;1.100341796875;;;;;;;;;;;;;;;
76.28363037109375;-0.168701171875;0.0556640625;1.01953125;;;;;;;;;;;;;;;
76.28695678710938;-0.06396484375;-0.166748046875;0.82275390625;;;;;;;;;;;;;;;
76.29031372070312;0.019775390625;0.28662109375;1.117919921875;;;;;;;;;;;;;;;
76.293701171875;0.006103515625;-0.07373046875;1.0361328125;;;;;;;;;;;;;;;
76.29714965820312;-0.01904296875;0.3974609375;1.2294921875;;;;;;;;;;;;;;;
76.3006591796875;-0.212646484375;-0.014892578125;0.872802734375;;;;;;;;;;;;;;;
76.3040771484375;0.08740234375;0.201416015625;0.884033203125;;;;;;;;;;;;;;;
76.30743408203125;-0.13134765625;0.086181640625;0.9521484375;;;;;;;;;;;;;;;
76.31085205078125;0.09619140625;-0.145263671875;1.023681640625;;;;;;;;;;;;;;;
76.31427001953125;0.164306640625;0.18017578125;1.3037109375;;;;;;;;;;;;;;;
76.31756591796875;-0.130615234375;0.03125;0.89697265625;;;;;;;;;;;;;;;
76.32101440429688;-0.0654296875;0.41796875;0.936279296875;;;;;;;;;;;;;;;
76.32437133789062;-0.23779296875;-0.00439453125;0.843505859375;;;;;;;;;;;;;;;
76.32769775390625;0.092529296875;-0.015625;1.1123046875;;;;;;;;;;;;;;;
76.33111572265625;-0.05029296875;0.0048828125;1.19189453125;;;;;;;;;;;;;;;
76.3345947265625;-0.0361328125;-0.00634765625;0.971435546875;;;;;;;;;;;;;;;
76.33804321289062;-0.07275390625;0.125732421875;1.035888671875;;;;;;;;;;;;;;;
76.34140014648438;-0.205078125;0.04736328125;0.8662109375;;;;;;;;;;;;;;;
76.34475708007812;0.048583984375;0.21826171875;1.18896484375;;;;;;;;;;;;;;;
76.34808349609375;-0.1171875;0.079345703125;0.993408203125;;;;;;;;;;;;;;;
76.35140991210938;0.142822265625;0.22900390625;0.98388671875;;;;;;;;;;;;;;;
76.35476684570312;-0.13427734375;0.216552734375;0.88427734375;;;;;;;;;;;;;;;
76.358154296875;0.08544921875;-0.010498046875;0.945068359375;;;;;;;;;;;;;;;
76.36148071289062;0.31591796875;0.09375;1.302001953125;;;;;;;;;;;;;;;
76.3648681640625;-0.1533203125;0.035888671875;1.044189453125;;;;;;;;;;;;;;;
76.36825561523438;-0.084716796875;0.22265625;1.142333984375;;;;;;;;;;;;;;;
76.37161254882812;-0.336181640625;-0.085205078125;0.7392578125;;;;;;;;;;;;;;;
76.375;0.215576171875;0.023681640625;0.970458984375;;;;;;;;;;;;;;;
76.37838745117188;-0.06884765625;0.03466796875;1.039794921875;;;;;;;;;;;;;;;
76.38180541992188;-0.082763671875;0.092529296875;1.082763671875;;;;;;;;;;;;;;;
76.38522338867188;0.013916015625;0.210693359375;1.158203125;;;;;;;;;;;;;;;
76.38864135742188;-0.2734375;0.01708984375;0.80029296875;;;;;;;;;;;;;;;
76.39202880859375;0.0576171875;0.193603515625;1.031494140625;;;;;;;;;;;;;;;
76.39544677734375;-0.10205078125;-0.024658203125;0.942626953125;;;;;;;;;;;;;;;
76.39883422851562;0.09912109375;0.145263671875;1.168701171875;;;;;;;;;;;;;;;
76.40213012695312;-0.26318359375;-0.01220703125;0.944580078125;;;;;;;;;;;;;;;
76.405517578125;0.236328125;-0.05615234375;0.94091796875;;;;;;;;;;;;;;;
76.40884399414062;-0.16357421875;0.27880859375;1.171630859375;;;;;;;;;;;;;;;
76.41226196289062;-0.140380859375;-0.07177734375;0.98828125;;;;;;;;;;;;;;;
76.41571044921875;-0.119140625;0.265380859375;1.273681640625;;;;;;;;;;;;;;;
76.4190673828125;-0.1376953125;-0.11669921875;0.837646484375;;;;;;;;;;;;;;;
76.42242431640625;0.1953125;0.345947265625;0.928955078125;;;;;;;;;;;;;;;
76.42581176757812;-0.177001953125;0.029052734375;0.867431640625;;;;;;;;;;;;;;;
76.42922973632812;0.202392578125;0.057373046875;1.002197265625;;;;;;;;;;;;;;;
76.4327392578125;0.294677734375;0.1728515625;1.2861328125;;;;;;;;;;;;;;;
76.43609619140625;-0.16552734375;-0.004150390625;0.962646484375;;;;;;;;;;;;;;;
76.43942260742188;-0.205322265625;0.237548828125;1.017578125;;;;;;;;;;;;;;;
76.44281005859375;-0.331787109375;-0.12109375;0.7646484375;;;;;;;;;;;;;;;
76.4461669921875;0.12451171875;0.1689453125;1.136474609375;;;;;;;;;;;;;;;
76.44964599609375;-0.093017578125;-0.033447265625;1.124755859375;;;;;;;;;;;;;;;
76.45297241210938;0.033447265625;0.14501953125;1.039306640625;;;;;;;;;;;;;;;
76.4564208984375;-0.079833984375;0.070556640625;0.956298828125;;;;;;;;;;;;;;;
76.45989990234375;-0.071533203125;0.1455078125;0.84765625;;;;;;;;;;;;;;;
76.46337890625;0.045166015625;0.131103515625;1.182373046875;;;;;;;;;;;;;;;
76.46676635742188;-0.039306640625;0.031982421875;1.020751953125;;;;;;;;;;;;;;;
76.47012329101562;0.1220703125;0.2802734375;1.0810546875;;;;;;;;;;;;;;;
76.47357177734375;-0.302001953125;-0.077392578125;0.76806640625;;;;;;;;;;;;;;;
76.47689819335938;0.17578125;0.030029296875;1.004150390625;;;;;;;;;;;;;;;
76.48031616210938;0.03662109375;0.0546875;1.1904296875;;;;;;;;;;;;;;;
76.48367309570312;0.0595703125;0.053466796875;1.069580078125;;;;;;;;;;;;;;;
76.48703002929688;-0.13330078125;0.294677734375;1.153564453125;;;;;;;;;;;;;;;
76.49038696289062;-0.2568359375;-0.15771484375;0.758544921875;;;;;;;;;;;;;;;
76.49380493164062;0.017578125;0.323486328125;0.994140625;;;;;;;;;;;;;;;
76.49716186523438;-0.12646484375;-0.009765625;0.902099609375;;;;;;;;;;;;;;;
76.50054931640625;0.11279296875;0.111328125;1.15869140625;;;;;;;;;;;;;;;
76.5040283203125;-0.088134765625;0.0810546875;1.078369140625;;;;;;;;;;;;;;;
76.50741577148438;-0.06005859375;-0.0478515625;0.85498046875;;;;;;;;;;;;;;;
76.51083374023438;-0.028564453125;0.257080078125;1.044921875;;;;;;;;;;;;;;;
76.51425170898438;-0.08935546875;-0.062744140625;0.946533203125;;;;;;;;;;;;;;;
76.51763916015625;0.027587890625;0.2763671875;1.203125;;;;;;;;;;;;;;;
76.52102661132812;-0.214599609375;-0.06494140625;0.945068359375;;;;;;;;;;;;;;;
76.52438354492188;0.15673828125;0.056884765625;0.96923828125;;;;;;;;;;;;;;;
76.5277099609375;-0.216552734375;0.22509765625;1.07275390625;;;;;;;;;;;;;;;
76.53109741210938;-0.05078125;0.016357421875;1.014404296875;;;;;;;;;;;;;;;
76.53445434570312;-0.10595703125;0.27783203125;1.217529296875;;;;;;;;;;;;;;;
76.53778076171875;0.02783203125;-0.2646484375;0.8564453125;;;;;;;;;;;;;;;
76.54119873046875;0.02880859375;0.33056640625;0.971435546875;;;;;;;;;;;;;;;
76.5445556640625;-0.23583984375;0.028564453125;0.7734375;;;;;;;;;;;;;;;
76.5478515625;0.175048828125;0.2265625;1.069091796875;;;;;;;;;;;;;;;
76.55126953125;0.0283203125;0.1171875;1.263671875;;;;;;;;;;;;;;;
76.55465698242188;-0.191650390625;-0.091552734375;0.991455078125;;;;;;;;;;;;;;;
76.55801391601562;-0.20947265625;0.16552734375;1.0263671875;;;;;;;;;;;;;;;
76.56134033203125;-0.230712890625;-0.18115234375;0.7626953125;;;;;;;;;;;;;;;
76.5648193359375;0.0390625;0.349853515625;1.117919921875;;;;;;;;;;;;;;;
76.5682373046875;-0.06689453125;-0.111083984375;1.078369140625;;;;;;;;;;;;;;;
76.5716552734375;0.1005859375;0.312255859375;1.130859375;;;;;;;;;;;;;;;
76.57498168945312;-0.271240234375;0.077880859375;0.934814453125;;;;;;;;;;;;;;;
76.57839965820312;-0.07373046875;0.09375;0.85546875;;;;;;;;;;;;;;;
76.58181762695312;-0.06396484375;0.135498046875;1.133544921875;;;;;;;;;;;;;;;
76.585205078125;0.114990234375;-0.201904296875;1.058837890625;;;;;;;;;;;;;;;
76.58865356445312;-0.15380859375;0.392822265625;1.123779296875;;;;;;;;;;;;;;;
76.59207153320312;-0.21337890625;-0.211669921875;0.763916015625;;;;;;;;;;;;;;;
76.59548950195312;0.113525390625;0.29833984375;1.075439453125;;;;;;;;;;;;;;;
76.59890747070312;-0.515869140625;0.052490234375;1.21630859375;;;;;;;;;;;;;;;
76.60235595703125;-0.226318359375;0.0;1.0791015625;;;;;;;;;;;;;;;
76.60577392578125;-0.214111328125;-0.009033203125;1.130126953125;;;;;;;;;;;;;;;
76.609130859375;-0.253173828125;-0.20166015625;0.756103515625;;;;;;;;;;;;;;;
76.6124267578125;-0.0029296875;0.390625;1.013671875;;;;;;;;;;;;;;;
76.61581420898438;-0.3095703125;-0.0224609375;0.8740234375;;;;;;;;;;;;;;;
76.6192626953125;0.001708984375;0.312744140625;1.18017578125;;;;;;;;;;;;;;;
76.6226806640625;-0.073486328125;-0.048583984375;1.10791015625;;;;;;;;;;;;;;;
76.62603759765625;0.01025390625;-0.01318359375;0.935302734375;;;;;;;;;;;;;;;
76.62939453125;-0.048095703125;0.05224609375;1.0283203125;;;;;;;;;;;;;;;
76.63284301757812;-0.07763671875;-0.20166015625;0.97412109375;;;;;;;;;;;;;;;
76.63619995117188;-0.1015625;0.27978515625;1.16162109375;;;;;;;;;;;;;;;
76.63961791992188;-0.2392578125;-0.15234375;0.932373046875;;;;;;;;;;;;;;;
76.64300537109375;0.134033203125;0.20166015625;1.037841796875;;;;;;;;;;;;;;;
76.64642333984375;-0.33837890625;0.18603515625;0.851318359375;;;;;;;;;;;;;;;
76.6497802734375;-0.070556640625;0.109375;1.02197265625;;;;;;;;;;;;;;;
76.65313720703125;-0.101318359375;0.063232421875;1.179443359375;;;;;;;;;;;;;;;
76.65652465820312;0.110595703125;-0.2626953125;1.03466796875;;;;;;;;;;;;;;;
76.65994262695312;-0.01611328125;0.232421875;0.98681640625;;;;;;;;;;;;;;;
76.66329956054688;-0.30322265625;0.01171875;0.762939453125;;;;;;;;;;;;;;;
76.6666259765625;0.050537109375;0.3193359375;1.128662109375;;;;;;;;;;;;;;;
76.67007446289062;-0.064697265625;0.045654296875;1.156005859375;;;;;;;;;;;;;;;
76.67340087890625;0.050048828125;-0.033935546875;1.111083984375;;;;;;;;;;;;;;;
76.67681884765625;-0.23876953125;0.010009765625;1.010498046875;;;;;;;;;;;;;;;
76.68017578125;-0.10595703125;0.02099609375;0.809814453125;;;;;;;;;;;;;;;
76.6834716796875;-0.03271484375;0.287353515625;1.07470703125;;;;;;;;;;;;;;;
76.68695068359375;0.04638671875;-0.167724609375;1.02734375;;;;;;;;;;;;;;;
76.69033813476562;0.111328125;0.32275390625;1.206787109375;;;;;;;;;;;;;;;
76.69369506835938;-0.279541015625;0.1123046875;0.888427734375;;;;;;;;;;;;;;;
76.69711303710938;0.032470703125;0.169189453125;0.887939453125;;;;;;;;;;;;;;;
76.70046997070312;-0.085693359375;0.03955078125;1.07275390625;;;;;;;;;;;;;;;
76.70379638671875;0.132080078125;-0.346923828125;1.088623046875;;;;;;;;;;;;;;;
76.70718383789062;-0.10400390625;0.23193359375;1.100830078125;;;;;;;;;;;;;;;
76.71051025390625;-0.115478515625;-0.199462890625;0.77978515625;;;;;;;;;;;;;;;
76.71389770507812;0.001953125;0.3720703125;1.090087890625;;;;;;;;;;;;;;;
76.71731567382812;-0.36865234375;0.08056640625;1.086181640625;;;;;;;;;;;;;;;
76.72064208984375;-0.053466796875;0.071044921875;1.153564453125;;;;;;;;;;;;;;;
76.72412109375;-0.22900390625;-0.0078125;1.04296875;;;;;;;;;;;;;;;
76.72747802734375;0.156982421875;-0.193359375;0.822021484375;;;;;;;;;;;;;;;
76.73086547851562;-0.057373046875;0.270263671875;0.942138671875;;;;;;;;;;;;;;;
76.73434448242188;-0.0458984375;-0.05517578125;0.8896484375;;;;;;;;;;;;;;;
76.73776245117188;-0.001953125;0.352294921875;1.268310546875;;;;;;;;;;;;;;;
76.7410888671875;-0.171630859375;-0.139892578125;1.072998046875;;;;;;;;;;;;;;;
76.74441528320312;0.0458984375;0.011962890625;1.016357421875;;;;;;;;;;;;;;;
76.747802734375;-0.185791015625;0.036865234375;0.9609375;;;;;;;;;;;;;;;
76.751220703125;0.04296875;0.195556640625;0.96142578125;;;;;;;;;;;;;;;
76.75454711914062;-0.01318359375;0.283935546875;1.138916015625;;;;;;;;;;;;;;;
76.7579345703125;-0.128662109375;-0.156982421875;0.938720703125;;;;;;;;;;;;;;;
76.76138305664062;0.049560546875;0.225341796875;1.070068359375;;;;;;;;;;;;;;;
76.7647705078125;-0.27783203125;0.10986328125;0.83740234375;;;;;;;;;;;;;;;
76.76815795898438;0.02490234375;0.091796875;1.037109375;;;;;;;;;;;;;;;
76.77151489257812;-0.044189453125;0.025146484375;1.114990234375;;;;;;;;;;;;;;;
76.77490234375;0.071044921875;-0.202392578125;1.112060546875;;;;;;;;;;;;;;;
76.7783203125;-0.119873046875;0.24462890625;0.979736328125;;;;;;;;;;;;;;;
76.78173828125;-0.173095703125;0.01953125;0.7724609375;;;;;;;;;;;;;;;
76.78515625;-0.014892578125;0.330322265625;1.130859375;;;;;;;;;;;;;;;
76.78857421875;-0.076171875;-0.07275390625;1.098388671875;;;;;;;;;;;;;;;
76.79193115234375;0.096435546875;-0.0166015625;1.19775390625;;;;;;;;;;;;;;;
76.79525756835938;-0.259521484375;0.07470703125;0.867919921875;;;;;;;;;;;;;;;
76.79861450195312;-0.01953125;0.13818359375;0.83544921875;;;;;;;;;;;;;;;
76.80197143554688;-0.066650390625;0.337890625;1.041015625;;;;;;;;;;;;;;;
76.805419921875;0.00244140625;-0.2900390625;1.07470703125;;;;;;;;;;;;;;;
76.808837890625;-0.02490234375;0.2548828125;1.248779296875;;;;;;;;;;;;;;;
76.81228637695312;-0.353271484375;0.0390625;0.840087890625;;;;;;;;;;;;;;;
76.81573486328125;0.249755859375;0.219482421875;0.891845703125;;;;;;;;;;;;;;;
76.819091796875;-0.0751953125;0.199462890625;0.995849609375;;;;;;;;;;;;;;;
76.82254028320312;0.188232421875;-0.201171875;1.117919921875;;;;;;;;;;;;;;;
76.825927734375;-0.189697265625;0.230712890625;1.137451171875;;;;;;;;;;;;;;;
76.82928466796875;-0.208251953125;-0.249755859375;0.809814453125;;;;;;;;;;;;;;;
76.83273315429688;-0.113037109375;0.3828125;1.02294921875;;;;;;;;;;;;;;;
76.8360595703125;-0.176513671875;-0.000244140625;0.93212890625;;;;;;;;;;;;;;;
76.83938598632812;0.458251953125;0.1201171875;1.2392578125;;;;;;;;;;;;;;;
76.84280395507812;-0.307861328125;0.06201171875;0.987548828125;;;;;;;;;;;;;;;
76.84622192382812;0.418212890625;0.048828125;0.767822265625;;;;;;;;;;;;;;;
76.84957885742188;0.22802734375;0.22900390625;0.986083984375;;;;;;;;;;;;;;;
76.85305786132812;-0.1875;-0.075439453125;0.855224609375;;;;;;;;;;;;;;;
76.85635375976562;0.026123046875;0.20263671875;1.287841796875;;;;;;;;;;;;;;;
76.85971069335938;-0.352294921875;-0.234130859375;1.07861328125;;;;;;;;;;;;;;;
76.86306762695312;0.1103515625;0.05029296875;1.05224609375;;;;;;;;;;;;;;;
76.86639404296875;-0.1884765625;0.125;0.891357421875;;;;;;;;;;;;;;;
76.8697509765625;0.05419921875;0.39990234375;0.94140625;;;;;;;;;;;;;;;
76.87313842773438;0.052001953125;0.27197265625;1.0888671875;;;;;;;;;;;;;;;
76.87655639648438;0.089111328125;-0.1279296875;1.0068359375;;;;;;;;;;;;;;;
76.88003540039062;-0.114013671875;0.081787109375;1.056884765625;;;;;;;;;;;;;;;
76.88339233398438;-0.28564453125;-0.045654296875;0.78662109375;;;;;;;;;;;;;;;
76.88677978515625;0.279052734375;0.147705078125;1.070556640625;;;;;;;;;;;;;;;
76.89013671875;-0.07861328125;0.047119140625;1.0400390625;;;;;;;;;;;;;;;
76.8935546875;0.17138671875;0.05322265625;1.149658203125;;;;;;;;;;;;;;;
76.89697265625;-0.31884765625;0.18896484375;0.978759765625;;;;;;;;;;;;;;;
76.90029907226562;-0.1474609375;0.02294921875;0.76171875;;;;;;;;;;;;;;;
76.90362548828125;-0.00439453125;0.309326171875;1.080078125;;;;;;;;;;;;;;;
76.90695190429688;-0.063232421875;-0.165771484375;1.10595703125;;;;;;;;;;;;;;;
76.91036987304688;0.08935546875;0.03564453125;1.223388671875;;;;;;;;;;;;;;;
76.91378784179688;-0.21484375;-0.005615234375;0.87255859375;;;;;;;;;;;;;;;
76.91714477539062;0.011474609375;0.32958984375;0.85205078125;;;;;;;;;;;;;;;
76.92050170898438;-0.12744140625;0.22705078125;0.966552734375;;;;;;;;;;;;;;;
76.923828125;0.075927734375;-0.163330078125;1.063720703125;;;;;;;;;;;;;;;
76.92730712890625;-0.1044921875;0.161865234375;1.220947265625;;;;;;;;;;;;;;;
76.9306640625;-0.169677734375;-0.231689453125;0.906982421875;;;;;;;;;;;;;;;
76.93405151367188;0.0830078125;0.1591796875;1.025146484375;;;;;;;;;;;;;;;
76.93740844726562;-0.06689453125;0.181640625;0.928955078125;;;;;;;;;;;;;;;
76.94076538085938;0.152099609375;-0.044921875;1.126220703125;;;;;;;;;;;;;;;
76.94412231445312;-0.17724609375;0.257568359375;1.046142578125;;;;;;;;;;;;;;;
76.947509765625;-0.078125;-0.136962890625;0.8798828125;;;;;;;;;;;;;;;
76.95095825195312;-0.20458984375;0.304931640625;0.98193359375;;;;;;;;;;;;;;;
76.95431518554688;-0.10205078125;-0.1025390625;0.902587890625;;;;;;;;;;;;;;;
76.95770263671875;0.131103515625;0.10986328125;1.228515625;;;;;;;;;;;;;;;
76.96115112304688;0.00146484375;0.025146484375;1.033203125;;;;;;;;;;;;;;;
76.96456909179688;0.077392578125;0.2421875;0.913330078125;;;;;;;;;;;;;;;
76.96792602539062;-0.10986328125;0.217529296875;0.87744140625;;;;;;;;;;;;;;;
76.9713134765625;-0.04931640625;-0.110107421875;0.893310546875;;;;;;;;;;;;;;;
76.97476196289062;0.036865234375;0.08203125;1.271240234375;;;;;;;;;;;;;;;
76.9781494140625;-0.142578125;-0.217529296875;1.078369140625;;;;;;;;;;;;;;;
76.98150634765625;0.01171875;0.081298828125;1.12548828125;;;;;;;;;;;;;;;
76.98489379882812;-0.1669921875;0.1025390625;0.84033203125;;;;;;;;;;;;;;;
76.98831176757812;0.120849609375;0.463134765625;0.9755859375;;;;;;;;;;;;;;;
76.99169921875;-0.048583984375;0.164306640625;1.022705078125;;;;;;;;;;;;;;;
76.99505615234375;0.04345703125;-0.123291015625;1.0517578125;;;;;;;;;;;;;;;
76.99850463867188;-0.182861328125;0.074462890625;1.06689453125;;;;;;;;;;;;;;;
77.00186157226562;-0.228515625;-0.093994140625;0.766357421875;;;;;;;;;;;;;;;
77.00527954101562;0.27197265625;0.19384765625;1.11376953125;;;;;;;;;;;;;;;
77.0086669921875;-0.070068359375;-0.035888671875;1.01513671875;;;;;;;;;;;;;;;
77.01202392578125;0.1796875;0.1044921875;1.219482421875;;;;;;;;;;;;;;;
77.015380859375;-0.359619140625;0.073486328125;0.944580078125;;;;;;;;;;;;;;;
77.01873779296875;0.009765625;0.189208984375;0.817138671875;;;;;;;;;;;;;;;
77.02212524414062;-0.125244140625;0.252197265625;1.009521484375;;;;;;;;;;;;;;;
77.02560424804688;-0.020751953125;-0.122314453125;1.0224609375;;;;;;;;;;;;;;;
77.02902221679688;0.134521484375;0.062744140625;1.293701171875;;;;;;;;;;;;;;;
77.03240966796875;-0.17626953125;0.076171875;0.885986328125;;;;;;;;;;;;;;;
77.03579711914062;0.111083984375;0.25537109375;0.881103515625;;;;;;;;;;;;;;;
77.03915405273438;-0.16796875;0.130859375;0.890625;;;;;;;;;;;;;;;
77.04254150390625;0.09619140625;-0.190185546875;1.08251953125;;;;;;;;;;;;;;;
77.04592895507812;-0.11767578125;0.21044921875;1.188720703125;;;;;;;;;;;;;;;
77.04931640625;-0.20849609375;-0.12109375;0.9189453125;;;;;;;;;;;;;;;
77.05279541015625;0.081298828125;0.178955078125;1.050048828125;;;;;;;;;;;;;;;
77.05618286132812;-0.20654296875;0.115234375;0.867431640625;;;;;;;;;;;;;;;
77.05963134765625;0.1728515625;0.189208984375;1.175537109375;;;;;;;;;;;;;;;
77.06317138671875;-0.191162109375;0.134765625;0.995361328125;;;;;;;;;;;;;;;
77.0665283203125;0.04541015625;0.02685546875;0.9521484375;;;;;;;;;;;;;;;
77.06988525390625;-0.218994140625;0.233154296875;0.905517578125;;;;;;;;;;;;;;;
77.07333374023438;0.085205078125;-0.10302734375;0.871826171875;;;;;;;;;;;;;;;
77.0767822265625;0.538818359375;0.107421875;1.32275390625;;;;;;;;;;;;;;;
77.08013916015625;-0.134033203125;0.0908203125;1.007080078125;;;;;;;;;;;;;;;
77.08346557617188;0.068115234375;0.331787109375;1.166015625;;;;;;;;;;;;;;;
77.08682250976562;-0.19970703125;0.0908203125;0.822509765625;;;;;;;;;;;;;;;
77.09017944335938;0.0712890625;0.001220703125;0.92333984375;;;;;;;;;;;;;;;
77.0936279296875;0.021484375;-0.032958984375;1.094482421875;;;;;;;;;;;;;;;
77.09701538085938;-0.32080078125;-0.14208984375;1.033447265625;;;;;;;;;;;;;;;
77.10040283203125;0.2431640625;0.042236328125;1.165771484375;;;;;;;;;;;;;;;
77.10382080078125;-0.239501953125;0.175537109375;0.78857421875;;;;;;;;;;;;;;;
77.10736083984375;0.1767578125;0.41357421875;1.0068359375;;;;;;;;;;;;;;;
77.11080932617188;-0.124267578125;0.113525390625;0.96240234375;;;;;;;;;;;;;;;
77.11416625976562;0.11083984375;0.0361328125;1.136474609375;;;;;;;;;;;;;;;
77.11752319335938;-0.248779296875;-0.083984375;1.009765625;;;;;;;;;;;;;;;
77.12091064453125;-0.04736328125;-0.212158203125;0.798583984375;;;;;;;;;;;;;;;
77.12429809570312;0.200927734375;0.128173828125;1.136962890625;;;;;;;;;;;;;;;
77.12765502929688;-0.012939453125;0.066162109375;0.984619140625;;;;;;;;;;;;;;;
77.1309814453125;0.07666015625;0.315185546875;1.280029296875;;;;;;;;;;;;;;;
77.1343994140625;-0.312255859375;0.013671875;0.8955078125;;;;;;;;;;;;;;;
77.13778686523438;0.073486328125;0.264892578125;0.8828125;;;;;;;;;;;;;;;
77.14117431640625;-0.1259765625;0.10888671875;0.92138671875;;;;;;;;;;;;;;;
77.14453125;0.1220703125;-0.093017578125;0.999267578125;;;;;;;;;;;;;;;
77.14797973632812;0.31591796875;0.106201171875;1.314697265625;;;;;;;;;;;;;;;
77.15142822265625;-0.145263671875;0.009033203125;0.9326171875;;;;;;;;;;;;;;;
77.15484619140625;-0.05322265625;0.3251953125;0.9482421875;;;;;;;;;;;;;;;
77.15826416015625;-0.218994140625;0.023193359375;0.8212890625;;;;;;;;;;;;;;;
77.16165161132812;0.13037109375;0.0576171875;1.1142578125;;;;;;;;;;;;;;;
77.16497802734375;-0.13671875;0.0302734375;1.177490234375;;;;;;;;;;;;;;;
77.1683349609375;-0.139404296875;-0.00439453125;0.968017578125;;;;;;;;;;;;;;;
77.17181396484375;-0.02685546875;0.095703125;1.024169921875;;;;;;;;;;;;;;;
77.17523193359375;-0.137451171875;0.0986328125;0.839111328125;;;;;;;;;;;;;;;
77.17852783203125;0.095703125;0.2060546875;1.17919921875;;;;;;;;;;;;;;;
77.18185424804688;-0.098876953125;0.08447265625;0.98974609375;;;;;;;;;;;;;;;
77.18524169921875;0.1474609375;0.16796875;1.027587890625;;;;;;;;;;;;;;;
77.18865966796875;-0.2177734375;-0.00439453125;0.874755859375;;;;;;;;;;;;;;;
77.19195556640625;0.06494140625;-0.0146484375;0.920654296875;;;;;;;;;;;;;;;
77.19534301757812;0.078369140625;0.156005859375;1.22900390625;;;;;;;;;;;;;;;
77.19866943359375;0.02734375;-0.063720703125;1.076904296875;;;;;;;;;;;;;;;
77.20196533203125;-0.163818359375;0.330078125;1.150634765625;;;;;;;;;;;;;;;
77.20526123046875;-0.269287109375;-0.081298828125;0.773193359375;;;;;;;;;;;;;;;
77.20858764648438;0.065673828125;0.348388671875;0.962646484375;;;;;;;;;;;;;;;
77.21194458007812;-0.09716796875;0.001220703125;0.99462890625;;;;;;;;;;;;;;;
77.21539306640625;0.006591796875;0.02099609375;1.09912109375;;;;;;;;;;;;;;;
77.21871948242188;-0.114990234375;0.1328125;1.11865234375;;;;;;;;;;;;;;;
77.22207641601562;-0.14404296875;0.01171875;0.828857421875;;;;;;;;;;;;;;;
77.22540283203125;-0.02734375;0.372802734375;1.02587890625;;;;;;;;;;;;;;;
77.22872924804688;-0.18505859375;0.075927734375;0.943603515625;;;;;;;;;;;;;;;
77.2320556640625;0.06103515625;0.1181640625;1.214111328125;;;;;;;;;;;;;;;
77.23541259765625;-0.258056640625;-0.024658203125;1.011474609375;;;;;;;;;;;;;;;
77.23876953125;0.094482421875;-0.119873046875;0.87890625;;;;;;;;;;;;;;;
77.24212646484375;-0.1552734375;0.28857421875;1.099853515625;;;;;;;;;;;;;;;
77.2454833984375;0.013671875;-0.014404296875;1.01513671875;;;;;;;;;;;;;;;
77.24884033203125;-0.1669921875;0.39794921875;1.222900390625;;;;;;;;;;;;;;;
77.25225830078125;-0.130615234375;-0.036376953125;0.893798828125;;;;;;;;;;;;;;;
77.255615234375;-0.006103515625;0.2568359375;0.909423828125;;;;;;;;;;;;;;;
77.2589111328125;-0.191650390625;0.049072265625;0.828125;;;;;;;;;;;;;;;
77.2623291015625;0.274169921875;0.017578125;1.02392578125;;;;;;;;;;;;;;;
77.26565551757812;0.094482421875;0.2412109375;1.26513671875;;;;;;;;;;;;;;;
77.26910400390625;0.003173828125;-0.03125;1.00537109375;;;;;;;;;;;;;;;
77.27255249023438;-0.296630859375;0.3232421875;1.020751953125;;;;;;;;;;;;;;;
77.27587890625;-0.309326171875;-0.1396484375;0.756103515625;;;;;;;;;;;;;;;
77.27926635742188;0.06201171875;0.108154296875;1.11083984375;;;;;;;;;;;;;;;
77.28268432617188;-0.072509765625;0.019287109375;1.14111328125;;;;;;;;;;;;;;;
77.28607177734375;0.1142578125;0.2275390625;1.04443359375;;;;;;;;;;;;;;;
77.2894287109375;-0.1728515625;0.21484375;0.9853515625;;;;;;;;;;;;;;;
77.29278564453125;-0.114990234375;0.019775390625;0.85986328125;;;;;;;;;;;;;;;
77.29620361328125;-0.039794921875;0.186279296875;1.175048828125;;;;;;;;;;;;;;;
77.299560546875;-0.01220703125;-0.084228515625;1.00244140625;;;;;;;;;;;;;;;
77.30294799804688;-0.112548828125;0.301513671875;1.072509765625;;;;;;;;;;;;;;;
77.306396484375;-0.190673828125;0.0390625;0.8203125;;;;;;;;;;;;;;;
77.30978393554688;0.172119140625;0.192626953125;1.00634765625;;;;;;;;;;;;;;;
77.31320190429688;-0.447021484375;0.182861328125;1.280029296875;;;;;;;;;;;;;;;
77.31658935546875;-0.18505859375;-0.186767578125;1.061279296875;;;;;;;;;;;;;;;
77.32000732421875;-0.20703125;0.203369140625;1.180908203125;;;;;;;;;;;;;;;
77.32339477539062;-0.4228515625;-0.2373046875;0.731689453125;;;;;;;;;;;;;;;
77.32675170898438;0.059814453125;0.5107421875;0.978759765625;;;;;;;;;;;;;;;
77.33004760742188;-0.177978515625;0.026123046875;0.96044921875;;;;;;;;;;;;;;;
77.33343505859375;-0.003173828125;0.24169921875;1.082275390625;;;;;;;;;;;;;;;
77.3367919921875;0.034423828125;0.03466796875;1.20068359375;;;;;;;;;;;;;;;
77.3402099609375;-0.219970703125;-0.111328125;0.84912109375;;;;;;;;;;;;;;;
77.34359741210938;0.0029296875;0.20654296875;1.036865234375;;;;;;;;;;;;;;;
77.34698486328125;-0.153076171875;-0.119384765625;0.944580078125;;;;;;;;;;;;;;;
77.350341796875;-0.08740234375;0.275634765625;1.1845703125;;;;;;;;;;;;;;;
77.35372924804688;-0.257080078125;0.0;0.9267578125;;;;;;;;;;;;;;;
77.357177734375;0.2568359375;0.115966796875;1.006103515625;;;;;;;;;;;;;;;
77.36056518554688;-0.44091796875;0.224609375;0.955078125;;;;;;;;;;;;;;;
77.364013671875;-0.267822265625;-0.040283203125;0.9775390625;;;;;;;;;;;;;;;
77.36737060546875;-0.156005859375;0.1962890625;1.23828125;;;;;;;;;;;;;;;
77.37075805664062;0.041259765625;-0.24853515625;1.0078125;;;;;;;;;;;;;;;
77.37411499023438;0.140380859375;0.336181640625;0.982177734375;;;;;;;;;;;;;;;
77.37750244140625;-0.32861328125;0.020751953125;0.80908203125;;;;;;;;;;;;;;;
77.380859375;0.129638671875;0.245361328125;1.015869140625;;;;;;;;;;;;;;;
77.3841552734375;0.163818359375;0.16064453125;1.288330078125;;;;;;;;;;;;;;;
77.38751220703125;-0.259765625;-0.053955078125;0.989501953125;;;;;;;;;;;;;;;
77.39083862304688;-0.1484375;0.17333984375;1.012939453125;;;;;;;;;;;;;;;
77.39422607421875;-0.214599609375;-0.236083984375;0.77783203125;;;;;;;;;;;;;;;
77.39767456054688;0.02587890625;0.265380859375;1.11572265625;;;;;;;;;;;;;;;
77.401123046875;-0.168212890625;-0.103515625;1.130126953125;;;;;;;;;;;;;;;
77.40447998046875;0.054931640625;0.37060546875;1.091796875;;;;;;;;;;;;;;;
77.4078369140625;-0.1845703125;0.2255859375;0.977294921875;;;;;;;;;;;;;;;
77.4112548828125;-0.079833984375;0.125;0.8251953125;;;;;;;;;;;;;;;
77.41476440429688;-0.0673828125;0.022705078125;1.1328125;;;;;;;;;;;;;;;
77.41818237304688;0.08056640625;-0.300537109375;1.070068359375;;;;;;;;;;;;;;;
77.42160034179688;-0.115966796875;0.35986328125;1.111328125;;;;;;;;;;;;;;;
77.425048828125;-0.259765625;-0.141845703125;0.7880859375;;;;;;;;;;;;;;;
77.42837524414062;0.15576171875;0.27685546875;1.049072265625;;;;;;;;;;;;;;;
77.43185424804688;-0.3212890625;0.1826171875;1.177734375;;;;;;;;;;;;;;;
77.435302734375;-0.09228515625;-0.061279296875;1.098388671875;;;;;;;;;;;;;;;
77.43875122070312;-0.2333984375;0.146240234375;1.132080078125;;;;;;;;;;;;;;;
77.442138671875;0.05029296875;-0.326171875;0.77685546875;;;;;;;;;;;;;;;
77.44552612304688;-0.013427734375;0.359619140625;0.95751953125;;;;;;;;;;;;;;;
77.44891357421875;-0.133544921875;-0.015869140625;0.87841796875;;;;;;;;;;;;;;;
77.45233154296875;0.06591796875;0.296875;1.209716796875;;;;;;;;;;;;;;;
77.45574951171875;-0.21142578125;-0.00146484375;1.091552734375;;;;;;;;;;;;;;;
77.4591064453125;0.001708984375;-0.079833984375;0.937744140625;;;;;;;;;;;;;;;
77.46255493164062;-0.16943359375;0.110107421875;1.008544921875;;;;;;;;;;;;;;;
77.46591186523438;-0.033447265625;-0.1005859375;0.939208984375;;;;;;;;;;;;;;;
77.46926879882812;0.01123046875;0.301025390625;1.177490234375;;;;;;;;;;;;;;;
77.47271728515625;-0.1826171875;-0.07763671875;0.936767578125;;;;;;;;;;;;;;;
77.47601318359375;0.183349609375;0.32421875;1.036376953125;;;;;;;;;;;;;;;
77.47940063476562;-0.30419921875;0.18994140625;0.87109375;;;;;;;;;;;;;;;
77.48284912109375;-0.0732421875;-0.0009765625;0.97900390625;;;;;;;;;;;;;;;
77.4862060546875;-0.042724609375;0.013671875;1.189697265625;;;;;;;;;;;;;;;
77.4896240234375;0.082763671875;-0.341064453125;1.05517578125;;;;;;;;;;;;;;;
77.49295043945312;0.01513671875;0.318359375;0.990966796875;;;;;;;;;;;;;;;
77.49630737304688;-0.253662109375;0.101318359375;0.72412109375;;;;;;;;;;;;;;;
77.499755859375;0.1220703125;0.337890625;1.1708984375;;;;;;;;;;;;;;;
77.50308227539062;0.00732421875;0.01220703125;1.174072265625;;;;;;;;;;;;;;;
77.50643920898438;0.05322265625;-0.1533203125;1.124267578125;;;;;;;;;;;;;;;
77.509765625;-0.248291015625;0.103759765625;0.935546875;;;;;;;;;;;;;;;
77.51309204101562;-0.163818359375;-0.149169921875;0.790283203125;;;;;;;;;;;;;;;
77.5164794921875;-0.02587890625;0.3681640625;1.10302734375;;;;;;;;;;;;;;;
77.51980590820312;-0.048828125;-0.093505859375;1.037841796875;;;;;;;;;;;;;;;
77.52325439453125;0.117431640625;0.33056640625;1.185302734375;;;;;;;;;;;;;;;
77.52670288085938;-0.27734375;0.114501953125;0.912109375;;;;;;;;;;;;;;;
77.53012084960938;0.0986328125;0.04931640625;0.8408203125;;;;;;;;;;;;;;;
77.533447265625;-0.024169921875;0.180908203125;1.08447265625;;;;;;;;;;;;;;;
77.53683471679688;0.12744140625;-0.3427734375;1.08935546875;;;;;;;;;;;;;;;
77.54019165039062;-0.18505859375;0.388916015625;1.154541015625;;;;;;;;;;;;;;;
77.54354858398438;-0.200439453125;-0.25732421875;0.7998046875;;;;;;;;;;;;;;;
77.54693603515625;-0.012939453125;0.385498046875;1.081787109375;;;;;;;;;;;;;;;
77.55029296875;-0.495361328125;0.040283203125;1.099609375;;;;;;;;;;;;;;;
77.55364990234375;-0.0380859375;0.03125;1.10107421875;;;;;;;;;;;;;;;
77.5570068359375;-0.159912109375;0.116943359375;1.08447265625;;;;;;;;;;;;;;;
77.56036376953125;0.219970703125;-0.207763671875;0.7568359375;;;;;;;;;;;;;;;
77.56375122070312;-0.000244140625;0.383544921875;0.97509765625;;;;;;;;;;;;;;;
77.56704711914062;-0.295654296875;-0.00732421875;0.831787109375;;;;;;;;;;;;;;;
77.57046508789062;0.13427734375;0.284912109375;1.2470703125;;;;;;;;;;;;;;;
77.5738525390625;-0.3876953125;-0.182373046875;1.139404296875;;;;;;;;;;;;;;;
77.5772705078125;0.037109375;-0.096435546875;0.96240234375;;;;;;;;;;;;;;;
77.58065795898438;-0.263427734375;0.121826171875;0.988525390625;;;;;;;;;;;;;;;
77.58401489257812;-0.133056640625;0.09326171875;0.865966796875;;;;;;;;;;;;;;;
77.58740234375;0.196533203125;0.358154296875;1.169189453125;;;;;;;;;;;;;;;
77.5908203125;0.06005859375;-0.156005859375;0.982421875;;;;;;;;;;;;;;;
77.59417724609375;0.138427734375;0.243896484375;1.1005859375;;;;;;;;;;;;;;;
77.59756469726562;-0.666015625;0.054443359375;0.770263671875;;;;;;;;;;;;;;;
77.60098266601562;-0.191162109375;0.06005859375;0.98095703125;;;;;;;;;;;;;;;
77.60440063476562;-0.076416015625;0.041015625;1.096923828125;;;;;;;;;;;;;;;
77.60794067382812;0.235107421875;-0.2724609375;1.120849609375;;;;;;;;;;;;;;;
77.611328125;-0.153564453125;0.328857421875;1.01220703125;;;;;;;;;;;;;;;
77.61474609375;-0.333984375;-0.068603515625;0.705078125;;;;;;;;;;;;;;;
77.61807250976562;0.169921875;0.444580078125;1.156005859375;;;;;;;;;;;;;;;
77.62142944335938;-0.150146484375;-0.09521484375;1.17236328125;;;;;;;;;;;;;;;
77.62478637695312;0.052001953125;-0.0556640625;1.16015625;;;;;;;;;;;;;;;
77.628173828125;-0.314453125;-0.100830078125;0.878173828125;;;;;;;;;;;;;;;
77.63153076171875;-0.092041015625;0.0634765625;0.802734375;;;;;;;;;;;;;;;
77.63494873046875;-0.082763671875;0.333984375;1.037109375;;;;;;;;;;;;;;;
77.638427734375;-0.0244140625;-0.13818359375;1.0029296875;;;;;;;;;;;;;;;
77.64175415039062;-0.020751953125;0.359130859375;1.214111328125;;;;;;;;;;;;;;;
77.64517211914062;-0.259521484375;0.150634765625;0.923828125;;;;;;;;;;;;;;;
77.64852905273438;0.198486328125;0.085693359375;1.0146484375;;;;;;;;;;;;;;;
77.65185546875;-0.138916015625;0.03125;0.968017578125;;;;;;;;;;;;;;;
77.65524291992188;0.234375;-0.407958984375;1.110595703125;;;;;;;;;;;;;;;
77.65866088867188;-0.1845703125;0.36279296875;1.147216796875;;;;;;;;;;;;;;;
77.6619873046875;-0.134765625;-0.149169921875;0.8251953125;;;;;;;;;;;;;;;
77.66534423828125;-0.103759765625;0.442626953125;1.013671875;;;;;;;;;;;;;;;
77.66873168945312;-0.209228515625;0.025390625;0.993896484375;;;;;;;;;;;;;;;
77.67214965820312;0.18994140625;0.011474609375;1.18212890625;;;;;;;;;;;;;;;
77.67544555664062;-0.148681640625;-0.0693359375;1.03173828125;;;;;;;;;;;;;;;
77.6788330078125;0.19775390625;0.042724609375;0.881591796875;;;;;;;;;;;;;;;
77.68222045898438;-0.113037109375;0.318359375;0.921142578125;;;;;;;;;;;;;;;
77.68560791015625;-0.10693359375;-0.044189453125;0.847412109375;;;;;;;;;;;;;;;
77.68896484375;0.056640625;0.191162109375;1.271240234375;;;;;;;;;;;;;;;
77.69235229492188;-0.177978515625;-0.203857421875;1.0791015625;;;;;;;;;;;;;;;
77.69564819335938;0.163818359375;0.007568359375;1.109375;;;;;;;;;;;;;;;
77.69906616210938;-0.176513671875;0.093017578125;0.889892578125;;;;;;;;;;;;;;;
77.70242309570312;0.1162109375;0.411376953125;0.928466796875;;;;;;;;;;;;;;;
77.705810546875;0.036376953125;0.271728515625;1.077392578125;;;;;;;;;;;;;;;
77.70919799804688;0.082763671875;-0.177734375;0.9931640625;;;;;;;;;;;;;;;
77.71261596679688;-0.054931640625;0.116455078125;1.1298828125;;;;;;;;;;;;;;;
77.71597290039062;-0.363525390625;-0.03271484375;0.787109375;;;;;;;;;;;;;;;
77.71942138671875;0.098876953125;0.1748046875;1.047119140625;;;;;;;;;;;;;;;
77.72283935546875;0.068115234375;0.0556640625;1.064697265625;;;;;;;;;;;;;;;
77.7261962890625;0.13037109375;-0.032958984375;1.152587890625;;;;;;;;;;;;;;;
77.72958374023438;-0.1064453125;0.236083984375;0.97607421875;;;;;;;;;;;;;;;
77.73300170898438;-0.0986328125;-0.05810546875;0.782958984375;;;;;;;;;;;;;;;
77.73635864257812;-0.11474609375;0.292236328125;1.0810546875;;;;;;;;;;;;;;;
77.73977661132812;-0.40625;-0.23681640625;1.042724609375;;;;;;;;;;;;;;;
77.7431640625;0.22265625;0.11328125;1.276123046875;;;;;;;;;;;;;;;
77.74658203125;-0.2197265625;0.0751953125;0.869384765625;;;;;;;;;;;;;;;
77.75;0.11474609375;0.26220703125;0.86767578125;;;;;;;;;;;;;;;
77.75335693359375;-0.09765625;0.302734375;0.93896484375;;;;;;;;;;;;;;;
77.75668334960938;0.080810546875;-0.2275390625;1.04150390625;;;;;;;;;;;;;;;
77.76016235351562;-0.044921875;0.150390625;1.248291015625;;;;;;;;;;;;;;;
77.7635498046875;-0.328369140625;-0.08984375;0.862548828125;;;;;;;;;;;;;;;
77.7669677734375;0.291015625;0.186767578125;1.088623046875;;;;;;;;;;;;;;;
77.77032470703125;-0.213623046875;0.14697265625;0.9033203125;;;;;;;;;;;;;;;
77.77371215820312;0.1943359375;-0.171142578125;1.13037109375;;;;;;;;;;;;;;;
77.77703857421875;-0.116455078125;0.189697265625;1.148193359375;;;;;;;;;;;;;;;
77.7803955078125;-0.0361328125;-0.1318359375;0.895751953125;;;;;;;;;;;;;;;
77.78375244140625;-0.135498046875;0.318115234375;0.996826171875;;;;;;;;;;;;;;;
77.78707885742188;-0.1396484375;-0.04541015625;0.864013671875;;;;;;;;;;;;;;;
77.79049682617188;0.45166015625;0.133056640625;1.242919921875;;;;;;;;;;;;;;;
77.79385375976562;-0.1220703125;0.0791015625;1.002197265625;;;;;;;;;;;;;;;
77.79721069335938;0.23193359375;0.174072265625;0.9130859375;;;;;;;;;;;;;;;
77.80059814453125;-0.090087890625;0.1259765625;0.89794921875;;;;;;;;;;;;;;;
77.803955078125;-0.002197265625;-0.132568359375;0.8525390625;;;;;;;;;;;;;;;
77.80734252929688;0.173583984375;0.057861328125;1.298095703125;;;;;;;;;;;;;;;
77.81069946289062;-0.377685546875;-0.159423828125;1.023681640625;;;;;;;;;;;;;;;
77.81399536132812;0.281494140625;0.105712890625;1.14208984375;;;;;;;;;;;;;;;
77.81735229492188;-0.231689453125;0.198974609375;0.83349609375;;;;;;;;;;;;;;;
77.82073974609375;0.1435546875;0.483154296875;0.956787109375;;;;;;;;;;;;;;;
77.8240966796875;-0.03271484375;0.29150390625;1.0205078125;;;;;;;;;;;;;;;
77.82745361328125;0.0400390625;-0.2734375;1.08203125;;;;;;;;;;;;;;;
77.83084106445312;-0.15478515625;-0.04443359375;1.0791015625;;;;;;;;;;;;;;;
77.83416748046875;-0.0888671875;-0.231689453125;0.757080078125;;;;;;;;;;;;;;;
77.83758544921875;0.265869140625;0.27490234375;1.111328125;;;;;;;;;;;;;;;
77.8409423828125;-0.102294921875;0.114013671875;0.97607421875;;;;;;;;;;;;;;;
77.84429931640625;0.11669921875;0.29931640625;1.23388671875;;;;;;;;;;;;;;;
77.84762573242188;-0.255859375;0.091552734375;0.94482421875;;;;;;;;;;;;;;;
77.85107421875;0.131103515625;0.086669921875;0.8212890625;;;;;;;;;;;;;;;
77.85446166992188;0.047119140625;0.11865234375;1.037109375;;;;;;;;;;;;;;;
77.85781860351562;-0.363525390625;-0.20068359375;0.960205078125;;;;;;;;;;;;;;;
77.86114501953125;0.483154296875;0.170166015625;1.329833984375;;;;;;;;;;;;;;;
77.86456298828125;-0.22705078125;0.0888671875;0.875244140625;;;;;;;;;;;;;;;
77.86798095703125;0.255859375;0.48779296875;0.87353515625;;;;;;;;;;;;;;;
77.87139892578125;-0.04296875;0.038818359375;0.8974609375;;;;;;;;;;;;;;;
77.874755859375;0.089599609375;-0.103271484375;1.08251953125;;;;;;;;;;;;;;;
77.87811279296875;0.018798828125;0.016357421875;1.22705078125;;;;;;;;;;;;;;;
77.88153076171875;-0.1845703125;-0.107421875;0.9453125;;;;;;;;;;;;;;;
77.8848876953125;0.028564453125;0.120849609375;1.03564453125;;;;;;;;;;;;;;;
77.88821411132812;-0.135498046875;0.1630859375;0.843994140625;;;;;;;;;;;;;;;
77.89163208007812;0.1318359375;0.1826171875;1.158935546875;;;;;;;;;;;;;;;
77.89498901367188;-0.107421875;0.143310546875;1.0009765625;;;;;;;;;;;;;;;
77.89840698242188;0.06591796875;0.04052734375;0.994140625;;;;;;;;;;;;;;;
77.90176391601562;-0.20654296875;0.195556640625;0.920166015625;;;;;;;;;;;;;;;
77.90521240234375;0.01953125;-0.072021484375;0.888427734375;;;;;;;;;;;;;;;
77.90866088867188;0.195556640625;0.14208984375;1.252685546875;;;;;;;;;;;;;;;
77.91204833984375;0.035400390625;0.06103515625;1.0439453125;;;;;;;;;;;;;;;
77.91543579101562;-0.09912109375;0.353515625;1.163330078125;;;;;;;;;;;;;;;
77.91879272460938;-0.2236328125;0.01953125;0.806640625;;;;;;;;;;;;;;;
77.9222412109375;0.085205078125;-0.0419921875;0.9345703125;;;;;;;;;;;;;;;
77.92559814453125;-0.01806640625;0.063720703125;1.216796875;;;;;;;;;;;;;;;
77.92904663085938;0.01513671875;-0.09326171875;1.0791015625;;;;;;;;;;;;;;;
77.93243408203125;-0.1123046875;0.171142578125;1.161376953125;;;;;;;;;;;;;;;
77.93585205078125;-0.19384765625;0.030029296875;0.797607421875;;;;;;;;;;;;;;;
77.939208984375;0.003662109375;0.47412109375;0.982421875;;;;;;;;;;;;;;;
77.94253540039062;-0.150146484375;0.083251953125;0.947998046875;;;;;;;;;;;;;;;
77.9459228515625;0.093505859375;-0.040771484375;1.110107421875;;;;;;;;;;;;;;;
77.9493408203125;-0.185791015625;0.0263671875;1.06494140625;;;;;;;;;;;;;;;
77.9527587890625;-0.056640625;-0.144775390625;0.833251953125;;;;;;;;;;;;;;;
77.95614624023438;-0.07421875;0.323974609375;1.11865234375;;;;;;;;;;;;;;;
77.95944213867188;-0.035888671875;-0.099365234375;0.995361328125;;;;;;;;;;;;;;;
77.96286010742188;-0.034423828125;0.337646484375;1.21142578125;;;;;;;;;;;;;;;
77.9661865234375;-0.173095703125;-0.015869140625;0.910400390625;;;;;;;;;;;;;;;
77.96957397460938;0.062744140625;0.238037109375;0.9033203125;;;;;;;;;;;;;;;
77.972900390625;-0.174072265625;0.125244140625;0.893798828125;;;;;;;;;;;;;;;
77.97622680664062;0.124267578125;-0.045654296875;1.03759765625;;;;;;;;;;;;;;;
77.97955322265625;0.001953125;0.1982421875;1.267333984375;;;;;;;;;;;;;;;
77.98294067382812;-0.026611328125;-0.013427734375;0.96142578125;;;;;;;;;;;;;;;
77.98623657226562;-0.152587890625;0.388671875;0.9658203125;;;;;;;;;;;;;;;
77.98965454101562;-0.273681640625;-0.041015625;0.7822265625;;;;;;;;;;;;;;;
77.99301147460938;0.100341796875;-0.058349609375;1.0966796875;;;;;;;;;;;;;;;
77.99642944335938;-0.069580078125;0.063720703125;1.19091796875;;;;;;;;;;;;;;;
77.99981689453125;-0.01953125;0.063232421875;0.985107421875;;;;;;;;;;;;;;;
78.00320434570312;-0.052734375;0.251708984375;1.042724609375;;;;;;;;;;;;;;;
78.00656127929688;-0.1875;-0.00732421875;0.83740234375;;;;;;;;;;;;;;;
78.00997924804688;0.029541015625;0.29296875;1.157470703125;;;;;;;;;;;;;;;
78.01336669921875;-0.068359375;-0.005859375;0.989501953125;;;;;;;;;;;;;;;
78.01681518554688;0.10693359375;0.252197265625;1.0302734375;;;;;;;;;;;;;;;
78.02020263671875;-0.162353515625;0.068359375;0.861572265625;;;;;;;;;;;;;;;
78.02365112304688;0.16796875;0.060546875;0.939208984375;;;;;;;;;;;;;;;
78.02700805664062;0.40869140625;0.198486328125;1.3359375;;;;;;;;;;;;;;;
78.03042602539062;-0.18798828125;-0.234375;1.031982421875;;;;;;;;;;;;;;;
78.03390502929688;-0.1640625;0.28564453125;1.222412109375;;;;;;;;;;;;;;;
78.03729248046875;-0.416259765625;-0.17431640625;0.770263671875;;;;;;;;;;;;;;;
78.04067993164062;0.133544921875;0.088134765625;0.9423828125;;;;;;;;;;;;;;;
78.04403686523438;-0.18408203125;0.044921875;1.015380859375;;;;;;;;;;;;;;;
78.04739379882812;-0.253173828125;0.134765625;1.015625;;;;;;;;;;;;;;;
78.05075073242188;0.1357421875;0.155029296875;1.22509765625;;;;;;;;;;;;;;;
78.05413818359375;-0.21044921875;-0.056396484375;0.82470703125;;;;;;;;;;;;;;;
78.05752563476562;0.1083984375;0.313232421875;1.023193359375;;;;;;;;;;;;;;;
78.06085205078125;-0.1845703125;-0.052734375;0.9169921875;;;;;;;;;;;;;;;
78.06423950195312;0.012451171875;0.16357421875;1.194091796875;;;;;;;;;;;;;;;
78.06768798828125;-0.215576171875;-0.009765625;0.971923828125;;;;;;;;;;;;;;;
78.07107543945312;0.20849609375;-0.0302734375;0.9091796875;;;;;;;;;;;;;;;
78.07443237304688;-0.16064453125;0.26904296875;1.154296875;;;;;;;;;;;;;;;
78.0777587890625;-0.2421875;-0.035400390625;0.968505859375;;;;;;;;;;;;;;;
78.08123779296875;-0.1171875;0.27783203125;1.25830078125;;;;;;;;;;;;;;;
78.08456420898438;-0.08935546875;-0.23291015625;0.864501953125;;;;;;;;;;;;;;;
78.08792114257812;0.2314453125;0.40380859375;0.9736328125;;;;;;;;;;;;;;;
78.09133911132812;-0.19970703125;0.0458984375;0.82373046875;;;;;;;;;;;;;;;
78.09481811523438;0.14990234375;0.202880859375;0.95556640625;;;;;;;;;;;;;;;
78.09820556640625;0.34716796875;0.123779296875;1.368896484375;;;;;;;;;;;;;;;
78.10165405273438;-0.3056640625;-0.004638671875;0.95556640625;;;;;;;;;;;;;;;
78.10501098632812;-0.15576171875;0.218505859375;1.010986328125;;;;;;;;;;;;;;;
78.10842895507812;-0.2763671875;-0.20947265625;0.75830078125;;;;;;;;;;;;;;;
78.11178588867188;0.123779296875;0.198974609375;1.13427734375;;;;;;;;;;;;;;;
78.1151123046875;-0.145263671875;-0.09375;1.159423828125;;;;;;;;;;;;;;;
78.1185302734375;-0.015869140625;0.278564453125;1.059326171875;;;;;;;;;;;;;;;
78.12197875976562;-0.056640625;0.188720703125;1.02294921875;;;;;;;;;;;;;;;
78.12539672851562;-0.211181640625;0.119140625;0.805908203125;;;;;;;;;;;;;;;
78.12887573242188;0.032470703125;0.075439453125;1.166015625;;;;;;;;;;;;;;;
78.13217163085938;-0.01416015625;-0.2265625;1.015625;;;;;;;;;;;;;;;
78.13552856445312;-0.10107421875;0.365234375;1.12646484375;;;;;;;;;;;;;;;
78.138916015625;-0.2197265625;-0.09130859375;0.822265625;;;;;;;;;;;;;;;
78.142333984375;0.1787109375;0.22216796875;1.017578125;;;;;;;;;;;;;;;
78.14572143554688;-0.434814453125;0.16357421875;1.260498046875;;;;;;;;;;;;;;;
78.14910888671875;-0.22900390625;-0.1005859375;1.0478515625;;;;;;;;;;;;;;;
78.15252685546875;-0.187255859375;0.203369140625;1.174560546875;;;;;;;;;;;;;;;
78.15594482421875;-0.264892578125;-0.28759765625;0.755859375;;;;;;;;;;;;;;;
78.15927124023438;0.02978515625;0.491455078125;0.97998046875;;;;;;;;;;;;;;;
78.16268920898438;-0.2841796875;-0.01171875;0.9033203125;;;;;;;;;;;;;;;
78.16607666015625;-0.023681640625;0.2197265625;1.1025390625;;;;;;;;;;;;;;;
78.16940307617188;0.044921875;0.048095703125;1.18115234375;;;;;;;;;;;;;;;
78.17276000976562;-0.122802734375;-0.078857421875;0.89794921875;;;;;;;;;;;;;;;
78.17611694335938;-0.037353515625;0.184814453125;1.025146484375;;;;;;;;;;;;;;;
78.17947387695312;-0.1298828125;-0.258056640625;0.927978515625;;;;;;;;;;;;;;;
78.18292236328125;-0.042236328125;0.3232421875;1.184326171875;;;;;;;;;;;;;;;
78.1864013671875;-0.24560546875;-0.05615234375;0.951904296875;;;;;;;;;;;;;;;
78.18972778320312;0.236083984375;0.134765625;0.997802734375;;;;;;;;;;;;;;;
78.19314575195312;-0.251708984375;0.1826171875;0.951904296875;;;;;;;;;;;;;;;
78.19647216796875;-0.1513671875;0.01171875;0.984619140625;;;;;;;;;;;;;;;
78.199951171875;-0.108154296875;0.234619140625;1.216064453125;;;;;;;;;;;;;;;
78.20330810546875;0.02734375;-0.325927734375;1.043701171875;;;;;;;;;;;;;;;
78.20663452148438;0.00927734375;0.377197265625;0.97216796875;;;;;;;;;;;;;;;
78.2100830078125;-0.253173828125;0.075927734375;0.7421875;;;;;;;;;;;;;;;
78.21347045898438;0.247314453125;0.2744140625;1.18505859375;;;;;;;;;;;;;;;
78.21682739257812;0.080078125;0.07470703125;1.2548828125;;;;;;;;;;;;;;;
78.22024536132812;-0.097900390625;-0.133056640625;1.060546875;;;;;;;;;;;;;;;
78.22360229492188;-0.279541015625;0.094482421875;1.033447265625;;;;;;;;;;;;;;;
78.22702026367188;-0.244140625;-0.21240234375;0.75634765625;;;;;;;;;;;;;;;
78.23043823242188;-0.0126953125;0.337646484375;1.10498046875;;;;;;;;;;;;;;;
78.23382568359375;-0.125732421875;-0.018310546875;1.079345703125;;;;;;;;;;;;;;;
78.23724365234375;0.092041015625;0.333251953125;1.1376953125;;;;;;;;;;;;;;;
78.2406005859375;-0.25830078125;0.19921875;0.951171875;;;;;;;;;;;;;;;
78.2440185546875;0.034912109375;-0.009765625;0.83447265625;;;;;;;;;;;;;;;
78.24749755859375;-0.094482421875;0.063720703125;1.107177734375;;;;;;;;;;;;;;;
78.2508544921875;0.032958984375;-0.401123046875;1.074462890625;;;;;;;;;;;;;;;
78.25424194335938;-0.133544921875;0.43896484375;1.13720703125;;;;;;;;;;;;;;;
78.25759887695312;-0.2880859375;-0.11328125;0.78759765625;;;;;;;;;;;;;;;
78.26095581054688;0.1962890625;0.34326171875;1.037841796875;;;;;;;;;;;;;;;
78.264404296875;-0.428955078125;0.186767578125;1.13916015625;;;;;;;;;;;;;;;
78.26785278320312;-0.0029296875;-0.124755859375;1.1064453125;;;;;;;;;;;;;;;
78.2713623046875;-0.286865234375;0.1357421875;1.111328125;;;;;;;;;;;;;;;
78.27481079101562;0.116943359375;-0.362060546875;0.759033203125;;;;;;;;;;;;;;;
78.27822875976562;-0.0146484375;0.405517578125;0.958984375;;;;;;;;;;;;;;;
78.28164672851562;-0.212890625;0.011962890625;0.8515625;;;;;;;;;;;;;;;
78.28512573242188;0.15625;0.345703125;1.212158203125;;;;;;;;;;;;;;;
78.28854370117188;-0.287353515625;-0.008056640625;1.136474609375;;;;;;;;;;;;;;;
78.29196166992188;0.02978515625;-0.09765625;0.947265625;;;;;;;;;;;;;;;
78.29531860351562;-0.23681640625;0.127197265625;1.01220703125;;;;;;;;;;;;;;;
78.29864501953125;-0.1904296875;-0.09375;0.856201171875;;;;;;;;;;;;;;;
78.30206298828125;0.1904296875;0.358154296875;1.182861328125;;;;;;;;;;;;;;;
78.305419921875;-0.0615234375;-0.072265625;0.97021484375;;;;;;;;;;;;;;;
78.30877685546875;0.1640625;0.312255859375;1.1025390625;;;;;;;;;;;;;;;
78.31219482421875;-0.595947265625;0.119384765625;0.78515625;;;;;;;;;;;;;;;
78.31552124023438;-0.0947265625;0.02783203125;0.981201171875;;;;;;;;;;;;;;;
78.31887817382812;-0.1494140625;0.019775390625;1.1494140625;;;;;;;;;;;;;;;
78.32229614257812;0.08984375;-0.2392578125;1.06591796875;;;;;;;;;;;;;;;
78.32562255859375;-0.14404296875;0.32666015625;0.9853515625;;;;;;;;;;;;;;;
78.32904052734375;-0.326904296875;0.132080078125;0.733154296875;;;;;;;;;;;;;;;
78.3323974609375;0.112548828125;0.2939453125;1.17041015625;;;;;;;;;;;;;;;
78.33572387695312;-0.383544921875;-0.05908203125;1.133544921875;;;;;;;;;;;;;;;
78.33914184570312;0.262939453125;-0.207763671875;1.159912109375;;;;;;;;;;;;;;;
78.34246826171875;-0.38232421875;0.03759765625;0.904296875;;;;;;;;;;;;;;;
78.3458251953125;-0.425537109375;-0.016357421875;0.6865234375;;;;;;;;;;;;;;;
78.34918212890625;0.33154296875;0.41357421875;1.072998046875;;;;;;;;;;;;;;;
78.35260009765625;0.01904296875;-0.04638671875;1.017822265625;;;;;;;;;;;;;;;
78.35598754882812;0.28955078125;0.249267578125;1.236083984375;;;;;;;;;;;;;;;
78.359375;-0.499267578125;0.0205078125;0.931884765625;;;;;;;;;;;;;;;
78.36279296875;0.04736328125;0.0478515625;0.853515625;;;;;;;;;;;;;;;
78.36624145507812;-0.11083984375;0.06787109375;1.02783203125;;;;;;;;;;;;;;;
78.36962890625;0.066650390625;-0.367919921875;1.114501953125;;;;;;;;;;;;;;;
78.37295532226562;-0.117431640625;0.333740234375;1.130859375;;;;;;;;;;;;;;;
78.3763427734375;-0.197509765625;-0.1181640625;0.82275390625;;;;;;;;;;;;;;;
78.37966918945312;0.0146484375;0.4384765625;1.052734375;;;;;;;;;;;;;;;
78.38302612304688;-0.373046875;0.05078125;1.038818359375;;;;;;;;;;;;;;;
78.386474609375;0.135498046875;-0.004150390625;1.1240234375;;;;;;;;;;;;;;;
78.38986206054688;-0.17431640625;-0.073486328125;1.06689453125;;;;;;;;;;;;;;;
78.39324951171875;0.076904296875;-0.177734375;0.85888671875;;;;;;;;;;;;;;;
78.39666748046875;-0.193115234375;0.24609375;0.947021484375;;;;;;;;;;;;;;;
78.40011596679688;-0.147705078125;-0.006591796875;0.807861328125;;;;;;;;;;;;;;;
78.40350341796875;0.177734375;0.30224609375;1.232177734375;;;;;;;;;;;;;;;
78.40689086914062;-0.095947265625;-0.019287109375;1.125;;;;;;;;;;;;;;;
78.4102783203125;0.0537109375;0.0478515625;1.028076171875;;;;;;;;;;;;;;;
78.41360473632812;-0.19921875;-0.022705078125;0.9609375;;;;;;;;;;;;;;;
78.4169921875;-0.037353515625;0.154052734375;0.909423828125;;;;;;;;;;;;;;;
78.42037963867188;0.0703125;0.175048828125;1.131103515625;;;;;;;;;;;;;;;
78.4237060546875;0.034912109375;-0.183837890625;0.968505859375;;;;;;;;;;;;;;;
78.42703247070312;0.09228515625;0.30517578125;1.128173828125;;;;;;;;;;;;;;;
78.43048095703125;-0.451416015625;0.197998046875;0.81201171875;;;;;;;;;;;;;;;
78.43386840820312;0.1943359375;0.21630859375;0.984130859375;;;;;;;;;;;;;;;
78.43722534179688;0.0380859375;-0.099365234375;1.103271484375;;;;;;;;;;;;;;;
78.44058227539062;0.144775390625;-0.25146484375;1.095458984375;;;;;;;;;;;;;;;
78.44390869140625;-0.008056640625;0.129638671875;0.99169921875;;;;;;;;;;;;;;;
78.44729614257812;-0.18017578125;-0.041015625;0.757568359375;;;;;;;;;;;;;;;
78.45068359375;-0.021240234375;0.3837890625;1.11083984375;;;;;;;;;;;;;;;
78.45404052734375;-0.177001953125;0.0146484375;1.10400390625;;;;;;;;;;;;;;;
78.45745849609375;0.024658203125;0.07080078125;1.19482421875;;;;;;;;;;;;;;;
78.46075439453125;-0.168212890625;-0.087646484375;0.880615234375;;;;;;;;;;;;;;;
78.46414184570312;-0.00244140625;0.14013671875;0.831298828125;;;;;;;;;;;;;;;
78.46759033203125;0.015869140625;0.2236328125;0.9892578125;;;;;;;;;;;;;;;
78.4710693359375;0.0537109375;-0.162841796875;1.0205078125;;;;;;;;;;;;;;;
78.47439575195312;0.130859375;0.225830078125;1.271728515625;;;;;;;;;;;;;;;
78.477783203125;-0.30322265625;0.092529296875;0.906005859375;;;;;;;;;;;;;;;
78.48110961914062;0.131591796875;0.07373046875;1.056884765625;;;;;;;;;;;;;;;
78.48446655273438;-0.183837890625;0.091552734375;0.960693359375;;;;;;;;;;;;;;;
78.48779296875;0.14990234375;-0.35107421875;1.100341796875;;;;;;;;;;;;;;;
78.49114990234375;-0.040283203125;0.260009765625;1.0791015625;;;;;;;;;;;;;;;
78.49459838867188;-0.068359375;-0.116943359375;0.859375;;;;;;;;;;;;;;;
78.49795532226562;-0.062744140625;0.420654296875;1.037353515625;;;;;;;;;;;;;;;
78.50149536132812;-0.3193359375;0.013916015625;0.818603515625;;;;;;;;;;;;;;;
78.50479125976562;0.181640625;0.013671875;1.192626953125;;;;;;;;;;;;;;;
78.50823974609375;-0.164306640625;0.00048828125;1.031494140625;;;;;;;;;;;;;;;
78.51165771484375;0.213623046875;-0.006591796875;0.888671875;;;;;;;;;;;;;;;
78.51504516601562;-0.0419921875;0.189453125;0.940673828125;;;;;;;;;;;;;;;
78.5184326171875;-0.121337890625;-0.071044921875;0.8369140625;;;;;;;;;;;;;;;
78.5218505859375;0.052490234375;0.19677734375;1.261962890625;;;;;;;;;;;;;;;
78.52517700195312;-0.16064453125;-0.177001953125;1.08251953125;;;;;;;;;;;;;;;
78.528564453125;0.16748046875;0.0224609375;1.135986328125;;;;;;;;;;;;;;;
78.53195190429688;-0.270751953125;0.116455078125;0.889892578125;;;;;;;;;;;;;;;
78.53533935546875;0.002197265625;0.2998046875;0.916748046875;;;;;;;;;;;;;;;
78.5386962890625;-0.013427734375;0.189697265625;1.0947265625;;;;;;;;;;;;;;;
78.54217529296875;0.002685546875;-0.2158203125;1.046142578125;;;;;;;;;;;;;;;
78.54556274414062;-0.09765625;0.12451171875;1.1201171875;;;;;;;;;;;;;;;
78.54898071289062;-0.384033203125;-0.041015625;0.749755859375;;;;;;;;;;;;;;;
78.5523681640625;0.303466796875;0.26123046875;1.029541015625;;;;;;;;;;;;;;;
78.55569458007812;-0.037353515625;0.09521484375;1.0224609375;;;;;;;;;;;;;;;
78.55911254882812;0.179443359375;0.036865234375;1.178466796875;;;;;;;;;;;;;;;
78.5625;-0.315185546875;0.107177734375;1.012939453125;;;;;;;;;;;;;;;
78.56597900390625;-0.154296875;-0.073486328125;0.79541015625;;;;;;;;;;;;;;;
78.56936645507812;-0.094970703125;0.255126953125;1.03173828125;;;;;;;;;;;;;;;
78.57269287109375;-0.051025390625;-0.130126953125;1.01025390625;;;;;;;;;;;;;;;
78.57608032226562;0.37255859375;0.1689453125;1.290771484375;;;;;;;;;;;;;;;
78.57937622070312;-0.21533203125;0.0771484375;0.8681640625;;;;;;;;;;;;;;;
78.58279418945312;0.08837890625;0.290771484375;0.8330078125;;;;;;;;;;;;;;;
78.586181640625;-0.058349609375;0.171630859375;0.9384765625;;;;;;;;;;;;;;;
78.58956909179688;0.06982421875;-0.1435546875;1.031005859375;;;;;;;;;;;;;;;
78.59295654296875;0.018310546875;0.132080078125;1.24853515625;;;;;;;;;;;;;;;
78.59640502929688;-0.366943359375;-0.25830078125;0.885498046875;;;;;;;;;;;;;;;
78.59976196289062;0.31640625;0.124755859375;1.06787109375;;;;;;;;;;;;;;;
78.60321044921875;-0.21533203125;0.1875;0.8564453125;;;;;;;;;;;;;;;
78.60659790039062;0.203857421875;0.37646484375;1.094970703125;;;;;;;;;;;;;;;
78.6099853515625;0.0185546875;0.162353515625;1.051513671875;;;;;;;;;;;;;;;
78.61343383789062;0.047607421875;-0.044677734375;0.92822265625;;;;;;;;;;;;;;;
78.61679077148438;-0.1259765625;0.2958984375;0.9833984375;;;;;;;;;;;;;;;
78.62020874023438;-0.18994140625;-0.05615234375;0.783447265625;;;;;;;;;;;;;;;
78.62362670898438;0.32470703125;0.0654296875;1.239501953125;;;;;;;;;;;;;;;
78.62701416015625;-0.0791015625;0.002685546875;0.9833984375;;;;;;;;;;;;;;;
78.63040161132812;0.180419921875;0.245849609375;1.111328125;;;;;;;;;;;;;;;
78.63372802734375;-0.12109375;0.117431640625;0.8828125;;;;;;;;;;;;;;;
78.63705444335938;0.079833984375;-0.005615234375;0.870361328125;;;;;;;;;;;;;;;
78.64047241210938;0.1123046875;0.148681640625;1.161865234375;;;;;;;;;;;;;;;
78.64385986328125;-0.07666015625;-0.201171875;1.0849609375;;;;;;;;;;;;;;;
78.64727783203125;-0.035888671875;0.077880859375;1.162841796875;;;;;;;;;;;;;;;
78.65066528320312;-0.22265625;0.009521484375;0.8076171875;;;;;;;;;;;;;;;
78.65399169921875;0.072021484375;0.548828125;0.9375;;;;;;;;;;;;;;;
78.657470703125;-0.0654296875;0.157958984375;0.995849609375;;;;;;;;;;;;;;;
78.66091918945312;0.077880859375;-0.041259765625;1.09033203125;;;;;;;;;;;;;;;
78.66433715820312;-0.15283203125;0.0439453125;1.095703125;;;;;;;;;;;;;;;
78.66775512695312;-0.15185546875;-0.09326171875;0.806640625;;;;;;;;;;;;;;;
78.67117309570312;0.028564453125;0.175048828125;1.090576171875;;;;;;;;;;;;;;;
78.67446899414062;-0.024658203125;0.028564453125;0.975341796875;;;;;;;;;;;;;;;
78.67782592773438;0.1181640625;0.32275390625;1.209716796875;;;;;;;;;;;;;;;
78.68112182617188;-0.305908203125;0.109130859375;0.965087890625;;;;;;;;;;;;;;;
78.68447875976562;-0.0390625;0.14697265625;0.864013671875;;;;;;;;;;;;;;;
78.68780517578125;-0.16259765625;0.184814453125;0.96142578125;;;;;;;;;;;;;;;
78.691162109375;0.099609375;-0.185546875;1.025634765625;;;;;;;;;;;;;;;
78.69451904296875;0.135498046875;0.12109375;1.282958984375;;;;;;;;;;;;;;;
78.69784545898438;-0.066162109375;0.031494140625;0.933349609375;;;;;;;;;;;;;;;
78.70120239257812;-0.0751953125;0.52392578125;0.912353515625;;;;;;;;;;;;;;;
78.70462036132812;-0.214111328125;0.089599609375;0.8427734375;;;;;;;;;;;;;;;
78.70791625976562;0.069580078125;-0.08642578125;1.0869140625;;;;;;;;;;;;;;;
78.71133422851562;-0.0673828125;-0.02978515625;1.2421875;;;;;;;;;;;;;;;
78.71469116210938;-0.0869140625;-0.064697265625;0.95703125;;;;;;;;;;;;;;;
78.71804809570312;-0.0703125;0.153564453125;1.05419921875;;;;;;;;;;;;;;;
78.72140502929688;-0.17333984375;0.163330078125;0.85205078125;;;;;;;;;;;;;;;
78.7247314453125;0.05712890625;0.38720703125;1.126708984375;;;;;;;;;;;;;;;
78.72808837890625;-0.098388671875;0.117919921875;1.016357421875;;;;;;;;;;;;;;;
78.73147583007812;0.0009765625;0.060302734375;0.999755859375;;;;;;;;;;;;;;;
78.73480224609375;-0.187255859375;0.0126953125;0.93408203125;;;;;;;;;;;;;;;
78.73812866210938;0.0205078125;-0.087890625;0.857177734375;;;;;;;;;;;;;;;
78.74151611328125;0.2734375;0.212158203125;1.2861328125;;;;;;;;;;;;;;;
78.74496459960938;-0.04638671875;0.073974609375;1.02978515625;;;;;;;;;;;;;;;
78.74832153320312;-0.039794921875;0.309326171875;1.18017578125;;;;;;;;;;;;;;;
78.751708984375;-0.20361328125;0.002685546875;0.801513671875;;;;;;;;;;;;;;;
78.75509643554688;0.03564453125;0.01318359375;0.908447265625;;;;;;;;;;;;;;;
78.7584228515625;-0.0625;0.01953125;1.0556640625;;;;;;;;;;;;;;;
78.76177978515625;-0.163330078125;-0.0478515625;1.043212890625;;;;;;;;;;;;;;;
78.76513671875;0.053955078125;0.14111328125;1.224609375;;;;;;;;;;;;;;;
78.76852416992188;-0.220947265625;0.026611328125;0.827392578125;;;;;;;;;;;;;;;
78.77188110351562;0.10205078125;0.365478515625;0.990478515625;;;;;;;;;;;;;;;
78.7752685546875;-0.170654296875;0.02392578125;0.91943359375;;;;;;;;;;;;;;;
78.77865600585938;0.096435546875;0.060791015625;1.14013671875;;;;;;;;;;;;;;;
78.78207397460938;-0.206298828125;0.02978515625;1.064697265625;;;;;;;;;;;;;;;
78.78543090820312;0.024658203125;-0.118408203125;0.79736328125;;;;;;;;;;;;;;;
78.78872680664062;0.14208984375;0.28271484375;1.1240234375;;;;;;;;;;;;;;;
78.7921142578125;-0.073974609375;-0.044921875;0.96337890625;;;;;;;;;;;;;;;
78.7955322265625;0.00537109375;0.29833984375;1.2607421875;;;;;;;;;;;;;;;
78.79891967773438;-0.278076171875;-0.072509765625;0.931884765625;;;;;;;;;;;;;;;
78.80224609375;0.06591796875;0.302001953125;0.88671875;;;;;;;;;;;;;;;
78.80560302734375;-0.106689453125;0.059326171875;0.89501953125;;;;;;;;;;;;;;;
78.80889892578125;0.176025390625;0.032958984375;0.923583984375;;;;;;;;;;;;;;;
78.81234741210938;0.439208984375;0.15869140625;1.360107421875;;;;;;;;;;;;;;;
78.81582641601562;-0.19775390625;0.080078125;0.964111328125;;;;;;;;;;;;;;;
78.8192138671875;-0.1396484375;0.3330078125;0.9833984375;;;;;;;;;;;;;;;
78.82260131835938;-0.3173828125;-0.092041015625;0.77294921875;;;;;;;;;;;;;;;
78.8260498046875;0.112548828125;0.033203125;1.088134765625;;;;;;;;;;;;;;;
78.82940673828125;-0.08056640625;-0.11669921875;1.186279296875;;;;;;;;;;;;;;;
78.83270263671875;-0.09326171875;0.1474609375;0.9794921875;;;;;;;;;;;;;;;
78.83612060546875;0.129150390625;0.18212890625;1.0419921875;;;;;;;;;;;;;;;
78.8394775390625;-0.189453125;0.217041015625;0.82177734375;;;;;;;;;;;;;;;
78.84292602539062;0.081787109375;0.172119140625;1.16357421875;;;;;;;;;;;;;;;
78.84625244140625;-0.126953125;0.011962890625;0.99658203125;;;;;;;;;;;;;;;
78.84970092773438;-0.0048828125;0.1865234375;1.0693359375;;;;;;;;;;;;;;;
78.85302734375;-0.218994140625;-0.07373046875;0.8701171875;;;;;;;;;;;;;;;
78.85647583007812;0.15625;-0.044189453125;0.921630859375;;;;;;;;;;;;;;;
78.85989379882812;0.326416015625;0.209716796875;1.24169921875;;;;;;;;;;;;;;;
78.86331176757812;-0.018310546875;0.00634765625;1.06201171875;;;;;;;;;;;;;;;
78.86669921875;-0.206298828125;0.41259765625;1.218505859375;;;;;;;;;;;;;;;
78.87008666992188;-0.347412109375;-0.16552734375;0.766845703125;;;;;;;;;;;;;;;
78.87347412109375;0.103515625;0.395751953125;0.943359375;;;;;;;;;;;;;;;
78.87689208984375;-0.169189453125;-0.044677734375;0.96728515625;;;;;;;;;;;;;;;
78.8802490234375;-0.08984375;0.03125;1.11376953125;;;;;;;;;;;;;;;
78.883544921875;-0.146484375;0.11767578125;1.16455078125;;;;;;;;;;;;;;;
78.886962890625;-0.079345703125;-0.04443359375;0.881103515625;;;;;;;;;;;;;;;
78.890380859375;-0.051513671875;0.299072265625;0.99951171875;;;;;;;;;;;;;;;
78.89382934570312;-0.1171875;0.010986328125;0.917724609375;;;;;;;;;;;;;;;
78.89715576171875;-0.02099609375;0.1708984375;1.1767578125;;;;;;;;;;;;;;;
78.90060424804688;-0.210205078125;-0.009521484375;1.02197265625;;;;;;;;;;;;;;;
78.904052734375;0.099365234375;-0.059814453125;0.939208984375;;;;;;;;;;;;;;;
78.907470703125;-0.16845703125;0.249267578125;1.055419921875;;;;;;;;;;;;;;;
78.91079711914062;-0.013916015625;0.00732421875;0.99072265625;;;;;;;;;;;;;;;
78.91415405273438;-0.15771484375;0.34521484375;1.22021484375;;;;;;;;;;;;;;;
78.91748046875;-0.032470703125;-0.21923828125;0.9287109375;;;;;;;;;;;;;;;
78.9208984375;0.0341796875;0.281982421875;0.95458984375;;;;;;;;;;;;;;;
78.92425537109375;-0.222900390625;0.041015625;0.7646484375;;;;;;;;;;;;;;;
78.92764282226562;0.204833984375;0.13525390625;1.005126953125;;;;;;;;;;;;;;;
78.93109130859375;-0.01806640625;0.19482421875;1.226318359375;;;;;;;;;;;;;;;
78.93447875976562;-0.01953125;-0.030029296875;1.0908203125;;;;;;;;;;;;;;;
78.93783569335938;-0.266845703125;0.1513671875;1.02734375;;;;;;;;;;;;;;;
78.94119262695312;-0.2392578125;-0.222412109375;0.7587890625;;;;;;;;;;;;;;;
78.944580078125;0.0087890625;0.155517578125;1.0810546875;;;;;;;;;;;;;;;
78.94805908203125;-0.044921875;0.04833984375;1.11376953125;;;;;;;;;;;;;;;
78.95138549804688;0.076904296875;0.2646484375;1.117919921875;;;;;;;;;;;;;;;
78.95480346679688;-0.270263671875;0.254638671875;0.955322265625;;;;;;;;;;;;;;;
78.95822143554688;-0.0234375;0.0107421875;0.83349609375;;;;;;;;;;;;;;;
78.96163940429688;-0.098876953125;0.079345703125;1.109130859375;;;;;;;;;;;;;;;
78.96499633789062;0.0634765625;-0.205078125;1.06201171875;;;;;;;;;;;;;;;
78.96841430664062;-0.096435546875;0.3359375;1.1201171875;;;;;;;;;;;;;;;
78.97171020507812;-0.235107421875;0.011474609375;0.81787109375;;;;;;;;;;;;;;;
78.97512817382812;0.134765625;0.214599609375;0.98828125;;;;;;;;;;;;;;;
78.978515625;-0.176513671875;0.195556640625;1.142333984375;;;;;;;;;;;;;;;
78.98187255859375;0.004638671875;-0.144287109375;1.0888671875;;;;;;;;;;;;;;;
78.98526000976562;-0.11865234375;0.212890625;1.16064453125;;;;;;;;;;;;;;;
78.98861694335938;-0.23583984375;-0.226318359375;0.77197265625;;;;;;;;;;;;;;;
78.991943359375;0.070068359375;0.403564453125;0.95263671875;;;;;;;;;;;;;;;
78.995361328125;-0.198974609375;0.06982421875;0.86865234375;;;;;;;;;;;;;;;
78.998779296875;0.03466796875;0.18798828125;1.16162109375;;;;;;;;;;;;;;;
79.00222778320312;-0.20458984375;0.0126953125;1.124755859375;;;;;;;;;;;;;;;
79.00558471679688;0.04248046875;-0.126953125;0.915283203125;;;;;;;;;;;;;;;
79.00888061523438;-0.0576171875;0.160400390625;0.98779296875;;;;;;;;;;;;;;;
79.01223754882812;-0.03271484375;-0.106201171875;0.8896484375;;;;;;;;;;;;;;;
79.01559448242188;0.0546875;0.317138671875;1.200927734375;;;;;;;;;;;;;;;
79.01895141601562;-0.20849609375;0.023193359375;0.976318359375;;;;;;;;;;;;;;;
79.02236938476562;0.238037109375;0.132568359375;1.0517578125;;;;;;;;;;;;;;;
79.02569580078125;-0.372314453125;0.164794921875;0.890869140625;;;;;;;;;;;;;;;
79.02908325195312;-0.187255859375;-0.03564453125;0.949462890625;;;;;;;;;;;;;;;
79.032470703125;-0.09130859375;0.05419921875;1.2041015625;;;;;;;;;;;;;;;
79.03579711914062;0.077880859375;-0.267822265625;1.045654296875;;;;;;;;;;;;;;;
79.0391845703125;0.133056640625;0.389404296875;0.98388671875;;;;;;;;;;;;;;;
79.04254150390625;-0.17626953125;0.16650390625;0.755859375;;;;;;;;;;;;;;;
79.04595947265625;0.141357421875;0.3896484375;1.19091796875;;;;;;;;;;;;;;;
79.04934692382812;-0.008544921875;0.00732421875;1.277099609375;;;;;;;;;;;;;;;
79.05270385742188;-0.2666015625;-0.15087890625;1.050537109375;;;;;;;;;;;;;;;
79.05609130859375;-0.1640625;-0.013916015625;1.05029296875;;;;;;;;;;;;;;;
79.05953979492188;-0.169189453125;-0.151611328125;0.758056640625;;;;;;;;;;;;;;;
79.0628662109375;0.04638671875;0.332763671875;1.077880859375;;;;;;;;;;;;;;;
79.06622314453125;-0.173828125;-0.029296875;1.06396484375;;;;;;;;;;;;;;;
79.06973266601562;0.0869140625;0.4033203125;1.16357421875;;;;;;;;;;;;;;;
79.0731201171875;-0.1201171875;0.213623046875;0.986328125;;;;;;;;;;;;;;;
79.07644653320312;-0.03466796875;0.0732421875;0.831298828125;;;;;;;;;;;;;;;
79.07980346679688;-0.04638671875;-0.059326171875;1.098876953125;;;;;;;;;;;;;;;
79.0831298828125;0.068603515625;-0.35791015625;1.04541015625;;;;;;;;;;;;;;;
79.0865478515625;-0.155029296875;0.32763671875;1.17626953125;;;;;;;;;;;;;;;
79.08987426757812;-0.2841796875;-0.133056640625;0.79052734375;;;;;;;;;;;;;;;
79.09332275390625;0.1806640625;0.35107421875;1.0400390625;;;;;;;;;;;;;;;
79.0968017578125;-0.284912109375;0.176513671875;1.1201171875;;;;;;;;;;;;;;;
79.10028076171875;-0.0849609375;0.058349609375;1.11669921875;;;;;;;;;;;;;;;
79.103759765625;-0.2265625;0.017333984375;1.133544921875;;;;;;;;;;;;;;;
79.10708618164062;0.0771484375;-0.2998046875;0.817138671875;;;;;;;;;;;;;;;
79.1104736328125;-0.01708984375;0.271484375;0.977783203125;;;;;;;;;;;;;;;
79.1138916015625;-0.17236328125;-0.048583984375;0.8291015625;;;;;;;;;;;;;;;
79.11721801757812;0.061279296875;0.306640625;1.213623046875;;;;;;;;;;;;;;;
79.12060546875;-0.12451171875;0.04052734375;1.10302734375;;;;;;;;;;;;;;;
79.12399291992188;0.05126953125;0.101318359375;1.021484375;;;;;;;;;;;;;;;
79.12738037109375;-0.160888671875;-0.06103515625;0.992431640625;;;;;;;;;;;;;;;
79.130859375;0.0146484375;0.00732421875;0.902099609375;;;;;;;;;;;;;;;
79.13430786132812;-0.023193359375;0.164794921875;1.17919921875;;;;;;;;;;;;;;;
79.1376953125;-0.1611328125;-0.151611328125;0.9619140625;;;;;;;;;;;;;;;
79.14111328125;0.126953125;0.33349609375;1.107421875;;;;;;;;;;;;;;;
79.14443969726562;-0.288330078125;0.1630859375;0.840087890625;;;;;;;;;;;;;;;
79.14785766601562;-0.05029296875;0.167724609375;0.968017578125;;;;;;;;;;;;;;;
79.15133666992188;-0.0673828125;-0.101318359375;1.140625;;;;;;;;;;;;;;;
79.1546630859375;0.0986328125;-0.318359375;1.083740234375;;;;;;;;;;;;;;;
79.15802001953125;-0.05224609375;0.231201171875;1.01171875;;;;;;;;;;;;;;;
79.161376953125;-0.118896484375;-0.04443359375;0.7509765625;;;;;;;;;;;;;;;
79.16473388671875;-0.0625;0.39599609375;1.135498046875;;;;;;;;;;;;;;;
79.16815185546875;-0.113525390625;-0.00927734375;1.1435546875;;;;;;;;;;;;;;;
79.1715087890625;0.016357421875;-0.079833984375;1.182861328125;;;;;;;;;;;;;;;
79.17486572265625;-0.199951171875;-0.110107421875;0.91015625;;;;;;;;;;;;;;;
79.17831420898438;-0.010986328125;0.019287109375;0.81787109375;;;;;;;;;;;;;;;
79.18173217773438;-0.074951171875;0.2978515625;1.01806640625;;;;;;;;;;;;;;;
79.18515014648438;-0.02978515625;-0.0390625;0.9921875;;;;;;;;;;;;;;;
79.18856811523438;0.079345703125;0.3046875;1.25830078125;;;;;;;;;;;;;;;
79.19192504882812;-0.2783203125;0.141845703125;0.926025390625;;;;;;;;;;;;;;;
79.19534301757812;0.112060546875;0.01611328125;0.877685546875;;;;;;;;;;;;;;;
79.19869995117188;-0.100341796875;0.069091796875;0.98681640625;;;;;;;;;;;;;;;
79.20211791992188;0.159912109375;-0.404052734375;1.09716796875;;;;;;;;;;;;;;;
79.20550537109375;-0.12353515625;0.30810546875;1.1572265625;;;;;;;;;;;;;;;
79.2088623046875;-0.115966796875;-0.14697265625;0.83740234375;;;;;;;;;;;;;;;
79.2122802734375;-0.071044921875;0.397705078125;1.05810546875;;;;;;;;;;;;;;;
79.21566772460938;-0.453125;0.064697265625;0.981201171875;;;;;;;;;;;;;;;
79.21908569335938;0.039306640625;0.035400390625;1.15234375;;;;;;;;;;;;;;;
79.22244262695312;-0.158935546875;0.044921875;1.059814453125;;;;;;;;;;;;;;;
79.225830078125;0.263916015625;-0.14599609375;0.884765625;;;;;;;;;;;;;;;
79.229248046875;-0.156982421875;0.19482421875;0.953369140625;;;;;;;;;;;;;;;
79.232666015625;-0.1953125;-0.06640625;0.82470703125;;;;;;;;;;;;;;;
79.23599243164062;0.03173828125;0.22412109375;1.275146484375;;;;;;;;;;;;;;;
79.23928833007812;-0.421875;-0.117431640625;1.09326171875;;;;;;;;;;;;;;;
79.24270629882812;0.0986328125;0.015625;1.07763671875;;;;;;;;;;;;;;;
79.24606323242188;-0.251953125;0.127685546875;0.94384765625;;;;;;;;;;;;;;;
79.24942016601562;-0.006103515625;0.188232421875;0.907958984375;;;;;;;;;;;;;;;
79.2528076171875;-0.045166015625;0.189453125;1.112548828125;;;;;;;;;;;;;;;
79.25613403320312;0.10400390625;-0.2763671875;1.01220703125;;;;;;;;;;;;;;;
79.25958251953125;0.057373046875;0.19677734375;1.14990234375;;;;;;;;;;;;;;;
79.26287841796875;-0.55224609375;-0.01220703125;0.744384765625;;;;;;;;;;;;;;;
79.26626586914062;0.318359375;0.27099609375;0.993408203125;;;;;;;;;;;;;;;
79.26962280273438;-0.102783203125;0.1103515625;1.041748046875;;;;;;;;;;;;;;;
79.27304077148438;0.212158203125;-0.034912109375;1.175537109375;;;;;;;;;;;;;;;
79.27658081054688;-0.18115234375;0.0732421875;1.07080078125;;;;;;;;;;;;;;;
79.2799072265625;-0.282470703125;-0.13330078125;0.735107421875;;;;;;;;;;;;;;;
79.28323364257812;0.07958984375;0.273681640625;1.08203125;;;;;;;;;;;;;;;
79.28671264648438;-0.3994140625;-0.075439453125;1.045166015625;;;;;;;;;;;;;;;
79.29006958007812;0.250244140625;0.1630859375;1.22998046875;;;;;;;;;;;;;;;
79.29339599609375;-0.278076171875;0.093994140625;0.87451171875;;;;;;;;;;;;;;;
79.29678344726562;-0.01904296875;0.2236328125;0.8056640625;;;;;;;;;;;;;;;
79.3001708984375;-0.128662109375;0.17138671875;0.978515625;;;;;;;;;;;;;;;
79.30355834960938;-0.015380859375;-0.19970703125;0.99853515625;;;;;;;;;;;;;;;
79.3070068359375;0.052978515625;0.07470703125;1.291015625;;;;;;;;;;;;;;;
79.31036376953125;-0.38330078125;-0.109130859375;0.8916015625;;;;;;;;;;;;;;;
79.31375122070312;0.30859375;0.095458984375;1.07470703125;;;;;;;;;;;;;;;
79.317138671875;-0.210205078125;0.30126953125;0.90185546875;;;;;;;;;;;;;;;
79.320556640625;0.16845703125;-0.103515625;1.082275390625;;;;;;;;;;;;;;;
79.32400512695312;-0.140380859375;0.22314453125;1.07421875;;;;;;;;;;;;;;;
79.327392578125;-0.0546875;-0.1533203125;0.888671875;;;;;;;;;;;;;;;
79.33074951171875;-0.1083984375;0.335205078125;1.019287109375;;;;;;;;;;;;;;;
79.33413696289062;-0.216552734375;-0.066162109375;0.8681640625;;;;;;;;;;;;;;;
79.33749389648438;0.41162109375;0.070556640625;1.23681640625;;;;;;;;;;;;;;;
79.34085083007812;-0.168212890625;-0.02490234375;0.975830078125;;;;;;;;;;;;;;;
79.34423828125;0.310302734375;0.176025390625;0.8935546875;;;;;;;;;;;;;;;
79.34762573242188;0.009521484375;0.1357421875;0.906494140625;;;;;;;;;;;;;;;
79.35110473632812;0.0029296875;-0.002685546875;0.8642578125;;;;;;;;;;;;;;;
79.35446166992188;0.013671875;0.1494140625;1.260009765625;;;;;;;;;;;;;;;
79.35775756835938;-0.387939453125;-0.223876953125;1.07421875;;;;;;;;;;;;;;;
79.361083984375;0.08935546875;-0.011474609375;1.136962890625;;;;;;;;;;;;;;;
79.36444091796875;-0.138671875;0.09716796875;0.82470703125;;;;;;;;;;;;;;;
79.36782836914062;0.158203125;0.460693359375;0.8994140625;;;;;;;;;;;;;;;
79.37118530273438;0.046630859375;0.16064453125;1.042236328125;;;;;;;;;;;;;;;
79.37454223632812;0.05517578125;-0.099853515625;1.071533203125;;;;;;;;;;;;;;;
79.37789916992188;-0.152587890625;0.04443359375;1.108642578125;;;;;;;;;;;;;;;
79.38131713867188;-0.274658203125;-0.09619140625;0.768310546875;;;;;;;;;;;;;;;
79.38467407226562;0.172607421875;0.218994140625;1.01806640625;;;;;;;;;;;;;;;
79.3880615234375;0.072265625;0.1162109375;1.025390625;;;;;;;;;;;;;;;
79.39141845703125;0.050048828125;0.194091796875;1.179931640625;;;;;;;;;;;;;;;
79.39474487304688;-0.280029296875;0.109375;1.015625;;;;;;;;;;;;;;;
79.39822387695312;-0.120361328125;-0.029052734375;0.8173828125;;;;;;;;;;;;;;;
79.40158081054688;-0.0224609375;0.2158203125;0.99560546875;;;;;;;;;;;;;;;
79.40496826171875;-0.072265625;-0.127685546875;1.042236328125;;;;;;;;;;;;;;;
79.40829467773438;0.059814453125;0.173095703125;1.25634765625;;;;;;;;;;;;;;;
79.41165161132812;-0.1357421875;0.061767578125;0.963134765625;;;;;;;;;;;;;;;
79.4150390625;0.0078125;0.368408203125;0.873779296875;;;;;;;;;;;;;;;
79.41845703125;-0.131103515625;0.114990234375;0.875;;;;;;;;;;;;;;;
79.42184448242188;0.10791015625;-0.212646484375;1.05419921875;;;;;;;;;;;;;;;
79.42523193359375;-0.03857421875;0.125;1.255126953125;;;;;;;;;;;;;;;
79.42861938476562;-0.104736328125;-0.160400390625;0.96142578125;;;;;;;;;;;;;;;
79.4320068359375;-0.062744140625;0.209228515625;1.03662109375;;;;;;;;;;;;;;;
79.43533325195312;-0.1181640625;0.166748046875;0.8544921875;;;;;;;;;;;;;;;
79.43869018554688;0.07958984375;0.173828125;1.104736328125;;;;;;;;;;;;;;;
79.442138671875;-0.133544921875;0.154541015625;1.030029296875;;;;;;;;;;;;;;;
79.44549560546875;0.02099609375;-0.107177734375;0.972412109375;;;;;;;;;;;;;;;
79.4488525390625;-0.18798828125;0.193115234375;0.976806640625;;;;;;;;;;;;;;;
79.45220947265625;-0.049072265625;-0.043701171875;0.833251953125;;;;;;;;;;;;;;;
79.45562744140625;0.185302734375;0.17529296875;1.226318359375;;;;;;;;;;;;;;;
79.45907592773438;0.05029296875;0.001953125;1.06787109375;;;;;;;;;;;;;;;
79.46246337890625;-0.023681640625;0.342529296875;1.002685546875;;;;;;;;;;;;;;;
79.46585083007812;-0.137451171875;0.11669921875;0.85546875;;;;;;;;;;;;;;;
79.46923828125;-0.033935546875;-0.063720703125;0.87255859375;;;;;;;;;;;;;;;
79.47265625;-0.059326171875;0.092041015625;1.24951171875;;;;;;;;;;;;;;;
79.47607421875;-0.101806640625;-0.177978515625;1.072509765625;;;;;;;;;;;;;;;
79.47943115234375;-0.056396484375;0.13623046875;1.196044921875;;;;;;;;;;;;;;;
79.48275756835938;-0.128662109375;-0.013916015625;0.813720703125;;;;;;;;;;;;;;;
79.48614501953125;0.067626953125;0.496337890625;0.938232421875;;;;;;;;;;;;;;;
79.48947143554688;-0.06396484375;0.129638671875;0.947265625;;;;;;;;;;;;;;;
79.49282836914062;0.088623046875;0.0068359375;1.09033203125;;;;;;;;;;;;;;;
79.49627685546875;-0.170166015625;0.02685546875;1.116943359375;;;;;;;;;;;;;;;
79.49969482421875;-0.11572265625;-0.18359375;0.775146484375;;;;;;;;;;;;;;;
79.5030517578125;0.151611328125;0.228515625;1.103759765625;;;;;;;;;;;;;;;
79.50640869140625;-0.056640625;0.00537109375;0.977294921875;;;;;;;;;;;;;;;
79.509765625;0.068359375;0.275634765625;1.231689453125;;;;;;;;;;;;;;;
79.51315307617188;-0.294677734375;0.005126953125;0.98291015625;;;;;;;;;;;;;;;
79.51657104492188;0.050537109375;0.21875;0.856689453125;;;;;;;;;;;;;;;
79.51992797851562;-0.121337890625;0.132080078125;0.924072265625;;;;;;;;;;;;;;;
79.52334594726562;0.10205078125;-0.044921875;0.920166015625;;;;;;;;;;;;;;;
79.52676391601562;0.35400390625;0.14453125;1.3486328125;;;;;;;;;;;;;;;
79.53021240234375;-0.156494140625;0.13623046875;0.96728515625;;;;;;;;;;;;;;;
79.53359985351562;-0.076416015625;0.251953125;0.9462890625;;;;;;;;;;;;;;;
79.53692626953125;-0.3154296875;-0.060302734375;0.801025390625;;;;;;;;;;;;;;;
79.540283203125;0.189453125;-0.132568359375;1.0419921875;;;;;;;;;;;;;;;
79.54364013671875;0.010009765625;0.0498046875;1.19873046875;;;;;;;;;;;;;;;
79.5469970703125;-0.11767578125;0.078125;0.982177734375;;;;;;;;;;;;;;;
79.55038452148438;0.023681640625;0.239501953125;1.073486328125;;;;;;;;;;;;;;;
79.5537109375;-0.245849609375;0.1650390625;0.827880859375;;;;;;;;;;;;;;;
79.55712890625;0.06591796875;0.087646484375;1.134765625;;;;;;;;;;;;;;;
79.560546875;-0.146240234375;-0.038330078125;0.958251953125;;;;;;;;;;;;;;;
79.56387329101562;0.12109375;0.0673828125;1.064453125;;;;;;;;;;;;;;;
79.5672607421875;-0.278076171875;0.0390625;0.8623046875;;;;;;;;;;;;;;;
79.5706787109375;0.1748046875;0.0224609375;0.880859375;;;;;;;;;;;;;;;
79.57403564453125;0.453857421875;0.28076171875;1.276611328125;;;;;;;;;;;;;;;
79.57745361328125;-0.09912109375;0.17529296875;1.039794921875;;;;;;;;;;;;;;;
79.58084106445312;-0.115478515625;0.2578125;1.193115234375;;;;;;;;;;;;;;;
79.58416748046875;-0.314697265625;-0.11328125;0.78173828125;;;;;;;;;;;;;;;
79.5875244140625;0.210693359375;0.023681640625;0.950439453125;;;;;;;;;;;;;;;
79.59085083007812;-0.147216796875;0.005859375;0.994384765625;;;;;;;;;;;;;;;
79.59417724609375;-0.25732421875;-0.010986328125;1.072509765625;;;;;;;;;;;;;;;
79.59756469726562;-0.047119140625;0.137939453125;1.19091796875;;;;;;;;;;;;;;;
79.60092163085938;-0.13232421875;0.03173828125;0.789306640625;;;;;;;;;;;;;;;
79.60440063476562;0.09912109375;0.31103515625;1.0;;;;;;;;;;;;;;;
79.60772705078125;-0.150146484375;0.033935546875;0.90234375;;;;;;;;;;;;;;;
79.61105346679688;0.08984375;0.10205078125;1.150146484375;;;;;;;;;;;;;;;
79.61444091796875;-0.18212890625;0.031494140625;1.055908203125;;;;;;;;;;;;;;;
79.61788940429688;-0.015869140625;-0.12158203125;0.885498046875;;;;;;;;;;;;;;;
79.62124633789062;0.0439453125;0.162353515625;1.061767578125;;;;;;;;;;;;;;;
79.62469482421875;-0.00732421875;-0.0302734375;0.96142578125;;;;;;;;;;;;;;;
79.62808227539062;0.00048828125;0.24072265625;1.23193359375;;;;;;;;;;;;;;;
79.6314697265625;-0.176025390625;-0.00146484375;0.976806640625;;;;;;;;;;;;;;;
79.63497924804688;0.038330078125;0.32958984375;0.929443359375;;;;;;;;;;;;;;;
79.63833618164062;-0.172119140625;0.1650390625;0.82666015625;;;;;;;;;;;;;;;
79.64181518554688;0.115234375;0.00537109375;0.997802734375;;;;;;;;;;;;;;;
79.6451416015625;0.049072265625;0.0537109375;1.26513671875;;;;;;;;;;;;;;;
79.64852905273438;-0.039794921875;-0.112060546875;1.0390625;;;;;;;;;;;;;;;
79.65185546875;-0.13427734375;0.249267578125;0.9794921875;;;;;;;;;;;;;;;
79.65524291992188;-0.226318359375;-0.085693359375;0.7734375;;;;;;;;;;;;;;;
79.6585693359375;0.076904296875;0.1171875;1.076171875;;;;;;;;;;;;;;;
79.66195678710938;-0.13818359375;0.035400390625;1.160888671875;;;;;;;;;;;;;;;
79.66531372070312;-0.009765625;0.1123046875;1.07421875;;;;;;;;;;;;;;;
79.668701171875;-0.142333984375;0.194091796875;1.012451171875;;;;;;;;;;;;;;;
79.67208862304688;-0.094970703125;0.01708984375;0.840576171875;;;;;;;;;;;;;;;
79.675537109375;-0.00537109375;0.095458984375;1.134033203125;;;;;;;;;;;;;;;
79.67892456054688;-0.016845703125;-0.14697265625;1.022216796875;;;;;;;;;;;;;;;
79.68228149414062;0.119140625;0.266845703125;1.114013671875;;;;;;;;;;;;;;;
79.68563842773438;-0.229248046875;0.031982421875;0.85546875;;;;;;;;;;;;;;;
79.68905639648438;0.0947265625;0.104736328125;0.96435546875;;;;;;;;;;;;;;;
79.69241333007812;-0.009521484375;0.250732421875;1.18017578125;;;;;;;;;;;;;;;
79.69583129882812;-0.01904296875;-0.110595703125;1.087158203125;;;;;;;;;;;;;;;
79.69918823242188;-0.189697265625;0.259033203125;1.1884765625;;;;;;;;;;;;;;;
79.70266723632812;-0.288330078125;-0.267822265625;0.769775390625;;;;;;;;;;;;;;;
79.70608520507812;0.114501953125;0.142822265625;0.96435546875;;;;;;;;;;;;;;;
79.70941162109375;-0.209716796875;0.028564453125;0.8916015625;;;;;;;;;;;;;;;
79.71273803710938;-0.01611328125;0.13427734375;1.12353515625;;;;;;;;;;;;;;;
79.71615600585938;-0.158935546875;0.164794921875;1.157470703125;;;;;;;;;;;;;;;
79.71951293945312;-0.07958984375;-0.028564453125;0.904052734375;;;;;;;;;;;;;;;
79.72286987304688;-0.009521484375;0.210205078125;0.992919921875;;;;;;;;;;;;;;;
79.72625732421875;-0.152099609375;0.029296875;0.87841796875;;;;;;;;;;;;;;;
79.72964477539062;0.038818359375;0.1943359375;1.18408203125;;;;;;;;;;;;;;;
79.73312377929688;-0.165771484375;-0.0380859375;1.040771484375;;;;;;;;;;;;;;;
79.73648071289062;0.158935546875;-0.054931640625;0.962646484375;;;;;;;;;;;;;;;
79.7398681640625;-0.1826171875;0.234375;1.05322265625;;;;;;;;;;;;;;;
79.74319458007812;-0.150146484375;0.0244140625;0.955810546875;;;;;;;;;;;;;;;
79.74658203125;-0.050048828125;0.1962890625;1.20849609375;;;;;;;;;;;;;;;
79.75003051757812;0.001220703125;-0.15234375;0.92529296875;;;;;;;;;;;;;;;
79.75341796875;0.125244140625;0.33740234375;0.981201171875;;;;;;;;;;;;;;;
79.7568359375;-0.22509765625;0.164794921875;0.766357421875;;;;;;;;;;;;;;;
79.76022338867188;0.2197265625;0.1787109375;0.99365234375;;;;;;;;;;;;;;;
79.76358032226562;0.10302734375;0.044921875;1.262451171875;;;;;;;;;;;;;;;
79.76693725585938;-0.16259765625;-0.169677734375;1.048583984375;;;;;;;;;;;;;;;
79.77029418945312;-0.1572265625;0.073486328125;1.041015625;;;;;;;;;;;;;;;
79.773681640625;-0.25;-0.087158203125;0.74951171875;;;;;;;;;;;;;;;
79.77706909179688;0.042724609375;0.353271484375;1.076904296875;;;;;;;;;;;;;;;
79.78048706054688;-0.12158203125;0.040771484375;1.08740234375;;;;;;;;;;;;;;;
79.78387451171875;0.129150390625;0.221435546875;1.140625;;;;;;;;;;;;;;;
79.7872314453125;-0.136962890625;0.170654296875;1.004638671875;;;;;;;;;;;;;;;
79.79061889648438;-0.0791015625;-0.0693359375;0.819091796875;;;;;;;;;;;;;;;
79.79391479492188;-0.025146484375;0.078125;1.11376953125;;;;;;;;;;;;;;;
79.79733276367188;-0.001708984375;-0.20263671875;1.0390625;;;;;;;;;;;;;;;
79.8006591796875;-0.145263671875;0.382568359375;1.14306640625;;;;;;;;;;;;;;;
79.8040771484375;-0.244140625;-0.080078125;0.82470703125;;;;;;;;;;;;;;;
79.80743408203125;0.225341796875;0.2734375;1.041015625;;;;;;;;;;;;;;;
79.810791015625;0.09375;0.196044921875;1.19091796875;;;;;;;;;;;;;;;
79.81414794921875;-0.190673828125;-0.111083984375;1.071533203125;;;;;;;;;;;;;;;
79.81753540039062;-0.230712890625;0.074462890625;1.18701171875;;;;;;;;;;;;;;;
79.8209228515625;-0.263916015625;-0.35546875;0.771484375;;;;;;;;;;;;;;;
79.82437133789062;0.051513671875;0.364501953125;0.978271484375;;;;;;;;;;;;;;;
79.82766723632812;-0.33984375;0.019775390625;0.84521484375;;;;;;;;;;;;;;;
79.83099365234375;-0.0029296875;0.35986328125;1.114013671875;;;;;;;;;;;;;;;
79.83444213867188;0.110107421875;0.19970703125;1.211669921875;;;;;;;;;;;;;;;
79.83782958984375;-0.078369140625;-0.00830078125;0.966064453125;;;;;;;;;;;;;;;
79.84115600585938;-0.034912109375;0.033447265625;1.01806640625;;;;;;;;;;;;;;;
79.84451293945312;-0.159423828125;-0.140869140625;0.86376953125;;;;;;;;;;;;;;;
79.84780883789062;-0.019287109375;0.19970703125;1.17724609375;;;;;;;;;;;;;;;
79.8511962890625;-0.2216796875;-0.103271484375;0.978271484375;;;;;;;;;;;;;;;
79.8546142578125;0.225341796875;0.12353515625;1.059814453125;;;;;;;;;;;;;;;
79.85797119140625;-0.244140625;0.219482421875;0.9296875;;;;;;;;;;;;;;;
79.86135864257812;-0.1923828125;0.175537109375;0.942626953125;;;;;;;;;;;;;;;
79.86477661132812;-0.099365234375;0.116455078125;1.200439453125;;;;;;;;;;;;;;;
79.86813354492188;0.09912109375;-0.35791015625;0.93310546875;;;;;;;;;;;;;;;
79.87164306640625;0.126708984375;0.244384765625;1.030517578125;;;;;;;;;;;;;;;
79.87509155273438;-0.263916015625;-0.01708984375;0.740966796875;;;;;;;;;;;;;;;
79.87847900390625;0.052734375;0.3359375;1.040283203125;;;;;;;;;;;;;;;
79.8818359375;0.048828125;0.064453125;1.18212890625;;;;;;;;;;;;;;;
79.88522338867188;-0.027099609375;-0.045166015625;1.131591796875;;;;;;;;;;;;;;;
79.888671875;-0.21728515625;0.002685546875;1.060546875;;;;;;;;;;;;;;;
79.89202880859375;-0.146728515625;-0.122314453125;0.791015625;;;;;;;;;;;;;;;
79.89532470703125;-0.082275390625;0.36572265625;1.044677734375;;;;;;;;;;;;;;;
79.898681640625;-0.13330078125;-0.077392578125;1.046630859375;;;;;;;;;;;;;;;
79.90203857421875;0.0283203125;0.26953125;1.218017578125;;;;;;;;;;;;;;;
79.90545654296875;-0.1318359375;0.065673828125;0.95654296875;;;;;;;;;;;;;;;
79.90884399414062;0.042236328125;0.061767578125;0.84619140625;;;;;;;;;;;;;;;
79.91217041015625;-0.119384765625;0.086181640625;1.03515625;;;;;;;;;;;;;;;
79.91552734375;0.080810546875;-0.36767578125;1.0771484375;;;;;;;;;;;;;;;
79.91888427734375;-0.1279296875;0.407958984375;1.166259765625;;;;;;;;;;;;;;;
79.92227172851562;-0.245849609375;-0.18603515625;0.809326171875;;;;;;;;;;;;;;;
79.92562866210938;0.06005859375;0.310546875;1.0439453125;;;;;;;;;;;;;;;
79.92901611328125;-0.329833984375;0.06494140625;1.033203125;;;;;;;;;;;;;;;
79.93243408203125;0.06591796875;0.013427734375;1.12353515625;;;;;;;;;;;;;;;
79.93588256835938;-0.1953125;0.024658203125;1.10791015625;;;;;;;;;;;;;;;
79.93927001953125;0.125;-0.219970703125;0.85888671875;;;;;;;;;;;;;;;
79.94268798828125;-0.178955078125;0.323486328125;0.97607421875;;;;;;;;;;;;;;;
79.94607543945312;-0.32275390625;0.051513671875;0.76416015625;;;;;;;;;;;;;;;
79.94943237304688;0.1240234375;0.27734375;1.2294921875;;;;;;;;;;;;;;;
79.95285034179688;-0.14208984375;-0.0791015625;1.107666015625;;;;;;;;;;;;;;;
79.95620727539062;0.159912109375;-0.06982421875;1.066162109375;;;;;;;;;;;;;;;
79.95956420898438;-0.0615234375;0.091796875;0.965576171875;;;;;;;;;;;;;;;
79.96298217773438;0.013427734375;0.119140625;0.895263671875;;;;;;;;;;;;;;;
79.96640014648438;-0.086669921875;0.307861328125;1.155517578125;;;;;;;;;;;;;;;
79.96975708007812;-0.15234375;-0.217529296875;1.004150390625;;;;;;;;;;;;;;;
79.97308349609375;0.04443359375;0.226318359375;1.141357421875;;;;;;;;;;;;;;;
79.9764404296875;-0.340576171875;0.04248046875;0.82421875;;;;;;;;;;;;;;;
79.97991943359375;-0.12353515625;0.20849609375;0.969970703125;;;;;;;;;;;;;;;
79.98333740234375;-0.039306640625;0.039794921875;1.08544921875;;;;;;;;;;;;;;;
79.98666381835938;0.228759765625;-0.133056640625;1.13623046875;;;;;;;;;;;;;;;
79.9901123046875;0.03466796875;0.14208984375;1.070556640625;;;;;;;;;;;;;;;
79.99356079101562;-0.220947265625;-0.028076171875;0.757080078125;;;;;;;;;;;;;;;
79.99697875976562;-0.0830078125;0.2705078125;1.09765625;;;;;;;;;;;;;;;
80.0003662109375;-0.072998046875;0.01904296875;1.1171875;;;;;;;;;;;;;;;
80.0037841796875;-0.03955078125;-0.00732421875;1.189697265625;;;;;;;;;;;;;;;
80.00717163085938;-0.213623046875;0.045166015625;1.031494140625;;;;;;;;;;;;;;;
80.01058959960938;-0.043212890625;0.0751953125;0.812744140625;;;;;;;;;;;;;;;
80.0140380859375;-0.099609375;0.39697265625;1.0341796875;;;;;;;;;;;;;;;
80.0174560546875;-0.084716796875;-0.194091796875;1.00244140625;;;;;;;;;;;;;;;
80.02084350585938;0.05029296875;0.175537109375;1.259765625;;;;;;;;;;;;;;;
80.024169921875;-0.169677734375;-0.05224609375;0.960205078125;;;;;;;;;;;;;;;
80.02749633789062;0.06640625;0.12939453125;0.8701171875;;;;;;;;;;;;;;;
80.03085327148438;-0.066162109375;0.190185546875;0.98388671875;;;;;;;;;;;;;;;
80.03427124023438;0.077880859375;-0.223876953125;1.0732421875;;;;;;;;;;;;;;;
80.03768920898438;-0.152099609375;0.2822265625;1.18408203125;;;;;;;;;;;;;;;
80.041015625;-0.1357421875;-0.23193359375;0.864501953125;;;;;;;;;;;;;;;
80.04437255859375;-0.01904296875;0.333740234375;1.084716796875;;;;;;;;;;;;;;;
80.0477294921875;-0.49755859375;-0.002685546875;1.009765625;;;;;;;;;;;;;;;
80.0511474609375;-0.02587890625;0.120361328125;1.11474609375;;;;;;;;;;;;;;;
80.05453491210938;-0.080078125;-0.0400390625;1.09228515625;;;;;;;;;;;;;;;
80.05792236328125;0.201171875;-0.030029296875;0.890380859375;;;;;;;;;;;;;;;
80.06137084960938;-0.099365234375;0.19384765625;0.961181640625;;;;;;;;;;;;;;;
80.06475830078125;-0.123291015625;-0.02001953125;0.82470703125;;;;;;;;;;;;;;;
80.068115234375;-0.033935546875;0.258544921875;1.23046875;;;;;;;;;;;;;;;
80.07150268554688;-0.0322265625;-0.14453125;1.1416015625;;;;;;;;;;;;;;;
80.07485961914062;-0.014892578125;0.031494140625;1.102294921875;;;;;;;;;;;;;;;
80.07818603515625;-0.187744140625;0.002685546875;0.93017578125;;;;;;;;;;;;;;;
80.08163452148438;-0.051025390625;0.27783203125;0.87890625;;;;;;;;;;;;;;;
80.08505249023438;-0.00634765625;0.19921875;1.090576171875;;;;;;;;;;;;;;;
80.08847045898438;-0.1142578125;-0.20947265625;1.01123046875;;;;;;;;;;;;;;;
80.091796875;0.061279296875;0.21728515625;1.14306640625;;;;;;;;;;;;;;;
80.09515380859375;-0.236572265625;0.031982421875;0.849609375;;;;;;;;;;;;;;;
80.0985107421875;-0.0205078125;0.278076171875;0.98779296875;;;;;;;;;;;;;;;
80.10189819335938;-0.0263671875;-0.00390625;1.055419921875;;;;;;;;;;;;;;;
80.1053466796875;0.14599609375;-0.1298828125;1.119873046875;;;;;;;;;;;;;;;
80.10885620117188;-0.10498046875;0.21484375;1.032958984375;;;;;;;;;;;;;;;
80.11236572265625;-0.1201171875;-0.118896484375;0.801025390625;;;;;;;;;;;;;;;
80.11581420898438;-0.1171875;0.364013671875;1.045654296875;;;;;;;;;;;;;;;
80.119140625;-0.12646484375;-0.095703125;1.068603515625;;;;;;;;;;;;;;;
80.12252807617188;0.109619140625;0.03369140625;1.24169921875;;;;;;;;;;;;;;;
80.12591552734375;-0.16552734375;0.01123046875;0.927734375;;;;;;;;;;;;;;;
80.12933349609375;0.02880859375;0.18310546875;0.818603515625;;;;;;;;;;;;;;;
80.13272094726562;-0.1025390625;0.35498046875;0.95654296875;;;;;;;;;;;;;;;
80.1361083984375;0.050048828125;-0.220458984375;0.99658203125;;;;;;;;;;;;;;;
80.1395263671875;0.04150390625;0.222900390625;1.260498046875;;;;;;;;;;;;;;;
80.14291381835938;-0.140380859375;-0.01953125;0.992431640625;;;;;;;;;;;;;;;
80.146240234375;0.0673828125;0.184326171875;0.915283203125;;;;;;;;;;;;;;;
80.14959716796875;-0.191650390625;0.162353515625;0.9013671875;;;;;;;;;;;;;;;
80.1529541015625;0.1455078125;-0.1630859375;1.0458984375;;;;;;;;;;;;;;;
80.15631103515625;-0.109619140625;0.271728515625;1.17236328125;;;;;;;;;;;;;;;
80.15972900390625;-0.017822265625;-0.192138671875;0.9052734375;;;;;;;;;;;;;;;
80.1630859375;-0.1201171875;0.34521484375;1.0185546875;;;;;;;;;;;;;;;
80.1663818359375;-0.20947265625;-0.01806640625;0.9248046875;;;;;;;;;;;;;;;
80.16976928710938;0.113037109375;0.18310546875;1.18212890625;;;;;;;;;;;;;;;
80.173095703125;-0.0888671875;0.022705078125;1.05712890625;;;;;;;;;;;;;;;
80.17645263671875;0.117919921875;0.10546875;0.95751953125;;;;;;;;;;;;;;;
80.17987060546875;-0.171875;0.2353515625;0.916015625;;;;;;;;;;;;;;;
80.1832275390625;-0.036376953125;-0.06201171875;0.817138671875;;;;;;;;;;;;;;;
80.1865234375;-0.0224609375;0.2490234375;1.242431640625;;;;;;;;;;;;;;;
80.18988037109375;-0.108154296875;-0.2470703125;1.107421875;;;;;;;;;;;;;;;
80.1932373046875;0.052001953125;0.05029296875;1.203857421875;;;;;;;;;;;;;;;
80.19662475585938;-0.236328125;0.10791015625;0.861083984375;;;;;;;;;;;;;;;
80.20004272460938;0.028564453125;0.3779296875;0.89794921875;;;;;;;;;;;;;;;
80.20333862304688;-0.134521484375;0.2529296875;1.009033203125;;;;;;;;;;;;;;;
80.20681762695312;0.125244140625;-0.1943359375;1.04150390625;;;;;;;;;;;;;;;
80.21011352539062;-0.1796875;0.140869140625;1.1494140625;;;;;;;;;;;;;;;
80.21343994140625;-0.265869140625;-0.119140625;0.77294921875;;;;;;;;;;;;;;;
80.21688842773438;0.193115234375;0.23583984375;1.0283203125;;;;;;;;;;;;;;;
80.22027587890625;-0.081787109375;0.1474609375;0.957763671875;;;;;;;;;;;;;;;
80.22366333007812;0.2294921875;0.080322265625;1.1982421875;;;;;;;;;;;;;;;
80.2271728515625;-0.399658203125;0.193359375;1.069580078125;;;;;;;;;;;;;;;
80.23052978515625;-0.156982421875;-0.108642578125;0.787353515625;;;;;;;;;;;;;;;
80.23397827148438;-0.056396484375;0.2421875;0.98828125;;;;;;;;;;;;;;;
80.23739624023438;-0.44677734375;-0.18359375;0.924072265625;;;;;;;;;;;;;;;
80.24075317382812;0.4892578125;0.192138671875;1.296142578125;;;;;;;;;;;;;;;
80.24411010742188;-0.178466796875;0.224853515625;0.95556640625;;;;;;;;;;;;;;;
80.24746704101562;0.152587890625;0.283203125;0.889404296875;;;;;;;;;;;;;;;
80.25088500976562;-0.36669921875;0.097900390625;0.86083984375;;;;;;;;;;;;;;;
80.25424194335938;0.163818359375;-0.256103515625;0.971923828125;;;;;;;;;;;;;;;
80.25762939453125;0.00048828125;0.078857421875;1.267578125;;;;;;;;;;;;;;;
80.26095581054688;-0.3125;-0.210693359375;0.91064453125;;;;;;;;;;;;;;;
80.26431274414062;0.359130859375;0.22412109375;1.0986328125;;;;;;;;;;;;;;;
80.2677001953125;-0.1904296875;0.310546875;0.850830078125;;;;;;;;;;;;;;;
80.27102661132812;0.2236328125;0.115234375;1.0693359375;;;;;;;;;;;;;;;
80.2744140625;-0.272216796875;0.131103515625;1.00390625;;;;;;;;;;;;;;;
80.27780151367188;0.06494140625;-0.181884765625;1.00244140625;;;;;;;;;;;;;;;
80.2811279296875;-0.276123046875;0.19775390625;0.97216796875;;;;;;;;;;;;;;;
80.28451538085938;-0.160400390625;-0.06640625;0.742431640625;;;;;;;;;;;;;;;
80.28787231445312;0.225830078125;0.27490234375;1.192138671875;;;;;;;;;;;;;;;
80.291259765625;-0.00390625;0.1796875;1.025634765625;;;;;;;;;;;;;;;
80.29470825195312;0.14453125;0.242431640625;1.04052734375;;;;;;;;;;;;;;;
80.29812622070312;-0.278564453125;0.0146484375;0.86767578125;;;;;;;;;;;;;;;
80.30145263671875;0.07080078125;-0.1591796875;0.861083984375;;;;;;;;;;;;;;;
80.30484008789062;-0.129638671875;0.121826171875;1.231689453125;;;;;;;;;;;;;;;
80.30831909179688;-0.434814453125;-0.158447265625;1.02099609375;;;;;;;;;;;;;;;
80.31167602539062;0.1103515625;0.13916015625;1.21337890625;;;;;;;;;;;;;;;
80.31500244140625;-0.14404296875;0.12158203125;0.82958984375;;;;;;;;;;;;;;;
80.31851196289062;0.15576171875;0.445068359375;0.91748046875;;;;;;;;;;;;;;;
80.3218994140625;-0.18212890625;0.153564453125;0.93359375;;;;;;;;;;;;;;;
80.3253173828125;0.228271484375;-0.125;1.07958984375;;;;;;;;;;;;;;;
80.32870483398438;-0.135498046875;0.063232421875;1.144775390625;;;;;;;;;;;;;;;
80.33203125;-0.31787109375;-0.218017578125;0.82373046875;;;;;;;;;;;;;;;
80.33535766601562;0.030517578125;0.16943359375;1.060791015625;;;;;;;;;;;;;;;
80.33871459960938;-0.126953125;0.115234375;0.948486328125;;;;;;;;;;;;;;;
80.34210205078125;0.123046875;0.23779296875;1.227294921875;;;;;;;;;;;;;;;
80.34542846679688;-0.2353515625;0.124267578125;1.033447265625;;;;;;;;;;;;;;;
80.34872436523438;0.03759765625;0.1201171875;0.8828125;;;;;;;;;;;;;;;
80.35214233398438;-0.195068359375;0.1826171875;0.918701171875;;;;;;;;;;;;;;;
80.35562133789062;-0.037109375;-0.1875;0.966552734375;;;;;;;;;;;;;;;
80.35910034179688;0.092041015625;0.106201171875;1.2783203125;;;;;;;;;;;;;;;
80.36251831054688;-0.005126953125;0.04052734375;1.00390625;;;;;;;;;;;;;;;
80.36581420898438;-0.03515625;0.382568359375;0.94384765625;;;;;;;;;;;;;;;
80.36920166015625;-0.201171875;0.0537109375;0.814453125;;;;;;;;;;;;;;;
80.37255859375;0.05517578125;-0.059814453125;1.033203125;;;;;;;;;;;;;;;
80.37594604492188;-0.0537109375;0.017333984375;1.222900390625;;;;;;;;;;;;;;;
80.3792724609375;-0.051513671875;-0.120361328125;1.026611328125;;;;;;;;;;;;;;;
80.38265991210938;-0.094970703125;0.124755859375;1.046142578125;;;;;;;;;;;;;;;
80.38604736328125;-0.080322265625;0.1484375;0.840576171875;;;;;;;;;;;;;;;
80.389404296875;0.001953125;0.321044921875;1.109130859375;;;;;;;;;;;;;;;
80.39276123046875;-0.135009765625;0.115234375;1.0205078125;;;;;;;;;;;;;;;
80.39614868164062;0.017822265625;-0.03515625;1.10693359375;;;;;;;;;;;;;;;
80.3995361328125;-0.240966796875;0.105712890625;0.92431640625;;;;;;;;;;;;;;;
80.40283203125;0.0556640625;-0.1181640625;0.859619140625;;;;;;;;;;;;;;;
80.40625;0.150634765625;0.278564453125;1.180419921875;;;;;;;;;;;;;;;
80.40963745117188;0.11474609375;0.0673828125;1.07958984375;;;;;;;;;;;;;;;
80.41293334960938;-0.1572265625;0.34423828125;1.2119140625;;;;;;;;;;;;;;;
80.41641235351562;-0.20703125;-0.03662109375;0.82421875;;;;;;;;;;;;;;;
80.41970825195312;0.026123046875;-0.07177734375;0.93505859375;;;;;;;;;;;;;;;
80.423095703125;-0.12548828125;0.0380859375;0.979248046875;;;;;;;;;;;;;;;
80.426513671875;-0.099365234375;-0.083740234375;1.076171875;;;;;;;;;;;;;;;
80.42987060546875;-0.08154296875;0.207275390625;1.1923828125;;;;;;;;;;;;;;;
80.4332275390625;-0.059326171875;0.018798828125;0.83203125;;;;;;;;;;;;;;;
80.43655395507812;0.064208984375;0.345947265625;0.96630859375;;;;;;;;;;;;;;;
80.43991088867188;-0.139404296875;0.11279296875;0.883056640625;;;;;;;;;;;;;;;
80.44326782226562;0.03466796875;-0.15673828125;1.123046875;;;;;;;;;;;;;;;
80.4466552734375;-0.12255859375;0.083984375;1.124755859375;;;;;;;;;;;;;;;
80.45001220703125;0.005859375;-0.160888671875;0.90380859375;;;;;;;;;;;;;;;
80.45339965820312;-0.082275390625;0.36669921875;1.056396484375;;;;;;;;;;;;;;;
80.456787109375;-0.089111328125;-0.068603515625;0.96142578125;;;;;;;;;;;;;;;
80.460205078125;-0.017822265625;0.254150390625;1.21240234375;;;;;;;;;;;;;;;
80.46356201171875;-0.0654296875;-0.081787109375;0.944580078125;;;;;;;;;;;;;;;
80.46697998046875;0.193603515625;0.2294921875;0.944580078125;;;;;;;;;;;;;;;
80.47036743164062;-0.119140625;0.150146484375;0.861572265625;;;;;;;;;;;;;;;
80.47372436523438;0.104736328125;0.077880859375;0.961669921875;;;;;;;;;;;;;;;
80.47705078125;0.13330078125;0.09912109375;1.3017578125;;;;;;;;;;;;;;;
80.48043823242188;-0.167724609375;-0.05712890625;1.02978515625;;;;;;;;;;;;;;;
80.48391723632812;-0.103515625;0.22216796875;0.9892578125;;;;;;;;;;;;;;;
80.4873046875;-0.244140625;-0.05029296875;0.74658203125;;;;;;;;;;;;;;;
80.49069213867188;0.18603515625;0.0849609375;1.047607421875;;;;;;;;;;;;;;;
80.4940185546875;-0.112548828125;0.101318359375;1.187744140625;;;;;;;;;;;;;;;
80.49737548828125;0.00341796875;0.056640625;1.072265625;;;;;;;;;;;;;;;
80.50079345703125;-0.03466796875;0.154052734375;1.08544921875;;;;;;;;;;;;;;;
80.504150390625;-0.224609375;-0.0322265625;0.816162109375;;;;;;;;;;;;;;;
80.50753784179688;0.0068359375;0.18798828125;1.10107421875;;;;;;;;;;;;;;;
80.51089477539062;-0.088134765625;-0.06689453125;0.981689453125;;;;;;;;;;;;;;;
80.51425170898438;0.0986328125;0.27685546875;1.109619140625;;;;;;;;;;;;;;;
80.51760864257812;-0.22705078125;0.044189453125;0.86865234375;;;;;;;;;;;;;;;
80.52099609375;0.28076171875;0.03076171875;0.96044921875;;;;;;;;;;;;;;;
80.52438354492188;0.419921875;0.175537109375;1.254150390625;;;;;;;;;;;;;;;
80.52774047851562;-0.1552734375;-0.021240234375;1.03369140625;;;;;;;;;;;;;;;
80.53103637695312;-0.223388671875;0.24169921875;1.219970703125;;;;;;;;;;;;;;;
80.5345458984375;-0.4091796875;-0.20068359375;0.7734375;;;;;;;;;;;;;;;
80.537841796875;0.1865234375;0.131103515625;0.92919921875;;;;;;;;;;;;;;;
80.54119873046875;-0.171142578125;0.099609375;0.901611328125;;;;;;;;;;;;;;;
80.54461669921875;-0.037841796875;0.1259765625;1.046630859375;;;;;;;;;;;;;;;
80.5479736328125;0.1845703125;0.17822265625;1.268798828125;;;;;;;;;;;;;;;
80.55142211914062;-0.165283203125;-0.02099609375;0.875732421875;;;;;;;;;;;;;;;
80.55477905273438;0.06103515625;0.151611328125;0.976806640625;;;;;;;;;;;;;;;
80.55816650390625;-0.18212890625;0.025634765625;0.835693359375;;;;;;;;;;;;;;;
80.56158447265625;0.044921875;0.15966796875;1.189453125;;;;;;;;;;;;;;;
80.5650634765625;-0.325439453125;0.011474609375;1.043212890625;;;;;;;;;;;;;;;
80.56838989257812;0.230224609375;-0.118408203125;0.97705078125;;;;;;;;;;;;;;;
80.57183837890625;0.019775390625;0.259521484375;1.06689453125;;;;;;;;;;;;;;;
80.57516479492188;-0.078125;0.112060546875;0.912353515625;;;;;;;;;;;;;;;
80.57858276367188;-0.040771484375;0.274169921875;1.215576171875;;;;;;;;;;;;;;;
80.58197021484375;-0.042724609375;-0.18798828125;0.930419921875;;;;;;;;;;;;;;;
80.58529663085938;0.148681640625;0.307373046875;1.0;;;;;;;;;;;;;;;
80.58865356445312;-0.278564453125;0.02294921875;0.7509765625;;;;;;;;;;;;;;;
80.592041015625;0.257080078125;0.183837890625;0.944091796875;;;;;;;;;;;;;;;
80.59539794921875;0.23876953125;0.186279296875;1.267822265625;;;;;;;;;;;;;;;
80.5987548828125;-0.102783203125;0.026123046875;1.06298828125;;;;;;;;;;;;;;;
80.6021728515625;-0.1904296875;0.13916015625;1.081787109375;;;;;;;;;;;;;;;
80.60562133789062;-0.27197265625;-0.268310546875;0.718994140625;;;;;;;;;;;;;;;
80.60897827148438;0.064208984375;0.23095703125;1.05224609375;;;;;;;;;;;;;;;
80.6123046875;-0.134765625;-0.029541015625;1.0703125;;;;;;;;;;;;;;;
80.61569213867188;0.07080078125;0.296142578125;1.1767578125;;;;;;;;;;;;;;;
80.61907958984375;-0.2548828125;0.15771484375;0.988037109375;;;;;;;;;;;;;;;
80.62240600585938;0.04150390625;0.035400390625;0.806884765625;;;;;;;;;;;;;;;
80.6258544921875;-0.078857421875;0.109130859375;1.06591796875;;;;;;;;;;;;;;;
80.62921142578125;0.02880859375;-0.232177734375;1.0029296875;;;;;;;;;;;;;;;
80.63253784179688;0.0341796875;0.336181640625;1.183837890625;;;;;;;;;;;;;;;
80.63592529296875;-0.248291015625;-0.0048828125;0.8134765625;;;;;;;;;;;;;;;
80.63934326171875;0.191162109375;0.176025390625;1.00634765625;;;;;;;;;;;;;;;
80.64266967773438;-0.08056640625;0.18798828125;1.0869140625;;;;;;;;;;;;;;;
80.64602661132812;-0.01123046875;-0.0478515625;1.06982421875;;;;;;;;;;;;;;;
80.6494140625;-0.1123046875;0.17626953125;1.17431640625;;;;;;;;;;;;;;;
80.65289306640625;-0.20751953125;-0.294189453125;0.828857421875;;;;;;;;;;;;;;;
80.65631103515625;-0.03564453125;0.285888671875;0.96142578125;;;;;;;;;;;;;;;
80.65966796875;-0.1796875;0.091552734375;0.78955078125;;;;;;;;;;;;;;;
80.66302490234375;0.16552734375;0.23828125;1.1337890625;;;;;;;;;;;;;;;
80.66644287109375;-0.026123046875;0.133544921875;1.175048828125;;;;;;;;;;;;;;;
80.66976928710938;0.010009765625;-0.09228515625;0.98974609375;;;;;;;;;;;;;;;
80.67318725585938;-0.045654296875;0.170166015625;1.0087890625;;;;;;;;;;;;;;;
80.67654418945312;-0.13525390625;-0.0380859375;0.829345703125;;;;;;;;;;;;;;;
80.67990112304688;-0.052490234375;0.268310546875;1.186279296875;;;;;;;;;;;;;;;
80.6832275390625;-0.177978515625;-0.0927734375;1.0146484375;;;;;;;;;;;;;;;
80.68661499023438;0.183837890625;0.087158203125;1.08935546875;;;;;;;;;;;;;;;
80.69003295898438;-0.3349609375;0.150146484375;1.0439453125;;;;;;;;;;;;;;;
80.69345092773438;-0.198486328125;0.12451171875;0.920654296875;;;;;;;;;;;;;;;
80.69683837890625;-0.0947265625;0.160888671875;1.170166015625;;;;;;;;;;;;;;;
80.70028686523438;0.16845703125;-0.23046875;0.93896484375;;;;;;;;;;;;;;;
80.7037353515625;0.121337890625;0.35498046875;1.099609375;;;;;;;;;;;;;;;
80.70712280273438;-0.298828125;0.043701171875;0.747314453125;;;;;;;;;;;;;;;
80.71051025390625;0.01416015625;0.31591796875;1.015625;;;;;;;;;;;;;;;
80.71392822265625;-0.00341796875;-0.01953125;1.224609375;;;;;;;;;;;;;;;
80.71734619140625;-0.172607421875;-0.150390625;1.07421875;;;;;;;;;;;;;;;
80.72073364257812;-0.184326171875;0.136474609375;1.0732421875;;;;;;;;;;;;;;;
80.72409057617188;-0.134765625;-0.098388671875;0.7587890625;;;;;;;;;;;;;;;
80.72750854492188;-0.056640625;0.50537109375;1.06884765625;;;;;;;;;;;;;;;
80.7308349609375;-0.271484375;-0.139404296875;1.06494140625;;;;;;;;;;;;;;;
80.73422241210938;-0.0234375;0.233642578125;1.2216796875;;;;;;;;;;;;;;;
80.73757934570312;-0.105224609375;0.01171875;1.01416015625;;;;;;;;;;;;;;;
80.74099731445312;-0.01611328125;0.055419921875;0.8212890625;;;;;;;;;;;;;;;
80.744384765625;-0.05859375;0.171630859375;1.03173828125;;;;;;;;;;;;;;;
80.74777221679688;0.083984375;-0.241455078125;1.025390625;;;;;;;;;;;;;;;
80.75119018554688;-0.160400390625;0.438232421875;1.19921875;;;;;;;;;;;;;;;
80.7545166015625;-0.183349609375;-0.294677734375;0.853271484375;;;;;;;;;;;;;;;
80.75790405273438;0.076171875;0.285888671875;1.060546875;;;;;;;;;;;;;;;
80.76126098632812;-0.465576171875;0.0615234375;1.0791015625;;;;;;;;;;;;;;;
80.76467895507812;-0.208740234375;0.070556640625;1.05859375;;;;;;;;;;;;;;;
80.76806640625;-0.143798828125;-0.04541015625;1.15673828125;;;;;;;;;;;;;;;
80.77145385742188;-0.17822265625;-0.22412109375;0.827392578125;;;;;;;;;;;;;;;
80.77487182617188;0.011474609375;0.298828125;0.9736328125;;;;;;;;;;;;;;;
80.7781982421875;-0.138427734375;0.054443359375;0.81005859375;;;;;;;;;;;;;;;
80.78167724609375;0.18408203125;0.37109375;1.2216796875;;;;;;;;;;;;;;;
80.7850341796875;-0.079345703125;-0.099365234375;1.158203125;;;;;;;;;;;;;;;
80.78836059570312;-0.034423828125;-0.016845703125;1.038330078125;;;;;;;;;;;;;;;
80.791748046875;-0.0498046875;-0.077880859375;0.98974609375;;;;;;;;;;;;;;;
80.79507446289062;-0.08447265625;0.083740234375;0.826171875;;;;;;;;;;;;;;;
80.79849243164062;-0.033203125;0.23095703125;1.127685546875;;;;;;;;;;;;;;;
80.80191040039062;-0.2021484375;-0.23681640625;1.005615234375;;;;;;;;;;;;;;;
80.8052978515625;0.17822265625;0.178955078125;1.13671875;;;;;;;;;;;;;;;
80.80874633789062;-0.206298828125;0.13232421875;0.85009765625;;;;;;;;;;;;;;;
80.81219482421875;-0.014404296875;0.22412109375;0.936767578125;;;;;;;;;;;;;;;
80.81558227539062;-0.056396484375;0.00537109375;1.116455078125;;;;;;;;;;;;;;;
80.81893920898438;0.092529296875;-0.22802734375;1.099365234375;;;;;;;;;;;;;;;
80.82229614257812;-0.067626953125;0.1611328125;1.061279296875;;;;;;;;;;;;;;;
80.82568359375;-0.127197265625;-0.03564453125;0.761962890625;;;;;;;;;;;;;;;
80.82907104492188;0.0146484375;0.37158203125;1.05810546875;;;;;;;;;;;;;;;
80.83245849609375;-0.037353515625;0.04638671875;1.1064453125;;;;;;;;;;;;;;;
80.8359375;0.04150390625;-0.013671875;1.201904296875;;;;;;;;;;;;;;;
80.83932495117188;-0.214599609375;0.005615234375;1.076171875;;;;;;;;;;;;;;;
80.8426513671875;-0.099609375;0.00732421875;0.787109375;;;;;;;;;;;;;;;
80.84600830078125;-0.00244140625;0.375732421875;0.974365234375;;;;;;;;;;;;;;;
80.849365234375;0.0634765625;-0.227294921875;0.955078125;;;;;;;;;;;;;;;
80.85272216796875;0.161376953125;0.27685546875;1.29052734375;;;;;;;;;;;;;;;
80.85614013671875;-0.163330078125;0.03955078125;0.963134765625;;;;;;;;;;;;;;;
80.85946655273438;0.126953125;0.126220703125;0.843017578125;;;;;;;;;;;;;;;
80.86285400390625;-0.079833984375;0.123779296875;0.9560546875;;;;;;;;;;;;;;;
80.8662109375;0.083251953125;-0.2685546875;0.99267578125;;;;;;;;;;;;;;;
80.86968994140625;0.041015625;0.232177734375;1.174560546875;;;;;;;;;;;;;;;
80.8731689453125;-0.051025390625;-0.246826171875;0.908203125;;;;;;;;;;;;;;;
80.8765869140625;-0.038818359375;0.32275390625;1.047119140625;;;;;;;;;;;;;;;
80.88003540039062;-0.21337890625;0.05810546875;0.94775390625;;;;;;;;;;;;;;;
80.8834228515625;0.076416015625;0.16357421875;1.128173828125;;;;;;;;;;;;;;;
80.88681030273438;-0.069580078125;0.052734375;1.10302734375;;;;;;;;;;;;;;;
80.89019775390625;0.097900390625;-0.11767578125;0.92724609375;;;;;;;;;;;;;;;
80.89361572265625;-0.13330078125;0.25048828125;0.93212890625;;;;;;;;;;;;;;;
80.89694213867188;-0.06640625;-0.06640625;0.80419921875;;;;;;;;;;;;;;;
80.900390625;-0.02587890625;0.31884765625;1.226318359375;;;;;;;;;;;;;;;
80.9036865234375;-0.0625;-0.14990234375;1.123779296875;;;;;;;;;;;;;;;
80.90704345703125;0.052490234375;0.0498046875;1.130126953125;;;;;;;;;;;;;;;
80.91043090820312;-0.24755859375;-0.001953125;0.948486328125;;;;;;;;;;;;;;;
80.91375732421875;-0.0302734375;0.24609375;0.841552734375;;;;;;;;;;;;;;;
80.91729736328125;-0.02197265625;0.258056640625;1.046875;;;;;;;;;;;;;;;
80.920654296875;-0.011962890625;-0.23583984375;1.01220703125;;;;;;;;;;;;;;;
80.92404174804688;-0.07275390625;0.25341796875;1.188232421875;;;;;;;;;;;;;;;
80.9273681640625;-0.353515625;-0.031982421875;0.7958984375;;;;;;;;;;;;;;;
80.9307861328125;-0.050048828125;0.21875;0.96533203125;;;;;;;;;;;;;;;
80.93408203125;-0.141357421875;0.0869140625;0.99755859375;;;;;;;;;;;;;;;
80.93746948242188;0.241943359375;-0.151123046875;1.178466796875;;;;;;;;;;;;;;;
80.94082641601562;-0.220703125;0.227783203125;1.078857421875;;;;;;;;;;;;;;;
80.94427490234375;-0.215087890625;-0.14306640625;0.754150390625;;;;;;;;;;;;;;;
80.94769287109375;-0.0302734375;0.383544921875;1.019287109375;;;;;;;;;;;;;;;
80.9510498046875;-0.39111328125;-0.095947265625;0.982421875;;;;;;;;;;;;;;;
80.95440673828125;0.30517578125;0.02880859375;1.244384765625;;;;;;;;;;;;;;;
80.957763671875;-0.236083984375;0.115478515625;0.95751953125;;;;;;;;;;;;;;;
80.96127319335938;0.07666015625;0.169921875;0.870361328125;;;;;;;;;;;;;;;
80.96481323242188;-0.31689453125;0.43017578125;0.91015625;;;;;;;;;;;;;;;
80.96820068359375;0.162841796875;-0.349853515625;0.910400390625;;;;;;;;;;;;;;;
80.97158813476562;0.2392578125;0.18505859375;1.281005859375;;;;;;;;;;;;;;;
80.97500610351562;-0.268798828125;-0.166748046875;0.9560546875;;;;;;;;;;;;;;;
80.97842407226562;0.18017578125;0.236572265625;0.901611328125;;;;;;;;;;;;;;;
80.98178100585938;-0.286865234375;0.265625;0.891845703125;;;;;;;;;;;;;;;
80.98526000976562;0.12451171875;-0.02099609375;1.031494140625;;;;;;;;;;;;;;;
80.98858642578125;-0.120849609375;0.14208984375;1.177001953125;;;;;;;;;;;;;;;
80.991943359375;-0.066162109375;-0.2890625;0.961181640625;;;;;;;;;;;;;;;
80.9952392578125;-0.184326171875;0.302490234375;1.009765625;;;;;;;;;;;;;;;
80.99859619140625;-0.192138671875;-0.05322265625;0.859619140625;;;;;;;;;;;;;;;
81.00204467773438;0.219970703125;0.237548828125;1.172607421875;;;;;;;;;;;;;;;
81.00540161132812;-0.01708984375;0.04052734375;1.001220703125;;;;;;;;;;;;;;;
81.00894165039062;0.264892578125;0.2353515625;0.984619140625;;;;;;;;;;;;;;;
81.01226806640625;-0.283935546875;0.1337890625;0.928466796875;;;;;;;;;;;;;;;
81.01568603515625;-0.138671875;-0.126953125;0.79345703125;;;;;;;;;;;;;;;
81.01913452148438;0.0673828125;0.179931640625;1.2236328125;;;;;;;;;;;;;;;
81.02249145507812;-0.1640625;-0.244140625;1.08740234375;;;;;;;;;;;;;;;
81.02584838867188;0.0732421875;0.088134765625;1.20263671875;;;;;;;;;;;;;;;
81.02926635742188;-0.23291015625;0.090087890625;0.870361328125;;;;;;;;;;;;;;;
81.03265380859375;0.065185546875;0.453125;0.901123046875;;;;;;;;;;;;;;;
81.03604125976562;-0.195556640625;0.2294921875;0.927001953125;;;;;;;;;;;;;;;
81.0394287109375;0.179443359375;-0.2099609375;1.070556640625;;;;;;;;;;;;;;;
81.04281616210938;-0.2109375;0.13330078125;1.15625;;;;;;;;;;;;;;;
81.04629516601562;-0.27001953125;-0.1591796875;0.825927734375;;;;;;;;;;;;;;;
81.04965209960938;0.095947265625;0.16015625;1.030029296875;;;;;;;;;;;;;;;
81.05294799804688;-0.141357421875;0.13818359375;0.924560546875;;;;;;;;;;;;;;;
81.05636596679688;0.293701171875;0.09619140625;1.195556640625;;;;;;;;;;;;;;;
81.05975341796875;-0.169677734375;0.167236328125;1.060791015625;;;;;;;;;;;;;;;
81.06307983398438;-0.01123046875;0.107666015625;0.8720703125;;;;;;;;;;;;;;;
81.06655883789062;-0.2216796875;0.34814453125;0.9482421875;;;;;;;;;;;;;;;
81.0699462890625;-0.265869140625;-0.146728515625;1.01904296875;;;;;;;;;;;;;;;
81.0733642578125;0.04541015625;0.01611328125;1.27099609375;;;;;;;;;;;;;;;
81.07672119140625;-0.06103515625;-0.035400390625;0.979736328125;;;;;;;;;;;;;;;
81.080078125;0.10400390625;0.31005859375;0.8984375;;;;;;;;;;;;;;;
81.08346557617188;-0.13232421875;0.175537109375;0.85498046875;;;;;;;;;;;;;;;
81.08682250976562;0.03857421875;-0.091552734375;1.003662109375;;;;;;;;;;;;;;;
81.0902099609375;-0.06884765625;0.11083984375;1.241943359375;;;;;;;;;;;;;;;
81.09365844726562;-0.072265625;-0.142578125;1.05029296875;;;;;;;;;;;;;;;
81.09701538085938;-0.09228515625;0.160888671875;1.076904296875;;;;;;;;;;;;;;;
81.10043334960938;-0.12109375;0.108642578125;0.839599609375;;;;;;;;;;;;;;;
81.10385131835938;0.08056640625;0.169677734375;1.05419921875;;;;;;;;;;;;;;;
81.10726928710938;-0.088623046875;0.12451171875;1.01806640625;;;;;;;;;;;;;;;
81.11068725585938;0.02294921875;-0.046630859375;1.061767578125;;;;;;;;;;;;;;;
81.114013671875;-0.222900390625;0.194580078125;0.96142578125;;;;;;;;;;;;;;;
81.11740112304688;-0.07666015625;-0.1123046875;0.864013671875;;;;;;;;;;;;;;;
81.12088012695312;0.093994140625;0.2353515625;1.173095703125;;;;;;;;;;;;;;;
81.124267578125;0.045654296875;0.062744140625;1.073486328125;;;;;;;;;;;;;;;
81.12762451171875;-0.0537109375;0.34033203125;1.062744140625;;;;;;;;;;;;;;;
81.13104248046875;-0.184326171875;0.062255859375;0.83544921875;;;;;;;;;;;;;;;
81.13436889648438;0.049072265625;-0.09619140625;0.914794921875;;;;;;;;;;;;;;;
81.13775634765625;-0.14306640625;0.06396484375;1.182373046875;;;;;;;;;;;;;;;
81.14114379882812;-0.07958984375;-0.169677734375;1.093017578125;;;;;;;;;;;;;;;
81.14456176757812;-0.090576171875;0.124755859375;1.2294921875;;;;;;;;;;;;;;;
81.14794921875;-0.1064453125;0.0458984375;0.82373046875;;;;;;;;;;;;;;;
81.15133666992188;0.121337890625;0.495361328125;0.931640625;;;;;;;;;;;;;;;
81.15472412109375;-0.169921875;0.278564453125;0.889404296875;;;;;;;;;;;;;;;
81.15814208984375;0.066162109375;-0.10302734375;1.10888671875;;;;;;;;;;;;;;;
81.16152954101562;-0.1826171875;-0.055419921875;1.149169921875;;;;;;;;;;;;;;;
81.16494750976562;-0.05712890625;-0.316650390625;0.875244140625;;;;;;;;;;;;;;;
81.1683349609375;0.0380859375;0.21630859375;1.048095703125;;;;;;;;;;;;;;;
81.17166137695312;-0.078369140625;0.102783203125;0.91357421875;;;;;;;;;;;;;;;
81.17514038085938;0.1005859375;0.27685546875;1.2490234375;;;;;;;;;;;;;;;
81.17852783203125;-0.237060546875;0.133056640625;0.998779296875;;;;;;;;;;;;;;;
81.181884765625;0.099365234375;0.16845703125;0.9345703125;;;;;;;;;;;;;;;
81.18527221679688;-0.172607421875;0.195068359375;0.876953125;;;;;;;;;;;;;;;
81.18869018554688;0.093017578125;-0.106201171875;0.962646484375;;;;;;;;;;;;;;;
81.19204711914062;0.194091796875;0.088623046875;1.2958984375;;;;;;;;;;;;;;;
81.1954345703125;-0.077880859375;0.02783203125;0.998779296875;;;;;;;;;;;;;;;
81.19882202148438;0.17724609375;0.2861328125;0.9755859375;;;;;;;;;;;;;;;
81.20217895507812;-0.28369140625;0.093505859375;0.762939453125;;;;;;;;;;;;;;;
81.20550537109375;0.141357421875;0.047607421875;1.02685546875;;;;;;;;;;;;;;;
81.20880126953125;0.00390625;0.029541015625;1.18798828125;;;;;;;;;;;;;;;
81.21221923828125;-0.04345703125;-0.036376953125;1.091552734375;;;;;;;;;;;;;;;
81.21554565429688;-0.074462890625;0.140380859375;1.062744140625;;;;;;;;;;;;;;;
81.21893310546875;-0.270751953125;0.047607421875;0.796142578125;;;;;;;;;;;;;;;
81.2222900390625;0.085693359375;0.240234375;1.09228515625;;;;;;;;;;;;;;;
81.22567749023438;-0.139404296875;0.048095703125;0.950927734375;;;;;;;;;;;;;;;
81.22909545898438;0.137939453125;0.196044921875;1.1337890625;;;;;;;;;;;;;;;
81.2325439453125;-0.27294921875;0.21728515625;0.879638671875;;;;;;;;;;;;;;;
81.2359619140625;0.23486328125;-0.029296875;0.90478515625;;;;;;;;;;;;;;;
81.23934936523438;0.431640625;0.205078125;1.24462890625;;;;;;;;;;;;;;;
81.24276733398438;-0.102294921875;0.1064453125;0.99072265625;;;;;;;;;;;;;;;
81.24615478515625;-0.089111328125;0.26806640625;1.2724609375;;;;;;;;;;;;;;;
81.24951171875;-0.432373046875;-0.074462890625;0.78076171875;;;;;;;;;;;;;;;
81.25289916992188;0.183349609375;0.083740234375;0.925048828125;;;;;;;;;;;;;;;
81.25640869140625;-0.064697265625;-0.008056640625;0.927978515625;;;;;;;;;;;;;;;
81.25979614257812;-0.031005859375;0.061279296875;1.0048828125;;;;;;;;;;;;;;;
81.26318359375;0.348876953125;0.14453125;1.30908203125;;;;;;;;;;;;;;;
81.26657104492188;-0.249267578125;0.1142578125;0.80078125;;;;;;;;;;;;;;;
81.26995849609375;0.14697265625;0.239990234375;1.017578125;;;;;;;;;;;;;;;
81.27340698242188;-0.312255859375;0.1259765625;0.80712890625;;;;;;;;;;;;;;;
81.27682495117188;0.15234375;0.04736328125;1.143798828125;;;;;;;;;;;;;;;
81.28024291992188;-0.20361328125;-0.083251953125;1.09326171875;;;;;;;;;;;;;;;
81.28359985351562;0.12255859375;-0.248779296875;0.892578125;;;;;;;;;;;;;;;
81.28704833984375;0.1689453125;0.274169921875;1.052734375;;;;;;;;;;;;;;;
81.29049682617188;-0.036865234375;0.16650390625;0.912109375;;;;;;;;;;;;;;;
81.29385375976562;-0.0087890625;0.34033203125;1.252685546875;;;;;;;;;;;;;;;
81.29718017578125;-0.17236328125;-0.092529296875;0.968017578125;;;;;;;;;;;;;;;
81.300537109375;0.102294921875;0.262451171875;0.989990234375;;;;;;;;;;;;;;;
81.30392456054688;-0.24169921875;0.020751953125;0.804443359375;;;;;;;;;;;;;;;
81.30731201171875;0.26318359375;0.0966796875;0.889892578125;;;;;;;;;;;;;;;
81.31076049804688;0.37841796875;0.201171875;1.28759765625;;;;;;;;;;;;;;;
81.31423950195312;-0.062744140625;0.099365234375;1.044677734375;;;;;;;;;;;;;;;
81.317626953125;-0.1640625;0.2978515625;1.061767578125;;;;;;;;;;;;;;;
81.32101440429688;-0.362060546875;-0.2001953125;0.72265625;;;;;;;;;;;;;;;
81.32437133789062;0.1044921875;0.22607421875;1.034423828125;;;;;;;;;;;;;;;
81.3277587890625;-0.149658203125;-0.13232421875;1.118408203125;;;;;;;;;;;;;;;
81.3311767578125;-0.039306640625;0.222900390625;1.090087890625;;;;;;;;;;;;;;;
81.33453369140625;0.048828125;0.141845703125;1.05810546875;;;;;;;;;;;;;;;
81.33786010742188;-0.150390625;0.1162109375;0.770751953125;;;;;;;;;;;;;;;
81.34133911132812;0.057373046875;0.19140625;1.0947265625;;;;;;;;;;;;;;;
81.3447265625;-0.094970703125;-0.09765625;0.97216796875;;;;;;;;;;;;;;;
81.34814453125;0.15478515625;0.34716796875;1.16357421875;;;;;;;;;;;;;;;
81.35147094726562;-0.33544921875;-0.14111328125;0.864013671875;;;;;;;;;;;;;;;
81.35479736328125;0.211669921875;0.026611328125;0.924072265625;;;;;;;;;;;;;;;
81.35818481445312;0.064453125;0.210205078125;1.150146484375;;;;;;;;;;;;;;;
81.36163330078125;0.013427734375;0.036865234375;1.027099609375;;;;;;;;;;;;;;;
81.36505126953125;-0.155517578125;0.3232421875;1.241455078125;;;;;;;;;;;;;;;
81.36849975585938;-0.303955078125;-0.28125;0.798828125;;;;;;;;;;;;;;;
81.37197875976562;0.01416015625;0.251220703125;0.9462890625;;;;;;;;;;;;;;;
81.37533569335938;-0.215576171875;0.012451171875;0.8154296875;;;;;;;;;;;;;;;
81.37869262695312;0.06201171875;0.139404296875;1.12744140625;;;;;;;;;;;;;;;
81.38204956054688;-0.123779296875;0.12890625;1.191650390625;;;;;;;;;;;;;;;
81.385498046875;-0.052490234375;-0.035400390625;0.960205078125;;;;;;;;;;;;;;;
81.38882446289062;-0.16748046875;0.1806640625;1.02197265625;;;;;;;;;;;;;;;
81.39212036132812;-0.23974609375;-0.04248046875;0.791748046875;;;;;;;;;;;;;;;
81.39544677734375;0.073974609375;0.18115234375;1.155517578125;;;;;;;;;;;;;;;
81.3988037109375;-0.138427734375;-0.00537109375;1.03076171875;;;;;;;;;;;;;;;
81.40219116210938;0.187744140625;-0.0126953125;1.070556640625;;;;;;;;;;;;;;;
81.40554809570312;-0.288330078125;0.21484375;1.00048828125;;;;;;;;;;;;;;;
81.40899658203125;-0.027099609375;0.06103515625;0.93994140625;;;;;;;;;;;;;;;
81.41244506835938;-0.23583984375;0.26220703125;1.180908203125;;;;;;;;;;;;;;;
81.415771484375;0.059326171875;-0.2919921875;0.970947265625;;;;;;;;;;;;;;;
81.41915893554688;-0.10302734375;0.270263671875;1.054931640625;;;;;;;;;;;;;;;
81.42257690429688;-0.19140625;-0.00244140625;0.743408203125;;;;;;;;;;;;;;;
81.426025390625;0.153564453125;0.324462890625;0.979248046875;;;;;;;;;;;;;;;
81.42950439453125;-0.03662109375;0.19580078125;1.19482421875;;;;;;;;;;;;;;;
81.432861328125;-0.02001953125;-0.087646484375;1.13818359375;;;;;;;;;;;;;;;
81.4361572265625;-0.360595703125;0.12744140625;1.127685546875;;;;;;;;;;;;;;;
81.43954467773438;-0.260009765625;-0.38623046875;0.740234375;;;;;;;;;;;;;;;
81.44287109375;-0.134033203125;0.2734375;1.0419921875;;;;;;;;;;;;;;;
81.44622802734375;-0.252685546875;-0.0390625;1.10302734375;;;;;;;;;;;;;;;
81.44967651367188;0.02880859375;0.41552734375;1.156982421875;;;;;;;;;;;;;;;
81.45303344726562;-0.1357421875;0.249755859375;1.05224609375;;;;;;;;;;;;;;;
81.4564208984375;0.000244140625;-0.062255859375;0.834228515625;;;;;;;;;;;;;;;
81.45980834960938;-0.115234375;0.118408203125;1.08740234375;;;;;;;;;;;;;;;
81.46316528320312;-0.05322265625;-0.380126953125;0.998291015625;;;;;;;;;;;;;;;
81.46658325195312;-0.177490234375;0.37548828125;1.187744140625;;;;;;;;;;;;;;;
81.469970703125;-0.180419921875;-0.08837890625;0.87060546875;;;;;;;;;;;;;;;
81.47335815429688;0.095458984375;0.32373046875;1.0244140625;;;;;;;;;;;;;;;
81.47674560546875;-0.481201171875;0.174072265625;1.105712890625;;;;;;;;;;;;;;;
81.4801025390625;-0.128173828125;-0.054443359375;1.07470703125;;;;;;;;;;;;;;;
81.48348999023438;-0.186279296875;0.135986328125;1.1572265625;;;;;;;;;;;;;;;
81.48690795898438;-0.122314453125;-0.322265625;0.81494140625;;;;;;;;;;;;;;;
81.490234375;0.016845703125;0.388916015625;1.020751953125;;;;;;;;;;;;;;;
81.49371337890625;-0.431396484375;0.03173828125;0.783203125;;;;;;;;;;;;;;;
81.49703979492188;0.01123046875;0.272705078125;1.15625;;;;;;;;;;;;;;;
81.50042724609375;-0.09814453125;-0.0615234375;1.19677734375;;;;;;;;;;;;;;;
81.50384521484375;-0.02001953125;-0.090576171875;0.986328125;;;;;;;;;;;;;;;
81.50726318359375;-0.065185546875;0.115966796875;0.99853515625;;;;;;;;;;;;;;;
81.51065063476562;-0.03857421875;-0.05908203125;0.840087890625;;;;;;;;;;;;;;;
81.5140380859375;-0.096435546875;0.396728515625;1.130615234375;;;;;;;;;;;;;;;
81.51739501953125;-0.09423828125;-0.1962890625;1.03466796875;;;;;;;;;;;;;;;
81.52084350585938;0.0673828125;0.128173828125;1.147705078125;;;;;;;;;;;;;;;
81.52426147460938;-0.373046875;0.053466796875;0.873291015625;;;;;;;;;;;;;;;
81.52755737304688;-0.257568359375;0.135009765625;0.902587890625;;;;;;;;;;;;;;;
81.53097534179688;-0.072265625;0.053466796875;1.11962890625;;;;;;;;;;;;;;;
81.53433227539062;0.253173828125;-0.31201171875;0.97216796875;;;;;;;;;;;;;;;
81.53765869140625;0.106689453125;0.327880859375;1.0927734375;;;;;;;;;;;;;;;
81.54110717773438;-0.183837890625;0.024169921875;0.757080078125;;;;;;;;;;;;;;;
81.54449462890625;-0.05859375;0.439208984375;1.03955078125;;;;;;;;;;;;;;;
81.54794311523438;-0.150634765625;-0.013427734375;1.1806640625;;;;;;;;;;;;;;;
81.55126953125;-0.218017578125;-0.068603515625;1.10888671875;;;;;;;;;;;;;;;
81.55462646484375;-0.1748046875;-0.068603515625;1.114501953125;;;;;;;;;;;;;;;
81.55807495117188;-0.09765625;-0.145263671875;0.775634765625;;;;;;;;;;;;;;;
81.56149291992188;-0.02880859375;0.390380859375;1.01025390625;;;;;;;;;;;;;;;
81.56484985351562;-0.093994140625;-0.141357421875;1.0146484375;;;;;;;;;;;;;;;
81.56820678710938;0.165771484375;0.418212890625;1.252197265625;;;;;;;;;;;;;;;
81.57159423828125;-0.18017578125;0.141845703125;1.041259765625;;;;;;;;;;;;;;;
81.57504272460938;-0.03662109375;0.0361328125;0.82373046875;;;;;;;;;;;;;;;
81.578369140625;-0.1513671875;0.012451171875;1.008056640625;;;;;;;;;;;;;;;
81.58172607421875;0.058837890625;-0.387451171875;1.017578125;;;;;;;;;;;;;;;
81.58514404296875;-0.0771484375;0.269287109375;1.208251953125;;;;;;;;;;;;;;;
81.58856201171875;-0.14990234375;-0.207275390625;0.888916015625;;;;;;;;;;;;;;;
81.5919189453125;0.10400390625;0.435302734375;1.066650390625;;;;;;;;;;;;;;;
81.5953369140625;-0.474365234375;0.13671875;1.021240234375;;;;;;;;;;;;;;;
81.59866333007812;-0.114013671875;0.071044921875;1.083984375;;;;;;;;;;;;;;;
81.60205078125;-0.142822265625;-0.0654296875;1.121337890625;;;;;;;;;;;;;;;
81.60549926757812;-0.074951171875;-0.24072265625;0.899658203125;;;;;;;;;;;;;;;
81.60879516601562;-0.078125;0.202880859375;0.963623046875;;;;;;;;;;;;;;;
81.61215209960938;-0.0888671875;-0.039794921875;0.81396484375;;;;;;;;;;;;;;;
81.61557006835938;0.20361328125;0.360595703125;1.199462890625;;;;;;;;;;;;;;;
81.61898803710938;0.0087890625;-0.0791015625;1.1357421875;;;;;;;;;;;;;;;
81.62240600585938;0.009765625;0.047607421875;1.148193359375;;;;;;;;;;;;;;;
81.62588500976562;-0.111572265625;-0.027099609375;0.95947265625;;;;;;;;;;;;;;;
81.62921142578125;-0.039306640625;-0.15771484375;0.845703125;;;;;;;;;;;;;;;
81.632568359375;-0.07763671875;0.2421875;1.07958984375;;;;;;;;;;;;;;;
81.63592529296875;-0.085693359375;-0.2060546875;1.017578125;;;;;;;;;;;;;;;
81.63931274414062;-0.014892578125;0.308837890625;1.1845703125;;;;;;;;;;;;;;;
81.64263916015625;-0.185791015625;0.020263671875;0.8505859375;;;;;;;;;;;;;;;
81.64599609375;0.0419921875;0.2353515625;0.9423828125;;;;;;;;;;;;;;;
81.64935302734375;-0.01904296875;0.0390625;1.048828125;;;;;;;;;;;;;;;
81.65280151367188;0.10986328125;-0.19482421875;1.06591796875;;;;;;;;;;;;;;;
81.65609741210938;-0.164794921875;0.24267578125;1.07177734375;;;;;;;;;;;;;;;
81.6595458984375;-0.093505859375;-0.038330078125;0.797607421875;;;;;;;;;;;;;;;
81.6629638671875;-0.143798828125;0.359375;1.076904296875;;;;;;;;;;;;;;;
81.66629028320312;-0.127685546875;-0.04248046875;1.0537109375;;;;;;;;;;;;;;;
81.669677734375;0.08447265625;-0.0146484375;1.24609375;;;;;;;;;;;;;;;
81.67303466796875;-0.23193359375;0.01904296875;1.068359375;;;;;;;;;;;;;;;
81.6763916015625;-0.0107421875;0.0380859375;0.84619140625;;;;;;;;;;;;;;;
81.67977905273438;-0.11865234375;0.387451171875;0.9140625;;;;;;;;;;;;;;;
81.68316650390625;0.001708984375;-0.15478515625;0.926513671875;;;;;;;;;;;;;;;
81.6865234375;0.0810546875;0.236328125;1.28955078125;;;;;;;;;;;;;;;
81.68997192382812;-0.192138671875;0.01025390625;1.03076171875;;;;;;;;;;;;;;;
81.693359375;0.045654296875;0.131103515625;0.9130859375;;;;;;;;;;;;;;;
81.69680786132812;-0.215087890625;0.09765625;0.90087890625;;;;;;;;;;;;;;;
81.70016479492188;0.129150390625;-0.34375;1.00732421875;;;;;;;;;;;;;;;
81.70355224609375;-0.039794921875;0.262451171875;1.1787109375;;;;;;;;;;;;;;;
81.70700073242188;0.02783203125;-0.16796875;0.971923828125;;;;;;;;;;;;;;;
81.71038818359375;-0.197265625;0.4052734375;1.039306640625;;;;;;;;;;;;;;;
81.71380615234375;-0.28369140625;-0.029052734375;0.867431640625;;;;;;;;;;;;;;;
81.71722412109375;0.1494140625;0.147705078125;1.136474609375;;;;;;;;;;;;;;;
81.7205810546875;-0.067138671875;0.063232421875;1.030517578125;;;;;;;;;;;;;;;
81.7239990234375;0.20361328125;-0.04052734375;0.989990234375;;;;;;;;;;;;;;;
81.72735595703125;-0.27294921875;0.1572265625;0.931396484375;;;;;;;;;;;;;;;
81.73080444335938;-0.063720703125;-0.162109375;0.774658203125;;;;;;;;;;;;;;;
81.73416137695312;0.07763671875;0.2451171875;1.223388671875;;;;;;;;;;;;;;;
81.73748779296875;-0.237060546875;-0.12548828125;1.06494140625;;;;;;;;;;;;;;;
81.74090576171875;0.119873046875;0.14501953125;1.218017578125;;;;;;;;;;;;;;;
81.74423217773438;-0.2333984375;0.14306640625;0.884033203125;;;;;;;;;;;;;;;
81.74758911132812;0.0771484375;-0.013916015625;0.89306640625;;;;;;;;;;;;;;;
81.75100708007812;-0.137939453125;0.219970703125;0.968994140625;;;;;;;;;;;;;;;
81.75439453125;0.01025390625;-0.353271484375;1.044921875;;;;;;;;;;;;;;;
81.7578125;-0.119140625;0.26708984375;1.168212890625;;;;;;;;;;;;;;;
81.76113891601562;-0.28466796875;-0.147216796875;0.810302734375;;;;;;;;;;;;;;;
81.76446533203125;0.010986328125;0.3388671875;0.99365234375;;;;;;;;;;;;;;;
81.767822265625;-0.15771484375;0.122802734375;0.94091796875;;;;;;;;;;;;;;;
81.771240234375;0.23779296875;0.04931640625;1.113037109375;;;;;;;;;;;;;;;
81.774658203125;-0.255126953125;0.110107421875;1.0791015625;;;;;;;;;;;;;;;
81.77810668945312;-0.048828125;-0.266357421875;0.843994140625;;;;;;;;;;;;;;;
81.78152465820312;-0.15478515625;0.301025390625;1.078369140625;;;;;;;;;;;;;;;
81.78485107421875;-0.31640625;-0.14111328125;0.98486328125;;;;;;;;;;;;;;;
81.78823852539062;0.11376953125;0.044677734375;1.26416015625;;;;;;;;;;;;;;;
81.79156494140625;-0.094970703125;0.062255859375;1.01025390625;;;;;;;;;;;;;;;
81.79498291015625;0.161376953125;0.334228515625;0.902587890625;;;;;;;;;;;;;;;
81.79833984375;-0.241943359375;0.299072265625;0.848388671875;;;;;;;;;;;;;;;
81.80181884765625;0.13916015625;-0.1513671875;0.93994140625;;;;;;;;;;;;;;;
81.80517578125;-0.002197265625;0.13525390625;1.227783203125;;;;;;;;;;;;;;;
81.80853271484375;-0.06396484375;-0.193359375;1.05078125;;;;;;;;;;;;;;;
81.81185913085938;-0.013427734375;0.130615234375;0.994140625;;;;;;;;;;;;;;;
81.81527709960938;-0.2177734375;0.16162109375;0.81396484375;;;;;;;;;;;;;;;
81.81863403320312;0.0888671875;0.13916015625;1.048583984375;;;;;;;;;;;;;;;
81.82199096679688;-0.14306640625;0.06201171875;1.159423828125;;;;;;;;;;;;;;;
81.82534790039062;0.053955078125;-0.017822265625;1.041015625;;;;;;;;;;;;;;;
81.82870483398438;-0.199951171875;0.36376953125;0.986572265625;;;;;;;;;;;;;;;
81.8321533203125;-0.119384765625;-0.0908203125;0.8623046875;;;;;;;;;;;;;;;
81.83551025390625;0.074951171875;0.150390625;1.193115234375;;;;;;;;;;;;;;;
81.8388671875;-0.0205078125;-0.11767578125;1.024658203125;;;;;;;;;;;;;;;
81.84228515625;0.10498046875;0.293212890625;1.050048828125;;;;;;;;;;;;;;;
81.84567260742188;-0.13232421875;0.079345703125;0.862548828125;;;;;;;;;;;;;;;
81.84912109375;0.024658203125;-0.00830078125;0.901123046875;;;;;;;;;;;;;;;
81.85247802734375;-0.092529296875;0.228515625;1.1796875;;;;;;;;;;;;;;;
81.85589599609375;-0.110595703125;-0.214599609375;1.07080078125;;;;;;;;;;;;;;;
81.85928344726562;-0.125;0.142822265625;1.242431640625;;;;;;;;;;;;;;;
81.86264038085938;-0.217529296875;-0.058837890625;0.83349609375;;;;;;;;;;;;;;;
81.86602783203125;0.090576171875;0.241943359375;0.925537109375;;;;;;;;;;;;;;;
81.8695068359375;-0.1044921875;0.116455078125;0.898681640625;;;;;;;;;;;;;;;
81.872802734375;0.104736328125;-0.068603515625;1.1328125;;;;;;;;;;;;;;;
81.87615966796875;-0.220458984375;0.213623046875;1.162353515625;;;;;;;;;;;;;;;
81.87954711914062;-0.093017578125;-0.1708984375;0.873046875;;;;;;;;;;;;;;;
81.88287353515625;0.070556640625;0.275390625;1.038330078125;;;;;;;;;;;;;;;
81.88629150390625;-0.0673828125;0.07958984375;0.942138671875;;;;;;;;;;;;;;;
81.8896484375;0.007568359375;0.262939453125;1.17431640625;;;;;;;;;;;;;;;
81.89300537109375;-0.14501953125;0.018798828125;1.01318359375;;;;;;;;;;;;;;;
81.896484375;0.067138671875;-0.1689453125;0.94580078125;;;;;;;;;;;;;;;
81.8997802734375;-0.214111328125;0.15185546875;1.056640625;;;;;;;;;;;;;;;
81.90310668945312;-0.23779296875;-0.057373046875;0.94775390625;;;;;;;;;;;;;;;
81.90652465820312;0.092529296875;0.08203125;1.283447265625;;;;;;;;;;;;;;;
81.909912109375;0.003662109375;0.026611328125;0.975830078125;;;;;;;;;;;;;;;
81.91326904296875;0.181396484375;0.4326171875;0.97607421875;;;;;;;;;;;;;;;
81.91665649414062;-0.173095703125;0.26318359375;0.786376953125;;;;;;;;;;;;;;;
81.9200439453125;0.041259765625;-0.018310546875;0.971435546875;;;;;;;;;;;;;;;
81.9234619140625;0.004638671875;-0.095703125;1.227294921875;;;;;;;;;;;;;;;
81.92681884765625;-0.126708984375;-0.268310546875;1.059326171875;;;;;;;;;;;;;;;
81.93011474609375;-0.132080078125;0.147705078125;1.057861328125;;;;;;;;;;;;;;;
81.9334716796875;-0.21142578125;0.116943359375;0.785400390625;;;;;;;;;;;;;;;
81.93682861328125;0.0625;0.390869140625;1.09521484375;;;;;;;;;;;;;;;
81.94021606445312;-0.09765625;0.028564453125;1.082763671875;;;;;;;;;;;;;;;
81.94354248046875;0.02392578125;0.103759765625;1.112060546875;;;;;;;;;;;;;;;
81.94699096679688;-0.1474609375;0.067138671875;0.939453125;;;;;;;;;;;;;;;
81.95037841796875;0.05810546875;-0.054931640625;0.7919921875;;;;;;;;;;;;;;;
81.95382690429688;0.207763671875;0.203125;1.188720703125;;;;;;;;;;;;;;;
81.95718383789062;-0.06298828125;0.052978515625;1.040283203125;;;;;;;;;;;;;;;
81.9605712890625;-0.11865234375;0.311767578125;1.16455078125;;;;;;;;;;;;;;;
81.9639892578125;-0.313720703125;-0.087890625;0.813720703125;;;;;;;;;;;;;;;
81.96737670898438;0.134765625;0.028564453125;0.9228515625;;;;;;;;;;;;;;;
81.970703125;0.029541015625;0.084716796875;1.109375;;;;;;;;;;;;;;;
81.97406005859375;-0.025146484375;0.059326171875;1.03955078125;;;;;;;;;;;;;;;
81.97747802734375;0.15478515625;0.123046875;1.30859375;;;;;;;;;;;;;;;
81.98098754882812;-0.2353515625;-0.08154296875;0.80810546875;;;;;;;;;;;;;;;
81.98434448242188;0.099365234375;0.2392578125;0.9990234375;;;;;;;;;;;;;;;
81.98782348632812;-0.279541015625;0.053466796875;0.810791015625;;;;;;;;;;;;;;;
81.99114990234375;0.10107421875;0.13720703125;1.108642578125;;;;;;;;;;;;;;;
81.99459838867188;-0.043212890625;0.07275390625;1.11962890625;;;;;;;;;;;;;;;
81.99795532226562;0.087646484375;-0.02880859375;0.958251953125;;;;;;;;;;;;;;;
82.00128173828125;0.349365234375;0.15673828125;1.1279296875;;;;;;;;;;;;;;;
82.00473022460938;-0.275146484375;0.162841796875;0.87255859375;;;;;;;;;;;;;;;
82.00814819335938;0.021728515625;0.173095703125;1.234375;;;;;;;;;;;;;;;
82.01153564453125;-0.25830078125;-0.092529296875;0.935546875;;;;;;;;;;;;;;;
82.01495361328125;0.301513671875;-0.01171875;1.02099609375;;;;;;;;;;;;;;;
82.018310546875;-0.249267578125;0.076416015625;0.85595703125;;;;;;;;;;;;;;;
82.021728515625;-0.16015625;0.187255859375;0.866455078125;;;;;;;;;;;;;;;
82.02511596679688;0.37744140625;0.10888671875;1.349853515625;;;;;;;;;;;;;;;
82.0284423828125;-0.2275390625;0.036376953125;0.953857421875;;;;;;;;;;;;;;;
82.03176879882812;0.181396484375;0.21044921875;1.077880859375;;;;;;;;;;;;;;;
82.03512573242188;-0.305419921875;0.139404296875;0.705810546875;;;;;;;;;;;;;;;
82.0384521484375;0.184814453125;0.220947265625;0.942626953125;;;;;;;;;;;;;;;
82.04183959960938;0.13916015625;-0.123291015625;1.178466796875;;;;;;;;;;;;;;;
82.04522705078125;-0.08251953125;-0.190673828125;1.112548828125;;;;;;;;;;;;;;;
82.048583984375;-0.084228515625;0.143310546875;1.07177734375;;;;;;;;;;;;;;;
82.05197143554688;-0.17236328125;0.129150390625;0.798828125;;;;;;;;;;;;;;;
82.05532836914062;-0.05712890625;0.4619140625;1.07958984375;;;;;;;;;;;;;;;
82.0587158203125;-0.036865234375;-0.064453125;0.967529296875;;;;;;;;;;;;;;;
82.06204223632812;0.142822265625;0.226806640625;1.203369140625;;;;;;;;;;;;;;;
82.06533813476562;-0.28076171875;-0.030517578125;0.8642578125;;;;;;;;;;;;;;;
82.06878662109375;0.2783203125;0.023681640625;0.811767578125;;;;;;;;;;;;;;;
82.0721435546875;0.1826171875;0.232177734375;1.132080078125;;;;;;;;;;;;;;;
82.07550048828125;-0.033447265625;0.009033203125;1.046875;;;;;;;;;;;;;;;
82.07891845703125;-0.21533203125;0.339111328125;1.1943359375;;;;;;;;;;;;;;;
82.08224487304688;-0.360107421875;-0.195068359375;0.83203125;;;;;;;;;;;;;;;
82.0855712890625;0.02490234375;0.25927734375;0.925537109375;;;;;;;;;;;;;;;
82.08889770507812;-0.17919921875;0.0283203125;0.970458984375;;;;;;;;;;;;;;;
82.09225463867188;0.109375;0.101806640625;1.12451171875;;;;;;;;;;;;;;;
82.09564208984375;-0.057861328125;0.095458984375;1.177978515625;;;;;;;;;;;;;;;
82.0989990234375;-0.079833984375;-0.055419921875;0.8759765625;;;;;;;;;;;;;;;
82.10232543945312;-0.091064453125;0.205322265625;0.989990234375;;;;;;;;;;;;;;;
82.10568237304688;-0.189697265625;0.0908203125;0.823974609375;;;;;;;;;;;;;;;
82.1090087890625;0.080322265625;0.236083984375;1.13232421875;;;;;;;;;;;;;;;
82.11233520507812;-0.145263671875;0.004150390625;1.069091796875;;;;;;;;;;;;;;;
82.11572265625;0.149658203125;-0.0341796875;1.060546875;;;;;;;;;;;;;;;
82.119140625;-0.093994140625;0.16357421875;1.00537109375;;;;;;;;;;;;;;;
82.12255859375;-0.219482421875;0.05322265625;0.8779296875;;;;;;;;;;;;;;;
82.12594604492188;-0.05712890625;0.276123046875;1.149658203125;;;;;;;;;;;;;;;
82.1292724609375;-0.15380859375;-0.241455078125;0.998779296875;;;;;;;;;;;;;;;
82.13262939453125;0.03173828125;0.097900390625;1.0341796875;;;;;;;;;;;;;;;
82.135986328125;-0.236328125;0.0947265625;0.762451171875;;;;;;;;;;;;;;;
82.13931274414062;0.00537109375;0.264892578125;0.953857421875;;;;;;;;;;;;;;;
82.14273071289062;0.035888671875;0.16259765625;1.1748046875;;;;;;;;;;;;;;;
82.14608764648438;0.01123046875;-0.1123046875;1.048095703125;;;;;;;;;;;;;;;
82.14947509765625;-0.09716796875;0.160400390625;1.08544921875;;;;;;;;;;;;;;;
82.15277099609375;-0.204833984375;0.01171875;0.765625;;;;;;;;;;;;;;;
82.1561279296875;-0.1142578125;0.346923828125;1.024658203125;;;;;;;;;;;;;;;
82.15951538085938;-0.115966796875;-0.025390625;1.051513671875;;;;;;;;;;;;;;;
82.162841796875;0.1220703125;-0.000244140625;1.1708984375;;;;;;;;;;;;;;;
82.16616821289062;-0.14013671875;0.1943359375;1.101806640625;;;;;;;;;;;;;;;
82.16952514648438;-0.14306640625;-0.014404296875;0.82861328125;;;;;;;;;;;;;;;
82.1729736328125;-0.143798828125;0.411865234375;1.0400390625;;;;;;;;;;;;;;;
82.17636108398438;0.05615234375;-0.349853515625;0.950927734375;;;;;;;;;;;;;;;
82.1796875;0.058837890625;0.346923828125;1.19580078125;;;;;;;;;;;;;;;
82.18301391601562;-0.17138671875;-0.067138671875;0.892578125;;;;;;;;;;;;;;;
82.18634033203125;0.079345703125;0.2783203125;0.866943359375;;;;;;;;;;;;;;;
82.18978881835938;-0.02294921875;0.18603515625;1.097412109375;;;;;;;;;;;;;;;
82.19314575195312;-0.184814453125;-0.09716796875;1.029052734375;;;;;;;;;;;;;;;
82.19659423828125;-0.1103515625;0.208984375;1.24755859375;;;;;;;;;;;;;;;
82.19998168945312;-0.16845703125;-0.33544921875;0.8330078125;;;;;;;;;;;;;;;
82.20339965820312;0.025390625;0.427734375;1.008056640625;;;;;;;;;;;;;;;
82.20672607421875;-0.31884765625;-0.116943359375;0.921142578125;;;;;;;;;;;;;;;
82.21011352539062;0.096923828125;0.31494140625;1.129638671875;;;;;;;;;;;;;;;
82.2135009765625;0.263427734375;0.054931640625;1.202392578125;;;;;;;;;;;;;;;
82.21688842773438;-0.142822265625;0.0283203125;0.8974609375;;;;;;;;;;;;;;;
82.22030639648438;-0.111572265625;0.103271484375;1.003173828125;;;;;;;;;;;;;;;
82.2237548828125;-0.11083984375;-0.0556640625;0.826171875;;;;;;;;;;;;;;;
82.22708129882812;0.078369140625;0.30712890625;1.157470703125;;;;;;;;;;;;;;;
82.23049926757812;-0.05810546875;-0.247314453125;1.03857421875;;;;;;;;;;;;;;;
82.23394775390625;0.133056640625;0.173828125;1.151611328125;;;;;;;;;;;;;;;
82.23733520507812;0.0537109375;0.04150390625;1.000732421875;;;;;;;;;;;;;;;
82.24069213867188;-0.22998046875;0.060302734375;0.90869140625;;;;;;;;;;;;;;;
82.24407958984375;-0.12060546875;0.036376953125;1.10107421875;;;;;;;;;;;;;;;
82.24746704101562;-0.139404296875;-0.26708984375;0.98779296875;;;;;;;;;;;;;;;
82.25091552734375;0.021240234375;0.299560546875;1.09765625;;;;;;;;;;;;;;;
82.2542724609375;-0.149658203125;0.00244140625;0.775146484375;;;;;;;;;;;;;;;
82.25765991210938;0.2177734375;0.42626953125;1.054443359375;;;;;;;;;;;;;;;
82.26113891601562;1.25732421875;0.08349609375;1.12060546875;;;;;;;;;;;;;;;
82.26449584960938;-0.08935546875;-0.05419921875;1.035888671875;;;;;;;;;;;;;;;
82.26791381835938;-0.14794921875;-0.09130859375;1.121826171875;;;;;;;;;;;;;;;
82.27133178710938;-0.0234375;-0.171875;0.8115234375;;;;;;;;;;;;;;;
82.27474975585938;-0.13720703125;0.34326171875;1.015869140625;;;;;;;;;;;;;;;
82.27813720703125;-0.117431640625;-0.1064453125;1.009033203125;;;;;;;;;;;;;;;
82.28146362304688;0.142333984375;0.279296875;1.276611328125;;;;;;;;;;;;;;;
82.284912109375;-0.383544921875;0.12109375;1.117919921875;;;;;;;;;;;;;;;
82.28826904296875;-0.273193359375;0.0078125;0.84814453125;;;;;;;;;;;;;;;
82.29156494140625;-0.18896484375;0.141357421875;0.9775390625;;;;;;;;;;;;;;;
82.29498291015625;0.103515625;-0.349853515625;0.968017578125;;;;;;;;;;;;;;;
82.29840087890625;-0.030029296875;0.234375;1.20703125;;;;;;;;;;;;;;;
82.3017578125;-0.107177734375;-0.1103515625;0.913330078125;;;;;;;;;;;;;;;
82.30511474609375;0.07666015625;0.442626953125;0.977294921875;;;;;;;;;;;;;;;
82.30844116210938;-0.385498046875;0.081298828125;0.9736328125;;;;;;;;;;;;;;;
82.31179809570312;-0.08544921875;-0.010986328125;1.08935546875;;;;;;;;;;;;;;;
82.31524658203125;-0.131591796875;-0.04736328125;1.222900390625;;;;;;;;;;;;;;;
82.318603515625;0.03125;-0.1845703125;0.9267578125;;;;;;;;;;;;;;;
82.3218994140625;-0.1064453125;0.340576171875;0.974853515625;;;;;;;;;;;;;;;
82.32522583007812;-0.19482421875;-0.069580078125;0.834228515625;;;;;;;;;;;;;;;
82.32858276367188;0.31396484375;0.341552734375;1.198974609375;;;;;;;;;;;;;;;
82.33206176757812;-0.13916015625;0.147216796875;1.170654296875;;;;;;;;;;;;;;;
82.33538818359375;-0.1240234375;0.049560546875;0.981201171875;;;;;;;;;;;;;;;
82.3387451171875;-0.22265625;-0.0244140625;0.9599609375;;;;;;;;;;;;;;;
82.34222412109375;-0.0703125;-0.167236328125;0.842041015625;;;;;;;;;;;;;;;
82.34555053710938;-0.001220703125;0.17724609375;1.1533203125;;;;;;;;;;;;;;;
82.34893798828125;-0.09765625;-0.280517578125;1.007080078125;;;;;;;;;;;;;;;
82.352294921875;0.11181640625;0.25146484375;1.21142578125;;;;;;;;;;;;;;;
82.35568237304688;-0.11181640625;0.109130859375;0.930419921875;;;;;;;;;;;;;;;
82.35903930664062;-0.041015625;0.23291015625;0.94873046875;;;;;;;;;;;;;;;
82.36236572265625;-0.061767578125;0.013671875;1.024658203125;;;;;;;;;;;;;;;
82.36575317382812;0.03564453125;-0.24267578125;1.07666015625;;;;;;;;;;;;;;;
82.36929321289062;-0.110107421875;0.273193359375;1.08544921875;;;;;;;;;;;;;;;
82.37261962890625;-0.08203125;-0.15576171875;0.796875;;;;;;;;;;;;;;;
82.37603759765625;0.2314453125;0.3916015625;1.0634765625;;;;;;;;;;;;;;;
82.37942504882812;-0.18994140625;0.1376953125;1.044189453125;;;;;;;;;;;;;;;
82.38275146484375;0.025146484375;0.059326171875;1.232177734375;;;;;;;;;;;;;;;
82.38613891601562;-0.2900390625;-0.077392578125;1.073486328125;;;;;;;;;;;;;;;
82.3895263671875;0.0146484375;-0.295166015625;0.838623046875;;;;;;;;;;;;;;;
82.39291381835938;-0.003662109375;0.255615234375;0.933349609375;;;;;;;;;;;;;;;
82.39627075195312;-0.06103515625;-0.11328125;0.923828125;;;;;;;;;;;;;;;
82.39968872070312;0.143310546875;0.29150390625;1.308349609375;;;;;;;;;;;;;;;
82.40298461914062;-0.27197265625;0.04443359375;1.038330078125;;;;;;;;;;;;;;;
82.4063720703125;-0.0673828125;0.035400390625;0.89013671875;;;;;;;;;;;;;;;
82.40966796875;-0.080078125;0.093994140625;0.8876953125;;;;;;;;;;;;;;;
82.4129638671875;0.162353515625;-0.204345703125;0.989501953125;;;;;;;;;;;;;;;
82.4163818359375;0.092529296875;0.226806640625;1.156982421875;;;;;;;;;;;;;;;
82.41986083984375;-0.068603515625;-0.07275390625;0.985107421875;;;;;;;;;;;;;;;
82.4232177734375;-0.11328125;0.339111328125;1.043701171875;;;;;;;;;;;;;;;
82.42660522460938;-0.404052734375;-0.022705078125;0.85546875;;;;;;;;;;;;;;;
82.429931640625;0.12744140625;-0.06201171875;1.1142578125;;;;;;;;;;;;;;;
82.43328857421875;0.07080078125;-0.060546875;1.142333984375;;;;;;;;;;;;;;;
82.43670654296875;0.16552734375;0.072998046875;1.018798828125;;;;;;;;;;;;;;;
82.44009399414062;0.012451171875;0.286376953125;0.927734375;;;;;;;;;;;;;;;
82.44351196289062;-0.115478515625;0.013427734375;0.804443359375;;;;;;;;;;;;;;;
82.44686889648438;0.10791015625;0.190673828125;1.220947265625;;;;;;;;;;;;;;;
82.45025634765625;-0.349365234375;0.069091796875;1.02685546875;;;;;;;;;;;;;;;
82.45355224609375;0.240234375;-0.01904296875;1.081787109375;;;;;;;;;;;;;;;
82.45697021484375;-0.35400390625;0.051025390625;0.8427734375;;;;;;;;;;;;;;;
82.46038818359375;0.2158203125;-0.123779296875;0.863525390625;;;;;;;;;;;;;;;
82.46371459960938;0.091552734375;0.197998046875;1.115966796875;;;;;;;;;;;;;;;
82.46710205078125;0.09716796875;-0.12255859375;1.0556640625;;;;;;;;;;;;;;;
82.47052001953125;-0.1572265625;0.3154296875;1.2080078125;;;;;;;;;;;;;;;
82.47393798828125;-0.275634765625;-0.090087890625;0.797119140625;;;;;;;;;;;;;;;
82.47732543945312;0.285400390625;0.181884765625;1.00341796875;;;;;;;;;;;;;;;
82.48077392578125;-0.197021484375;0.1220703125;0.914794921875;;;;;;;;;;;;;;;
82.48416137695312;0.0869140625;-0.01953125;1.102783203125;;;;;;;;;;;;;;;
82.48757934570312;-0.172119140625;0.112548828125;1.083740234375;;;;;;;;;;;;;;;
82.490966796875;0.004638671875;-0.14501953125;0.840576171875;;;;;;;;;;;;;;;
82.49432373046875;0.04443359375;0.204345703125;1.055419921875;;;;;;;;;;;;;;;
82.49774169921875;-0.308349609375;-0.001220703125;0.88720703125;;;;;;;;;;;;;;;
82.5010986328125;0.575927734375;0.0693359375;1.372314453125;;;;;;;;;;;;;;;
82.50454711914062;-0.336669921875;0.131591796875;1.01318359375;;;;;;;;;;;;;;;
82.50799560546875;0.165771484375;0.187255859375;0.85595703125;;;;;;;;;;;;;;;
82.5113525390625;0.170654296875;0.23876953125;0.89599609375;;;;;;;;;;;;;;;
82.51470947265625;-0.0283203125;-0.134765625;0.9423828125;;;;;;;;;;;;;;;
82.51809692382812;0.01904296875;0.22509765625;1.2919921875;;;;;;;;;;;;;;;
82.52145385742188;-0.423828125;-0.13232421875;0.955322265625;;;;;;;;;;;;;;;
82.52487182617188;-0.060791015625;0.20068359375;0.931640625;;;;;;;;;;;;;;;
82.5281982421875;-0.163330078125;0.160888671875;0.82275390625;;;;;;;;;;;;;;;
82.531494140625;0.13525390625;0.14013671875;1.036376953125;;;;;;;;;;;;;;;
82.53494262695312;-0.079345703125;0.124755859375;1.119140625;;;;;;;;;;;;;;;
82.53829956054688;0.060791015625;-0.19189453125;1.078369140625;;;;;;;;;;;;;;;
82.5416259765625;-0.232421875;0.16259765625;1.08349609375;;;;;;;;;;;;;;;
82.54501342773438;-0.4755859375;-0.10791015625;0.740966796875;;;;;;;;;;;;;;;
82.54843139648438;0.5673828125;0.073974609375;1.207275390625;;;;;;;;;;;;;;;
82.55178833007812;-0.115478515625;0.029296875;1.11279296875;;;;;;;;;;;;;;;
82.55511474609375;0.1640625;0.340576171875;1.09619140625;;;;;;;;;;;;;;;
82.5584716796875;-0.3154296875;0.1787109375;0.868896484375;;;;;;;;;;;;;;;
82.56195068359375;0.0693359375;0.01025390625;0.75537109375;;;;;;;;;;;;;;;
82.5653076171875;0.053955078125;0.116943359375;1.175048828125;;;;;;;;;;;;;;;
82.56866455078125;-0.299072265625;-0.05517578125;1.032470703125;;;;;;;;;;;;;;;
82.57205200195312;0.20947265625;-0.01953125;1.119140625;;;;;;;;;;;;;;;
82.575439453125;-0.1982421875;0.035400390625;0.847412109375;;;;;;;;;;;;;;;
82.57882690429688;0.153564453125;0.1455078125;0.9111328125;;;;;;;;;;;;;;;
82.5821533203125;-0.179931640625;0.173828125;1.05419921875;;;;;;;;;;;;;;;
82.58560180664062;0.120849609375;0.03955078125;1.0732421875;;;;;;;;;;;;;;;
82.58895874023438;-0.216552734375;0.316650390625;1.201904296875;;;;;;;;;;;;;;;
82.59234619140625;-0.2216796875;-0.1611328125;0.833251953125;;;;;;;;;;;;;;;
82.59588623046875;0.09228515625;0.082763671875;1.021728515625;;;;;;;;;;;;;;;
82.5992431640625;-0.03662109375;-0.0078125;0.88671875;;;;;;;;;;;;;;;
82.60275268554688;0.168212890625;0.2236328125;1.1328125;;;;;;;;;;;;;;;
82.60617065429688;-0.140869140625;0.11572265625;1.0439453125;;;;;;;;;;;;;;;
82.60958862304688;0.06494140625;-0.1142578125;0.9404296875;;;;;;;;;;;;;;;
82.61294555664062;-0.295654296875;0.256103515625;1.054931640625;;;;;;;;;;;;;;;
82.61627197265625;-0.37548828125;-0.08447265625;0.89306640625;;;;;;;;;;;;;;;
82.6197509765625;0.221435546875;0.033447265625;1.2900390625;;;;;;;;;;;;;;;
82.62310791015625;0.016845703125;0.011474609375;0.979248046875;;;;;;;;;;;;;;;
82.62652587890625;0.24365234375;0.342529296875;0.9794921875;;;;;;;;;;;;;;;
82.6298828125;-0.170654296875;0.179931640625;0.794189453125;;;;;;;;;;;;;;;
82.63333129882812;0.01123046875;0.068603515625;0.9521484375;;;;;;;;;;;;;;;
82.63665771484375;-0.00927734375;0.0361328125;1.212890625;;;;;;;;;;;;;;;
82.63995361328125;-0.104736328125;-0.1279296875;1.066650390625;;;;;;;;;;;;;;;
82.643310546875;0.09033203125;0.157958984375;1.076904296875;;;;;;;;;;;;;;;
82.64669799804688;-0.235107421875;0.04248046875;0.81103515625;;;;;;;;;;;;;;;
82.65005493164062;0.003173828125;0.3232421875;1.036376953125;;;;;;;;;;;;;;;
82.65347290039062;0.005859375;0.01904296875;1.091796875;;;;;;;;;;;;;;;
82.65692138671875;0.033203125;-0.197509765625;1.103271484375;;;;;;;;;;;;;;;
82.6602783203125;-0.186279296875;0.07275390625;0.975830078125;;;;;;;;;;;;;;;
82.66363525390625;-0.264892578125;-0.0146484375;0.833984375;;;;;;;;;;;;;;;
82.66696166992188;0.048828125;0.180908203125;1.173583984375;;;;;;;;;;;;;;;
82.67034912109375;-0.067626953125;0.0498046875;1.028076171875;;;;;;;;;;;;;;;
82.6737060546875;0.057861328125;0.31494140625;1.130615234375;;;;;;;;;;;;;;;
82.67715454101562;-0.237060546875;0.154296875;0.82861328125;;;;;;;;;;;;;;;
82.68051147460938;0.09130859375;0.037353515625;0.900390625;;;;;;;;;;;;;;;
82.6839599609375;-0.079833984375;0.060546875;1.111083984375;;;;;;;;;;;;;;;
82.68740844726562;-0.13818359375;-0.175048828125;1.054931640625;;;;;;;;;;;;;;;
82.69076538085938;0.044677734375;0.10009765625;1.239013671875;;;;;;;;;;;;;;;
82.69418334960938;-0.268798828125;-0.02587890625;0.81884765625;;;;;;;;;;;;;;;
82.69757080078125;0.128173828125;0.26708984375;0.985595703125;;;;;;;;;;;;;;;
82.70095825195312;-0.252197265625;0.16845703125;0.994873046875;;;;;;;;;;;;;;;
82.704345703125;0.05859375;0.110595703125;1.109619140625;;;;;;;;;;;;;;;
82.70773315429688;-0.143310546875;0.15625;1.11376953125;;;;;;;;;;;;;;;
82.7110595703125;0.146484375;-0.142822265625;0.805908203125;;;;;;;;;;;;;;;
82.71441650390625;0.314453125;0.1416015625;1.088623046875;;;;;;;;;;;;;;;
82.7177734375;-0.178466796875;0.115966796875;0.89111328125;;;;;;;;;;;;;;;
82.72116088867188;-0.056396484375;0.154052734375;1.184326171875;;;;;;;;;;;;;;;
82.7244873046875;-0.28564453125;0.064208984375;0.99853515625;;;;;;;;;;;;;;;
82.72784423828125;0.1298828125;-0.0703125;0.970458984375;;;;;;;;;;;;;;;
82.73117065429688;-0.111328125;0.164306640625;0.97705078125;;;;;;;;;;;;;;;
82.734619140625;-0.046630859375;0.100341796875;0.886474609375;;;;;;;;;;;;;;;
82.73794555664062;0.302490234375;0.11669921875;1.336669921875;;;;;;;;;;;;;;;
82.74130249023438;-0.21142578125;-0.093017578125;0.955322265625;;;;;;;;;;;;;;;
82.74468994140625;0.272216796875;0.263427734375;1.068603515625;;;;;;;;;;;;;;;
82.748046875;-0.274169921875;0.133056640625;0.765869140625;;;;;;;;;;;;;;;
82.75152587890625;-0.061767578125;0.207763671875;0.92822265625;;;;;;;;;;;;;;;
82.7548828125;0.038330078125;-0.009033203125;1.197265625;;;;;;;;;;;;;;;
82.75823974609375;-0.069580078125;-0.1103515625;1.04931640625;;;;;;;;;;;;;;;
82.76165771484375;0.180908203125;0.19775390625;1.113525390625;;;;;;;;;;;;;;;
82.76495361328125;-0.177978515625;-0.065185546875;0.804443359375;;;;;;;;;;;;;;;
82.76828002929688;0.049072265625;0.400634765625;1.0703125;;;;;;;;;;;;;;;
82.771728515625;-0.00341796875;-0.14208984375;1.0205078125;;;;;;;;;;;;;;;
82.77508544921875;0.092041015625;0.28955078125;1.16455078125;;;;;;;;;;;;;;;
82.7784423828125;-0.221435546875;0.00439453125;0.920654296875;;;;;;;;;;;;;;;
82.78182983398438;-0.096435546875;0.10302734375;0.77490234375;;;;;;;;;;;;;;;
82.78518676757812;0.277587890625;0.259033203125;1.18994140625;;;;;;;;;;;;;;;
82.78860473632812;-0.24462890625;0.06640625;1.043701171875;;;;;;;;;;;;;;;
82.79193115234375;0.063720703125;0.291748046875;1.208740234375;;;;;;;;;;;;;;;
82.79537963867188;-0.310302734375;-0.29638671875;0.793212890625;;;;;;;;;;;;;;;
82.798828125;0.199462890625;0.206298828125;0.979248046875;;;;;;;;;;;;;;;
82.80227661132812;0.0439453125;-0.031005859375;1.039306640625;;;;;;;;;;;;;;;
82.8056640625;-0.10107421875;-0.27490234375;1.04736328125;;;;;;;;;;;;;;;
82.80899047851562;0.12890625;0.11376953125;1.251220703125;;;;;;;;;;;;;;;
82.81243896484375;-0.15283203125;0.065185546875;0.8544921875;;;;;;;;;;;;;;;
82.81582641601562;0.0263671875;0.545166015625;0.99609375;;;;;;;;;;;;;;;
82.8192138671875;-0.230224609375;0.09619140625;0.825439453125;;;;;;;;;;;;;;;
82.82254028320312;0.148681640625;0.198486328125;1.15625;;;;;;;;;;;;;;;
82.82601928710938;-0.178466796875;0.06689453125;1.082763671875;;;;;;;;;;;;;;;
82.829345703125;0.15869140625;-0.150390625;0.88818359375;;;;;;;;;;;;;;;
82.83282470703125;-0.03369140625;0.179931640625;1.02197265625;;;;;;;;;;;;;;;
82.836181640625;-0.115966796875;0.124755859375;0.88525390625;;;;;;;;;;;;;;;
82.839599609375;-0.13623046875;0.303955078125;1.201416015625;;;;;;;;;;;;;;;
82.843017578125;-0.246337890625;-0.20556640625;0.989501953125;;;;;;;;;;;;;;;
82.84640502929688;0.0439453125;0.15283203125;1.037841796875;;;;;;;;;;;;;;;
82.84979248046875;-0.23095703125;0.0498046875;0.903076171875;;;;;;;;;;;;;;;
82.85324096679688;0.038818359375;0.12353515625;0.9404296875;;;;;;;;;;;;;;;
82.85659790039062;-0.037109375;0.062255859375;1.177001953125;;;;;;;;;;;;;;;
82.86004638671875;-0.03955078125;-0.057373046875;1.03857421875;;;;;;;;;;;;;;;
82.86346435546875;-0.13623046875;0.177001953125;1.090576171875;;;;;;;;;;;;;;;
82.8668212890625;-0.284423828125;0.056640625;0.78173828125;;;;;;;;;;;;;;;
82.87026977539062;-0.041015625;0.315185546875;0.993408203125;;;;;;;;;;;;;;;
82.8736572265625;-0.144287109375;0.000244140625;1.068603515625;;;;;;;;;;;;;;;
82.8770751953125;0.174072265625;-0.108642578125;1.1787109375;;;;;;;;;;;;;;;
82.88052368164062;-0.21630859375;0.17822265625;1.093505859375;;;;;;;;;;;;;;;
82.88397216796875;-0.157470703125;-0.06494140625;0.817626953125;;;;;;;;;;;;;;;
82.88742065429688;-0.1669921875;0.427734375;1.026611328125;;;;;;;;;;;;;;;
82.890869140625;-0.009521484375;-0.275390625;0.987548828125;;;;;;;;;;;;;;;
82.89425659179688;-0.040283203125;0.284912109375;1.178955078125;;;;;;;;;;;;;;;
82.89764404296875;-0.21484375;0.0087890625;0.89013671875;;;;;;;;;;;;;;;
82.90106201171875;-0.026123046875;0.181640625;0.8369140625;;;;;;;;;;;;;;;
82.90451049804688;-0.06982421875;0.270751953125;1.05078125;;;;;;;;;;;;;;;
82.90786743164062;-0.027099609375;-0.132080078125;1.037353515625;;;;;;;;;;;;;;;
82.91122436523438;-0.085693359375;0.203125;1.209716796875;;;;;;;;;;;;;;;
82.91461181640625;-0.123046875;-0.36181640625;0.8818359375;;;;;;;;;;;;;;;
82.91796875;-0.085205078125;0.304931640625;0.955810546875;;;;;;;;;;;;;;;
82.92138671875;-0.208984375;0.04052734375;0.923828125;;;;;;;;;;;;;;;
82.92474365234375;0.2314453125;0.298828125;1.11865234375;;;;;;;;;;;;;;;
82.92813110351562;0.021240234375;0.21533203125;1.217529296875;;;;;;;;;;;;;;;
82.93148803710938;-0.053955078125;-0.07666015625;0.917724609375;;;;;;;;;;;;;;;
82.9349365234375;-0.14599609375;0.4296875;1.0087890625;;;;;;;;;;;;;;;
82.93829345703125;-0.15576171875;-0.09619140625;0.78125;;;;;;;;;;;;;;;
82.9417724609375;0.100341796875;0.262939453125;1.12939453125;;;;;;;;;;;;;;;
82.94515991210938;-0.07568359375;-0.025146484375;1.0546875;;;;;;;;;;;;;;;
82.948486328125;0.11083984375;0.12841796875;1.162353515625;;;;;;;;;;;;;;;
82.95181274414062;-0.010498046875;0.15380859375;1.02294921875;;;;;;;;;;;;;;;
82.95516967773438;-0.20166015625;0.062744140625;0.873291015625;;;;;;;;;;;;;;;
82.95849609375;-0.068359375;0.19677734375;1.216064453125;;;;;;;;;;;;;;;
82.9619140625;-0.092529296875;-0.34521484375;0.9873046875;;;;;;;;;;;;;;;
82.96527099609375;0.043701171875;0.2509765625;1.09423828125;;;;;;;;;;;;;;;
82.96868896484375;-0.25;-0.00732421875;0.849853515625;;;;;;;;;;;;;;;
82.97201538085938;0.176513671875;0.35302734375;0.995361328125;;;;;;;;;;;;;;;
82.97537231445312;-0.091796875;0.0888671875;1.174072265625;;;;;;;;;;;;;;;
82.978759765625;-0.186767578125;-0.099609375;1.059326171875;;;;;;;;;;;;;;;
82.98223876953125;-0.2138671875;0.025146484375;1.12939453125;;;;;;;;;;;;;;;
82.985595703125;-0.11181640625;-0.1669921875;0.79296875;;;;;;;;;;;;;;;
82.98898315429688;-0.06787109375;0.43701171875;0.99951171875;;;;;;;;;;;;;;;
82.99234008789062;-0.11181640625;-0.03662109375;1.031005859375;;;;;;;;;;;;;;;
82.99566650390625;0.0576171875;0.1845703125;1.248046875;;;;;;;;;;;;;;;
82.99911499023438;-0.188232421875;0.057861328125;1.1376953125;;;;;;;;;;;;;;;
83.00250244140625;-0.25634765625;-0.057861328125;0.827880859375;;;;;;;;;;;;;;;
83.00579833984375;-0.10693359375;0.171630859375;0.982177734375;;;;;;;;;;;;;;;
83.00924682617188;0.083984375;-0.388916015625;0.958984375;;;;;;;;;;;;;;;
83.01263427734375;0.039306640625;0.36376953125;1.2041015625;;;;;;;;;;;;;;;
83.01605224609375;-0.153564453125;-0.03271484375;0.89599609375;;;;;;;;;;;;;;;
83.01956176757812;0.01806640625;0.4189453125;0.931884765625;;;;;;;;;;;;;;;
83.02294921875;-0.16357421875;0.080322265625;1.03125;;;;;;;;;;;;;;;
83.0263671875;-0.198974609375;-0.01171875;1.0263671875;;;;;;;;;;;;;;;
83.02975463867188;-0.102294921875;-0.15087890625;1.258544921875;;;;;;;;;;;;;;;
83.03311157226562;-0.08203125;-0.247802734375;0.9150390625;;;;;;;;;;;;;;;
83.03659057617188;-0.0087890625;0.296142578125;0.9814453125;;;;;;;;;;;;;;;
83.04000854492188;-0.1884765625;-0.0107421875;0.84228515625;;;;;;;;;;;;;;;
83.04339599609375;0.22216796875;0.409423828125;1.177734375;;;;;;;;;;;;;;;
83.0467529296875;-0.054931640625;0.21337890625;1.1552734375;;;;;;;;;;;;;;;
83.05010986328125;-0.07861328125;0.017578125;0.9697265625;;;;;;;;;;;;;;;
83.053466796875;-0.20068359375;-0.1123046875;0.96728515625;;;;;;;;;;;;;;;
83.056884765625;-0.053955078125;-0.187255859375;0.833984375;;;;;;;;;;;;;;;
83.06021118164062;0.04833984375;0.160888671875;1.136474609375;;;;;;;;;;;;;;;
83.0635986328125;-0.11328125;-0.140869140625;1.00732421875;;;;;;;;;;;;;;;
83.06698608398438;0.08984375;0.2548828125;1.204345703125;;;;;;;;;;;;;;;
83.07037353515625;-0.214111328125;0.140869140625;0.901123046875;;;;;;;;;;;;;;;
83.07376098632812;-0.01611328125;0.13330078125;0.920654296875;;;;;;;;;;;;;;;
83.07717895507812;-0.031982421875;0.011474609375;1.03173828125;;;;;;;;;;;;;;;
83.08065795898438;0.06689453125;-0.25;1.07958984375;;;;;;;;;;;;;;;
83.08401489257812;-0.1044921875;0.23486328125;1.074462890625;;;;;;;;;;;;;;;
83.08737182617188;-0.094970703125;-0.0537109375;0.787109375;;;;;;;;;;;;;;;
83.09072875976562;0.202880859375;0.331787109375;1.055419921875;;;;;;;;;;;;;;;
83.09417724609375;-0.17919921875;0.17724609375;1.029541015625;;;;;;;;;;;;;;;
83.09759521484375;0.101806640625;-0.04150390625;1.091796875;;;;;;;;;;;;;;;
83.10110473632812;-0.19140625;0.00537109375;1.099609375;;;;;;;;;;;;;;;
83.10443115234375;-0.0341796875;-0.20751953125;0.857177734375;;;;;;;;;;;;;;;
83.10781860351562;-0.0771484375;0.296875;0.977783203125;;;;;;;;;;;;;;;
83.11129760742188;-0.0830078125;-0.125;0.918212890625;;;;;;;;;;;;;;;
83.11480712890625;0.117919921875;0.192626953125;1.290771484375;;;;;;;;;;;;;;;
83.11819458007812;-0.153564453125;0.051025390625;1.0224609375;;;;;;;;;;;;;;;
83.12158203125;0.01123046875;0.052978515625;0.896728515625;;;;;;;;;;;;;;;
83.12490844726562;-0.08154296875;0.1953125;0.92236328125;;;;;;;;;;;;;;;
83.1282958984375;0.03759765625;-0.21337890625;0.99853515625;;;;;;;;;;;;;;;
83.1317138671875;0.0234375;0.2099609375;1.201171875;;;;;;;;;;;;;;;
83.13504028320312;-0.09228515625;-0.0390625;0.957275390625;;;;;;;;;;;;;;;
83.13836669921875;-0.106689453125;0.298828125;0.992431640625;;;;;;;;;;;;;;;
83.14175415039062;-0.204833984375;0.027587890625;0.890380859375;;;;;;;;;;;;;;;
83.14517211914062;0.138671875;-0.074462890625;1.1025390625;;;;;;;;;;;;;;;
83.14849853515625;0.057861328125;0.018798828125;1.17578125;;;;;;;;;;;;;;;
83.15185546875;0.0751953125;-0.041259765625;1.021240234375;;;;;;;;;;;;;;;
83.15518188476562;-0.125732421875;0.334228515625;0.970703125;;;;;;;;;;;;;;;
83.15859985351562;-0.12744140625;-0.08251953125;0.78857421875;;;;;;;;;;;;;;;
83.16192626953125;0.12646484375;0.26025390625;1.195556640625;;;;;;;;;;;;;;;
83.16531372070312;-0.045654296875;0.086181640625;1.09912109375;;;;;;;;;;;;;;;
83.16867065429688;0.06103515625;0.046630859375;1.0537109375;;;;;;;;;;;;;;;
83.17205810546875;-0.198974609375;0.034912109375;0.9169921875;;;;;;;;;;;;;;;
83.17547607421875;0.0146484375;-0.133056640625;0.844970703125;;;;;;;;;;;;;;;
83.17889404296875;0.055419921875;0.203125;1.1123046875;;;;;;;;;;;;;;;
83.18231201171875;0.032470703125;-0.240966796875;1.037353515625;;;;;;;;;;;;;;;
83.1856689453125;-0.12841796875;0.287841796875;1.2431640625;;;;;;;;;;;;;;;
83.18902587890625;-0.42626953125;-0.03564453125;0.90087890625;;;;;;;;;;;;;;;
83.19247436523438;-0.02294921875;0.228759765625;0.93603515625;;;;;;;;;;;;;;;
83.19586181640625;-0.086181640625;0.103271484375;0.939453125;;;;;;;;;;;;;;;
83.19924926757812;0.2041015625;-0.052734375;1.07666015625;;;;;;;;;;;;;;;
83.20260620117188;-0.18408203125;0.367919921875;1.13330078125;;;;;;;;;;;;;;;
83.2059326171875;-0.1494140625;-0.225341796875;0.814697265625;;;;;;;;;;;;;;;
83.20925903320312;-0.00634765625;0.282470703125;1.08935546875;;;;;;;;;;;;;;;
83.21267700195312;-0.460205078125;0.022705078125;0.942138671875;;;;;;;;;;;;;;;
83.21600341796875;0.27197265625;0.044189453125;1.247802734375;;;;;;;;;;;;;;;
83.21939086914062;-0.159423828125;0.14013671875;1.0849609375;;;;;;;;;;;;;;;
83.22274780273438;0.108154296875;-0.14794921875;0.893798828125;;;;;;;;;;;;;;;
83.22616577148438;-0.23779296875;0.372802734375;0.868896484375;;;;;;;;;;;;;;;
83.22958374023438;-0.207275390625;-0.262451171875;0.90625;;;;;;;;;;;;;;;
83.23287963867188;0.04443359375;0.2744140625;1.267822265625;;;;;;;;;;;;;;;
83.236328125;-0.1875;-0.124267578125;1.0830078125;;;;;;;;;;;;;;;
83.23971557617188;-0.056884765625;0.2138671875;0.95556640625;;;;;;;;;;;;;;;
83.2431640625;-0.245361328125;0.08984375;0.843017578125;;;;;;;;;;;;;;;
83.24655151367188;0.10595703125;0.052490234375;0.994384765625;;;;;;;;;;;;;;;
83.24996948242188;-0.0478515625;0.163330078125;1.177978515625;;;;;;;;;;;;;;;
83.2532958984375;0.112060546875;-0.265625;1.025146484375;;;;;;;;;;;;;;;
83.25674438476562;-0.226318359375;0.368408203125;1.081298828125;;;;;;;;;;;;;;;
83.2601318359375;-0.434326171875;-0.14990234375;0.85693359375;;;;;;;;;;;;;;;
83.26361083984375;-0.004150390625;0.11328125;1.12890625;;;;;;;;;;;;;;;
83.2669677734375;-0.01708984375;-0.1337890625;1.134033203125;;;;;;;;;;;;;;;
83.27035522460938;0.14013671875;0.31396484375;1.040283203125;;;;;;;;;;;;;;;
83.27383422851562;-0.201904296875;0.24169921875;0.93408203125;;;;;;;;;;;;;;;
83.27734375;0.025634765625;-0.0380859375;0.767578125;;;;;;;;;;;;;;;
83.28073120117188;-0.021484375;0.26025390625;1.184814453125;;;;;;;;;;;;;;;
83.28411865234375;-0.251953125;-0.048095703125;1.0615234375;;;;;;;;;;;;;;;
83.28744506835938;-0.025146484375;0.04345703125;1.131103515625;;;;;;;;;;;;;;;
83.29083251953125;-0.234619140625;0.028076171875;0.84765625;;;;;;;;;;;;;;;
83.29428100585938;0.126220703125;0.143798828125;0.904296875;;;;;;;;;;;;;;;
83.29766845703125;-0.192138671875;0.205810546875;1.083251953125;;;;;;;;;;;;;;;
83.301025390625;0.084716796875;-0.11376953125;1.0771484375;;;;;;;;;;;;;;;
83.30438232421875;-0.205322265625;0.39599609375;1.184326171875;;;;;;;;;;;;;;;
83.30780029296875;-0.2646484375;-0.175537109375;0.8544921875;;;;;;;;;;;;;;;
83.31121826171875;0.022216796875;0.13134765625;1.029541015625;;;;;;;;;;;;;;;
83.31454467773438;-0.140380859375;-0.04345703125;0.868408203125;;;;;;;;;;;;;;;
83.31790161132812;0.149169921875;0.217529296875;1.10546875;;;;;;;;;;;;;;;
83.32131958007812;-0.146484375;0.172119140625;1.069580078125;;;;;;;;;;;;;;;
83.32470703125;0.061279296875;-0.126220703125;0.940673828125;;;;;;;;;;;;;;;
83.328125;-0.13037109375;0.27880859375;1.065673828125;;;;;;;;;;;;;;;
83.33148193359375;-0.229248046875;-0.15283203125;0.9423828125;;;;;;;;;;;;;;;
83.3348388671875;-0.002685546875;0.075439453125;1.264404296875;;;;;;;;;;;;;;;
83.33831787109375;-0.187255859375;-0.009033203125;1.0068359375;;;;;;;;;;;;;;;
83.34161376953125;0.120849609375;0.005126953125;0.9453125;;;;;;;;;;;;;;;
83.34506225585938;-0.139404296875;0.279052734375;0.812744140625;;;;;;;;;;;;;;;
83.34835815429688;0.061279296875;-0.011962890625;0.966796875;;;;;;;;;;;;;;;
83.35171508789062;-0.16162109375;0.2529296875;1.2431640625;;;;;;;;;;;;;;;
83.35519409179688;-0.0849609375;-0.192138671875;1.054443359375;;;;;;;;;;;;;;;
83.35855102539062;0.01171875;0.186279296875;1.042236328125;;;;;;;;;;;;;;;
83.36190795898438;-0.17236328125;0.1279296875;0.816650390625;;;;;;;;;;;;;;;
83.36529541015625;0.020751953125;0.28564453125;0.96044921875;;;;;;;;;;;;;;;
83.36862182617188;-0.0107421875;0.10009765625;1.1162109375;;;;;;;;;;;;;;;
83.37203979492188;0.03955078125;-0.231201171875;1.08447265625;;;;;;;;;;;;;;;
83.37542724609375;-0.192138671875;0.1982421875;1.080078125;;;;;;;;;;;;;;;
83.37881469726562;-0.26123046875;-0.140625;0.83544921875;;;;;;;;;;;;;;;
83.38217163085938;0.031005859375;0.1962890625;1.149658203125;;;;;;;;;;;;;;;
83.38555908203125;-0.00537109375;-0.0078125;1.08056640625;;;;;;;;;;;;;;;
83.3890380859375;0.084228515625;0.3955078125;1.1201171875;;;;;;;;;;;;;;;
83.39242553710938;-0.2177734375;0.173583984375;0.855224609375;;;;;;;;;;;;;;;
83.39578247070312;0.079833984375;-0.0048828125;0.782470703125;;;;;;;;;;;;;;;
83.39913940429688;-0.0849609375;0.122802734375;1.13232421875;;;;;;;;;;;;;;;
83.40255737304688;-0.12890625;-0.171142578125;1.05859375;;;;;;;;;;;;;;;
83.40597534179688;-0.073974609375;0.125;1.234375;;;;;;;;;;;;;;;
83.409423828125;-0.214111328125;-0.023193359375;0.835693359375;;;;;;;;;;;;;;;
83.41287231445312;0.098876953125;0.330322265625;0.960205078125;;;;;;;;;;;;;;;
83.41622924804688;-0.2265625;0.196533203125;1.01806640625;;;;;;;;;;;;;;;
83.41961669921875;0.05908203125;0.017333984375;1.10009765625;;;;;;;;;;;;;;;
83.4229736328125;-0.140625;0.18603515625;1.15380859375;;;;;;;;;;;;;;;
83.42636108398438;0.015625;-0.25;0.854248046875;;;;;;;;;;;;;;;
83.4298095703125;0.05517578125;0.174560546875;1.0693359375;;;;;;;;;;;;;;;
83.43319702148438;-0.139404296875;0.117919921875;0.88720703125;;;;;;;;;;;;;;;
83.43655395507812;-0.0244140625;0.242431640625;1.157470703125;;;;;;;;;;;;;;;
83.43997192382812;-0.21923828125;0.05517578125;1.021240234375;;;;;;;;;;;;;;;
83.443359375;0.077392578125;-0.089599609375;0.998779296875;;;;;;;;;;;;;;;
83.44680786132812;-0.215087890625;0.164794921875;0.999755859375;;;;;;;;;;;;;;;
83.45016479492188;-0.091552734375;-0.019775390625;0.866455078125;;;;;;;;;;;;;;;
83.45352172851562;0.255859375;0.068359375;1.297119140625;;;;;;;;;;;;;;;
83.45693969726562;-0.134521484375;-0.01806640625;0.984619140625;;;;;;;;;;;;;;;
83.4603271484375;0.197998046875;0.278564453125;1.07080078125;;;;;;;;;;;;;;;
83.4637451171875;-0.31787109375;0.175537109375;0.742431640625;;;;;;;;;;;;;;;
83.467041015625;-0.008056640625;0.153076171875;0.91650390625;;;;;;;;;;;;;;;
83.47042846679688;0.051513671875;0.007080078125;1.177001953125;;;;;;;;;;;;;;;
83.47381591796875;-0.005126953125;-0.22314453125;1.075439453125;;;;;;;;;;;;;;;
83.47720336914062;0.2490234375;0.124267578125;1.11474609375;;;;;;;;;;;;;;;
83.48056030273438;-0.1943359375;0.181884765625;0.7822265625;;;;;;;;;;;;;;;
83.48397827148438;0.045654296875;0.418212890625;1.0771484375;;;;;;;;;;;;;;;
83.48739624023438;-0.08154296875;-0.076904296875;1.037109375;;;;;;;;;;;;;;;
83.49078369140625;0.06787109375;-0.14013671875;1.1767578125;;;;;;;;;;;;;;;
83.494140625;-0.194091796875;0.001708984375;0.93505859375;;;;;;;;;;;;;;;
83.49749755859375;-0.092041015625;0.057373046875;0.771728515625;;;;;;;;;;;;;;;
83.5008544921875;0.26416015625;0.2373046875;1.183837890625;;;;;;;;;;;;;;;
83.50421142578125;-0.126220703125;0.079833984375;0.9931640625;;;;;;;;;;;;;;;
83.507568359375;0.130615234375;0.23095703125;1.210205078125;;;;;;;;;;;;;;;
83.51101684570312;-0.298583984375;0.0888671875;0.8203125;;;;;;;;;;;;;;;
83.51437377929688;0.12255859375;0.075927734375;0.83740234375;;;;;;;;;;;;;;;
83.51773071289062;-0.072265625;0.043212890625;1.025634765625;;;;;;;;;;;;;;;
83.52114868164062;-0.00390625;-0.217041015625;1.016845703125;;;;;;;;;;;;;;;
83.52450561523438;0.1796875;0.1806640625;1.252685546875;;;;;;;;;;;;;;;
83.52789306640625;-0.108642578125;-0.00341796875;0.88818359375;;;;;;;;;;;;;;;
83.53125;0.02783203125;0.45166015625;0.9951171875;;;;;;;;;;;;;;;
83.5345458984375;-0.213134765625;0.0927734375;0.878173828125;;;;;;;;;;;;;;;
83.53802490234375;0.16650390625;0.098388671875;1.1455078125;;;;;;;;;;;;;;;
83.54141235351562;-0.157470703125;0.012451171875;1.0908203125;;;;;;;;;;;;;;;
83.54483032226562;0.146240234375;-0.13232421875;0.8740234375;;;;;;;;;;;;;;;
83.54827880859375;0.044677734375;0.238037109375;1.031494140625;;;;;;;;;;;;;;;
83.55169677734375;-0.119873046875;0.212158203125;0.88134765625;;;;;;;;;;;;;;;
83.55508422851562;-0.07373046875;0.2802734375;1.1689453125;;;;;;;;;;;;;;;
83.55844116210938;-0.208740234375;-0.1552734375;1.001220703125;;;;;;;;;;;;;;;
83.56179809570312;0.072265625;0.017333984375;1.04052734375;;;;;;;;;;;;;;;
83.56512451171875;-0.265869140625;0.0458984375;0.909423828125;;;;;;;;;;;;;;;
83.56851196289062;-0.013671875;0.11572265625;0.903076171875;;;;;;;;;;;;;;;
83.57192993164062;0.135986328125;0.062255859375;1.21142578125;;;;;;;;;;;;;;;
83.57537841796875;-0.0283203125;-0.012939453125;1.031982421875;;;;;;;;;;;;;;;
83.5787353515625;-0.0146484375;0.212158203125;1.111572265625;;;;;;;;;;;;;;;
83.5821533203125;-0.309814453125;0.135498046875;0.754150390625;;;;;;;;;;;;;;;
83.58554077148438;0.041748046875;0.26513671875;0.935791015625;;;;;;;;;;;;;;;
83.58892822265625;-0.11181640625;-0.009765625;1.0771484375;;;;;;;;;;;;;;;
83.59231567382812;0.109130859375;-0.22021484375;1.18505859375;;;;;;;;;;;;;;;
83.59567260742188;-0.140869140625;0.07958984375;1.087646484375;;;;;;;;;;;;;;;
83.59902954101562;-0.10400390625;0.02685546875;0.8212890625;;;;;;;;;;;;;;;
83.60244750976562;-0.15380859375;0.4697265625;1.023681640625;;;;;;;;;;;;;;;
83.60577392578125;-0.129638671875;-0.13037109375;0.99169921875;;;;;;;;;;;;;;;
83.609130859375;0.02392578125;0.083740234375;1.1796875;;;;;;;;;;;;;;;
83.612548828125;-0.24072265625;0.0751953125;0.896484375;;;;;;;;;;;;;;;
83.61590576171875;-0.02197265625;-0.02001953125;0.8486328125;;;;;;;;;;;;;;;
83.61923217773438;-0.089111328125;0.1904296875;1.044921875;;;;;;;;;;;;;;;
83.62261962890625;0.00146484375;-0.155517578125;1.016845703125;;;;;;;;;;;;;;;
83.62594604492188;-0.044921875;0.283203125;1.219482421875;;;;;;;;;;;;;;;
83.62933349609375;-0.163330078125;0.043212890625;0.904052734375;;;;;;;;;;;;;;;
83.63265991210938;-0.101806640625;0.31103515625;0.9091796875;;;;;;;;;;;;;;;
83.6361083984375;-0.263671875;0.05322265625;0.9169921875;;;;;;;;;;;;;;;
83.6395263671875;0.210693359375;-0.156494140625;1.11181640625;;;;;;;;;;;;;;;
83.64288330078125;-0.0732421875;0.19873046875;1.2685546875;;;;;;;;;;;;;;;
83.64630126953125;-0.033935546875;-0.095458984375;0.901611328125;;;;;;;;;;;;;;;
83.64968872070312;-0.14208984375;0.426513671875;1.0205078125;;;;;;;;;;;;;;;
83.65301513671875;-0.175048828125;-0.078857421875;0.826904296875;;;;;;;;;;;;;;;
83.65640258789062;0.050048828125;0.251708984375;1.13818359375;;;;;;;;;;;;;;;
83.65982055664062;-0.160888671875;-0.044677734375;1.0361328125;;;;;;;;;;;;;;;
83.66317749023438;0.1787109375;0.088623046875;0.948974609375;;;;;;;;;;;;;;;
83.66659545898438;-0.1318359375;0.245849609375;1.007568359375;;;;;;;;;;;;;;;
83.669921875;-0.154541015625;0.09326171875;0.85986328125;;;;;;;;;;;;;;;
83.67330932617188;-0.078125;0.1708984375;1.183349609375;;;;;;;;;;;;;;;
83.67669677734375;-0.055419921875;-0.35888671875;0.9892578125;;;;;;;;;;;;;;;
83.68017578125;0.01123046875;0.205810546875;1.09765625;;;;;;;;;;;;;;;
83.68362426757812;-0.20703125;-0.017333984375;0.84716796875;;;;;;;;;;;;;;;
83.68701171875;0.126708984375;0.391845703125;0.9775390625;;;;;;;;;;;;;;;
83.6904296875;-0.0830078125;0.193115234375;1.145263671875;;;;;;;;;;;;;;;
83.69390869140625;-0.040771484375;-0.078857421875;1.0390625;;;;;;;;;;;;;;;
83.69723510742188;-0.1376953125;0.06103515625;1.133056640625;;;;;;;;;;;;;;;
83.70062255859375;-0.133544921875;-0.0888671875;0.769287109375;;;;;;;;;;;;;;;
83.70404052734375;0.130126953125;0.441162109375;0.972900390625;;;;;;;;;;;;;;;
83.70736694335938;-0.085205078125;-0.082763671875;1.0009765625;;;;;;;;;;;;;;;
83.71084594726562;0.083740234375;0.101318359375;1.23291015625;;;;;;;;;;;;;;;
83.71420288085938;-0.056884765625;0.067138671875;1.123291015625;;;;;;;;;;;;;;;
83.71755981445312;-0.201171875;-0.006103515625;0.8291015625;;;;;;;;;;;;;;;
83.72097778320312;-0.059326171875;0.236328125;0.997314453125;;;;;;;;;;;;;;;
83.724365234375;-0.072998046875;-0.200439453125;0.959716796875;;;;;;;;;;;;;;;
83.72772216796875;0.031005859375;0.33154296875;1.20849609375;;;;;;;;;;;;;;;
83.7310791015625;-0.11376953125;-0.00244140625;0.921630859375;;;;;;;;;;;;;;;
83.73446655273438;0.2373046875;0.28369140625;0.946533203125;;;;;;;;;;;;;;;
83.7379150390625;-0.21826171875;0.1845703125;1.011474609375;;;;;;;;;;;;;;;
83.74124145507812;-0.203857421875;-0.087646484375;1.010498046875;;;;;;;;;;;;;;;
83.74465942382812;-0.11474609375;-0.065673828125;1.258544921875;;;;;;;;;;;;;;;
83.74807739257812;-0.060302734375;-0.164794921875;0.9208984375;;;;;;;;;;;;;;;
83.75146484375;0.013916015625;0.34521484375;1.03076171875;;;;;;;;;;;;;;;
83.75482177734375;-0.164306640625;0.048828125;0.834228515625;;;;;;;;;;;;;;;
83.75830078125;0.245361328125;0.1875;1.208984375;;;;;;;;;;;;;;;
83.7615966796875;-0.25244140625;0.10205078125;1.29736328125;;;;;;;;;;;;;;;
83.76492309570312;-0.19384765625;-0.0556640625;0.9619140625;;;;;;;;;;;;;;;
83.76824951171875;-0.20947265625;0.14208984375;0.981201171875;;;;;;;;;;;;;;;
83.77157592773438;-0.048828125;-0.121337890625;0.774169921875;;;;;;;;;;;;;;;
83.77493286132812;0.035400390625;0.271484375;1.13671875;;;;;;;;;;;;;;;
83.77835083007812;-0.09033203125;-0.02978515625;1.017333984375;;;;;;;;;;;;;;;
83.78173828125;0.090087890625;0.2958984375;1.0595703125;;;;;;;;;;;;;;;
83.78506469726562;-0.005859375;0.0830078125;0.97900390625;;;;;;;;;;;;;;;
83.78848266601562;-0.16357421875;0.114990234375;0.906982421875;;;;;;;;;;;;;;;
83.79196166992188;-0.110107421875;-0.002685546875;1.17431640625;;;;;;;;;;;;;;;
83.79525756835938;-0.024658203125;-0.29541015625;1.03955078125;;;;;;;;;;;;;;;
83.79864501953125;-0.046630859375;0.270751953125;1.134033203125;;;;;;;;;;;;;;;
83.80209350585938;-0.168701171875;-0.084228515625;0.766357421875;;;;;;;;;;;;;;;
83.80548095703125;0.2080078125;0.45166015625;1.037353515625;;;;;;;;;;;;;;;
83.80889892578125;-0.09228515625;0.181640625;1.0869140625;;;;;;;;;;;;;;;
83.81231689453125;-0.017333984375;0.05322265625;1.10546875;;;;;;;;;;;;;;;
83.81570434570312;-0.190185546875;-0.123291015625;1.112548828125;;;;;;;;;;;;;;;
83.81906127929688;-0.031982421875;-0.285400390625;0.828369140625;;;;;;;;;;;;;;;
83.82244873046875;-0.087646484375;0.3125;0.977783203125;;;;;;;;;;;;;;;
83.82589721679688;-0.1162109375;-0.095458984375;0.9296875;;;;;;;;;;;;;;;
83.82928466796875;0.039306640625;0.18505859375;1.288818359375;;;;;;;;;;;;;;;
83.83270263671875;-0.157958984375;0.107666015625;1.052734375;;;;;;;;;;;;;;;
83.83609008789062;-0.02978515625;0.093994140625;0.90576171875;;;;;;;;;;;;;;;
83.83950805664062;-0.12890625;0.105712890625;0.902099609375;;;;;;;;;;;;;;;
83.84295654296875;0.000244140625;-0.251220703125;0.967041015625;;;;;;;;;;;;;;;
83.8463134765625;0.02099609375;0.180908203125;1.211669921875;;;;;;;;;;;;;;;
83.84970092773438;-0.044677734375;-0.049072265625;0.958251953125;;;;;;;;;;;;;;;
83.85311889648438;0.148681640625;0.346923828125;1.01904296875;;;;;;;;;;;;;;;
83.85653686523438;-0.299072265625;0.07275390625;0.88623046875;;;;;;;;;;;;;;;
83.85989379882812;0.063232421875;-0.00537109375;1.103271484375;;;;;;;;;;;;;;;
83.86325073242188;-0.117431640625;-0.138916015625;1.197021484375;;;;;;;;;;;;;;;
83.86676025390625;0.02783203125;-0.4013671875;1.017333984375;;;;;;;;;;;;;;;
83.8701171875;-0.090576171875;0.25927734375;0.947509765625;;;;;;;;;;;;;;;
83.87347412109375;-0.183349609375;0.002685546875;0.748046875;;;;;;;;;;;;;;;
83.87680053710938;0.145263671875;0.29150390625;1.18994140625;;;;;;;;;;;;;;;
83.88015747070312;-0.1162109375;0.092041015625;1.083251953125;;;;;;;;;;;;;;;
83.88357543945312;0.0693359375;0.007568359375;1.06884765625;;;;;;;;;;;;;;;
83.88693237304688;-0.182373046875;0.068115234375;0.91943359375;;;;;;;;;;;;;;;
83.8902587890625;0.005615234375;-0.14990234375;0.852294921875;;;;;;;;;;;;;;;
83.89370727539062;0.037109375;0.211181640625;1.10693359375;;;;;;;;;;;;;;;
83.89715576171875;-0.007080078125;-0.0439453125;1.022216796875;;;;;;;;;;;;;;;
83.9005126953125;-0.047607421875;0.32568359375;1.151611328125;;;;;;;;;;;;;;;
83.9039306640625;-0.26708984375;-0.03515625;0.8681640625;;;;;;;;;;;;;;;
83.90725708007812;0.0849609375;0.06591796875;0.980712890625;;;;;;;;;;;;;;;
83.91064453125;-0.105224609375;0.07568359375;1.11328125;;;;;;;;;;;;;;;
83.91403198242188;0.135498046875;-0.08203125;1.101318359375;;;;;;;;;;;;;;;
83.91738891601562;-0.151123046875;0.31103515625;1.1240234375;;;;;;;;;;;;;;;
83.92074584960938;-0.0517578125;-0.176025390625;0.773193359375;;;;;;;;;;;;;;;
83.92413330078125;0.071533203125;0.3056640625;1.093994140625;;;;;;;;;;;;;;;
83.92745971679688;-0.44482421875;0.0986328125;0.93115234375;;;;;;;;;;;;;;;
83.930908203125;0.299072265625;0.009765625;1.10791015625;;;;;;;;;;;;;;;
83.93438720703125;-0.188720703125;0.124267578125;1.068603515625;;;;;;;;;;;;;;;
83.93783569335938;0.1328125;-0.1796875;0.902099609375;;;;;;;;;;;;;;;
83.94125366210938;-0.212158203125;0.334716796875;0.99609375;;;;;;;;;;;;;;;
83.944580078125;-0.154296875;-0.173828125;0.90185546875;;;;;;;;;;;;;;;
83.94796752929688;0.007080078125;0.314697265625;1.285888671875;;;;;;;;;;;;;;;
83.95138549804688;-0.193603515625;-0.13525390625;1.086181640625;;;;;;;;;;;;;;;
83.95474243164062;0.01953125;0.136474609375;0.958740234375;;;;;;;;;;;;;;;
83.9581298828125;-0.17724609375;0.15576171875;0.84716796875;;;;;;;;;;;;;;;
83.96142578125;0.09765625;0.0673828125;0.965087890625;;;;;;;;;;;;;;;
83.9647216796875;-0.061767578125;0.177978515625;1.155029296875;;;;;;;;;;;;;;;
83.9681396484375;0.094482421875;-0.218017578125;1.0751953125;;;;;;;;;;;;;;;
83.9715576171875;0.082763671875;0.28369140625;1.09228515625;;;;;;;;;;;;;;;
83.9749755859375;-0.558837890625;-0.1611328125;0.822998046875;;;;;;;;;;;;;;;
83.97830200195312;0.15234375;0.116943359375;1.119384765625;;;;;;;;;;;;;;;
83.98171997070312;-0.132080078125;-0.006591796875;1.134521484375;;;;;;;;;;;;;;;
83.98513793945312;0.22900390625;0.259765625;1.052978515625;;;;;;;;;;;;;;;
83.98855590820312;-0.201904296875;0.25830078125;0.9345703125;;;;;;;;;;;;;;;
83.991943359375;-0.151123046875;-0.067138671875;0.757080078125;;;;;;;;;;;;;;;
83.995361328125;-0.061279296875;0.462158203125;1.17724609375;;;;;;;;;;;;;;;
83.99868774414062;-0.3515625;-0.1318359375;1.034912109375;;;;;;;;;;;;;;;
84.00210571289062;-0.178466796875;0.083251953125;1.1220703125;;;;;;;;;;;;;;;
84.00543212890625;-0.224609375;-0.107421875;0.858154296875;;;;;;;;;;;;;;;
84.0087890625;0.1796875;0.124267578125;0.91552734375;;;;;;;;;;;;;;;
84.01226806640625;-0.059814453125;0.25927734375;1.0673828125;;;;;;;;;;;;;;;
84.015625;0.09765625;-0.188720703125;1.048828125;;;;;;;;;;;;;;;
84.01904296875;-0.161376953125;0.388427734375;1.22412109375;;;;;;;;;;;;;;;
84.02243041992188;-0.221923828125;-0.235107421875;0.882568359375;;;;;;;;;;;;;;;
84.02578735351562;-0.005859375;0.205322265625;1.0205078125;;;;;;;;;;;;;;;
84.0291748046875;-0.1396484375;-0.015625;1.0234375;;;;;;;;;;;;;;;
84.03256225585938;0.1455078125;0.238037109375;1.09765625;;;;;;;;;;;;;;;
84.03591918945312;-0.185791015625;0.248779296875;1.100341796875;;;;;;;;;;;;;;;
84.03939819335938;0.07958984375;-0.1884765625;0.791015625;;;;;;;;;;;;;;;
84.04278564453125;-0.076416015625;0.26416015625;1.030517578125;;;;;;;;;;;;;;;
84.04620361328125;-0.1650390625;-0.004638671875;0.94140625;;;;;;;;;;;;;;;
84.049560546875;0.01220703125;0.12890625;1.202880859375;;;;;;;;;;;;;;;
84.05288696289062;-0.09814453125;-0.03857421875;1.02099609375;;;;;;;;;;;;;;;
84.05624389648438;0.097900390625;0.083251953125;0.975341796875;;;;;;;;;;;;;;;
84.05960083007812;-0.208251953125;0.30078125;0.919189453125;;;;;;;;;;;;;;;
84.06298828125;0.0029296875;-0.013916015625;0.9150390625;;;;;;;;;;;;;;;
84.06634521484375;-0.07177734375;0.27978515625;1.2353515625;;;;;;;;;;;;;;;
84.06973266601562;-0.025390625;-0.27734375;1.04443359375;;;;;;;;;;;;;;;
84.07318115234375;0.058837890625;0.195556640625;1.0537109375;;;;;;;;;;;;;;;
84.0765380859375;-0.118896484375;0.08056640625;0.806884765625;;;;;;;;;;;;;;;
84.0799560546875;-0.017578125;0.4345703125;0.982421875;;;;;;;;;;;;;;;
84.08340454101562;-0.085205078125;0.0830078125;1.093017578125;;;;;;;;;;;;;;;
84.08676147460938;0.087158203125;-0.19921875;1.12890625;;;;;;;;;;;;;;;
84.09011840820312;-0.2451171875;0.153564453125;1.085205078125;;;;;;;;;;;;;;;
84.09359741210938;-0.177978515625;-0.171630859375;0.815185546875;;;;;;;;;;;;;;;
84.09707641601562;0.02587890625;0.226806640625;1.14501953125;;;;;;;;;;;;;;;
84.10052490234375;0.02392578125;0.019287109375;1.06005859375;;;;;;;;;;;;;;;
84.10397338867188;0.05810546875;0.378173828125;1.134521484375;;;;;;;;;;;;;;;
84.10733032226562;-0.25048828125;0.20166015625;0.859619140625;;;;;;;;;;;;;;;
84.11068725585938;-0.059814453125;-0.041748046875;0.778564453125;;;;;;;;;;;;;;;
84.11416625976562;-0.123291015625;0.123291015625;1.10498046875;;;;;;;;;;;;;;;
84.11752319335938;-0.00634765625;-0.244873046875;1.078857421875;;;;;;;;;;;;;;;
84.12088012695312;0.029052734375;0.21484375;1.249755859375;;;;;;;;;;;;;;;
84.12432861328125;-0.166015625;0.009033203125;0.85986328125;;;;;;;;;;;;;;;
84.1278076171875;0.01953125;0.365234375;0.968505859375;;;;;;;;;;;;;;;
84.13116455078125;-0.1279296875;0.158447265625;0.964111328125;;;;;;;;;;;;;;;
84.13449096679688;0.07958984375;-0.24169921875;1.08740234375;;;;;;;;;;;;;;;
84.13787841796875;-0.129150390625;0.14208984375;1.15234375;;;;;;;;;;;;;;;
84.14132690429688;-0.08984375;-0.179443359375;0.918701171875;;;;;;;;;;;;;;;
84.14474487304688;-0.073486328125;0.25341796875;1.032958984375;;;;;;;;;;;;;;;
84.14816284179688;-0.16455078125;0.119140625;0.94580078125;;;;;;;;;;;;;;;
84.15158081054688;0.068115234375;0.21728515625;1.16015625;;;;;;;;;;;;;;;
84.1549072265625;-0.266357421875;0.12451171875;0.994384765625;;;;;;;;;;;;;;;
84.1583251953125;0.15869140625;-0.1298828125;0.83935546875;;;;;;;;;;;;;;;
84.16177368164062;-0.205078125;0.170166015625;0.98486328125;;;;;;;;;;;;;;;
84.16506958007812;-0.049072265625;-0.04833984375;0.93408203125;;;;;;;;;;;;;;;
84.16851806640625;-0.09228515625;0.153076171875;1.267333984375;;;;;;;;;;;;;;;
84.17184448242188;-0.14404296875;-0.10986328125;1.034912109375;;;;;;;;;;;;;;;
84.17520141601562;0.01416015625;0.15673828125;1.05908203125;;;;;;;;;;;;;;;
84.1785888671875;-0.281494140625;0.115966796875;0.8642578125;;;;;;;;;;;;;;;
84.18194580078125;0.04150390625;0.138671875;0.936767578125;;;;;;;;;;;;;;;
84.18536376953125;-0.073974609375;0.152099609375;1.136474609375;;;;;;;;;;;;;;;
84.18878173828125;0.05810546875;-0.16015625;1.077880859375;;;;;;;;;;;;;;;
84.19210815429688;-0.0205078125;0.184814453125;1.119140625;;;;;;;;;;;;;;;
84.195556640625;-0.193603515625;0.13525390625;0.806396484375;;;;;;;;;;;;;;;
84.19891357421875;-0.07177734375;0.3564453125;1.00341796875;;;;;;;;;;;;;;;
84.20223999023438;-0.178466796875;-0.075439453125;1.018798828125;;;;;;;;;;;;;;;
84.20562744140625;0.1015625;-0.22216796875;1.187255859375;;;;;;;;;;;;;;;
84.208984375;-0.283935546875;0.071533203125;1.02001953125;;;;;;;;;;;;;;;
84.21234130859375;-0.120361328125;0.036865234375;0.775390625;;;;;;;;;;;;;;;
84.21572875976562;0.1982421875;0.304443359375;1.130859375;;;;;;;;;;;;;;;
84.21917724609375;-0.0849609375;-0.0009765625;1.023193359375;;;;;;;;;;;;;;;
84.22262573242188;0.134033203125;0.21875;1.215576171875;;;;;;;;;;;;;;;
84.22604370117188;-0.36328125;0.072509765625;0.830078125;;;;;;;;;;;;;;;
84.22943115234375;0.046630859375;0.056640625;0.875244140625;;;;;;;;;;;;;;;
84.23284912109375;-0.217041015625;0.05859375;0.96875;;;;;;;;;;;;;;;
84.23623657226562;0.085693359375;-0.238037109375;1.048828125;;;;;;;;;;;;;;;
84.23956298828125;0.032470703125;0.203369140625;1.243896484375;;;;;;;;;;;;;;;
84.2430419921875;-0.104736328125;-0.03759765625;0.900390625;;;;;;;;;;;;;;;
84.24642944335938;0.021240234375;0.424560546875;1.003662109375;;;;;;;;;;;;;;;
84.24978637695312;-0.2412109375;0.08544921875;0.853271484375;;;;;;;;;;;;;;;
84.25311279296875;0.267822265625;-0.195068359375;1.138671875;;;;;;;;;;;;;;;
84.2564697265625;-0.138916015625;0.110107421875;1.0712890625;;;;;;;;;;;;;;;
84.2598876953125;-0.033203125;-0.135986328125;0.950439453125;;;;;;;;;;;;;;;
84.26321411132812;-0.125244140625;0.19384765625;1.033447265625;;;;;;;;;;;;;;;
84.26654052734375;-0.158935546875;0.082275390625;0.833251953125;;;;;;;;;;;;;;;
84.2698974609375;0.095458984375;0.26220703125;1.177978515625;;;;;;;;;;;;;;;
84.27322387695312;-0.186279296875;0.18896484375;0.968505859375;;;;;;;;;;;;;;;
84.27658081054688;0.19677734375;0.070068359375;1.10986328125;;;;;;;;;;;;;;;
84.27996826171875;-0.263671875;0.074462890625;0.884033203125;;;;;;;;;;;;;;;
84.28341674804688;0.021240234375;-0.138427734375;0.912841796875;;;;;;;;;;;;;;;
84.28680419921875;0.16650390625;0.06689453125;1.249267578125;;;;;;;;;;;;;;;
84.2901611328125;-0.0078125;-0.03076171875;1.0263671875;;;;;;;;;;;;;;;
84.29354858398438;0.054931640625;0.37548828125;1.126220703125;;;;;;;;;;;;;;;
84.29696655273438;-0.276611328125;0.12451171875;0.789306640625;;;;;;;;;;;;;;;
84.30029296875;0.1025390625;0.296875;0.98095703125;;;;;;;;;;;;;;;
84.30364990234375;-0.17529296875;0.115234375;1.00146484375;;;;;;;;;;;;;;;
84.30706787109375;0.189697265625;-0.19189453125;1.11279296875;;;;;;;;;;;;;;;
84.31048583984375;-0.170654296875;0.1318359375;1.101318359375;;;;;;;;;;;;;;;
84.31387329101562;-0.103515625;0.001220703125;0.818359375;;;;;;;;;;;;;;;
84.31732177734375;-0.14208984375;0.41796875;1.049072265625;;;;;;;;;;;;;;;
84.32070922851562;-0.172607421875;-0.228271484375;0.96337890625;;;;;;;;;;;;;;;
84.32412719726562;0.078125;0.051025390625;1.210693359375;;;;;;;;;;;;;;;
84.32754516601562;-0.217041015625;-0.01513671875;0.9697265625;;;;;;;;;;;;;;;
84.33096313476562;0.06982421875;0.140869140625;0.8701171875;;;;;;;;;;;;;;;
84.33432006835938;-0.1376953125;0.26123046875;1.003173828125;;;;;;;;;;;;;;;
84.33767700195312;-0.021728515625;-0.08544921875;1.0078125;;;;;;;;;;;;;;;
84.34112548828125;-0.046142578125;0.111572265625;1.229248046875;;;;;;;;;;;;;;;
84.34445190429688;-0.16943359375;-0.036376953125;0.89453125;;;;;;;;;;;;;;;
84.34780883789062;-0.041015625;0.25048828125;0.9404296875;;;;;;;;;;;;;;;
84.35128784179688;-0.2939453125;0.087158203125;0.85302734375;;;;;;;;;;;;;;;
84.35470581054688;0.26708984375;-0.0546875;1.124755859375;;;;;;;;;;;;;;;
84.3580322265625;-0.055419921875;0.172607421875;1.240966796875;;;;;;;;;;;;;;;
84.36148071289062;-0.02001953125;-0.09228515625;0.937744140625;;;;;;;;;;;;;;;
84.36480712890625;-0.135986328125;0.326904296875;1.002197265625;;;;;;;;;;;;;;;
84.36819458007812;-0.215576171875;-0.064453125;0.806640625;;;;;;;;;;;;;;;
84.37152099609375;0.091064453125;0.292236328125;1.149169921875;;;;;;;;;;;;;;;
84.37484741210938;-0.10546875;0.000732421875;1.0234375;;;;;;;;;;;;;;;
84.3782958984375;0.052490234375;0.171630859375;0.97216796875;;;;;;;;;;;;;;;
84.38165283203125;-0.063232421875;0.247802734375;0.99951171875;;;;;;;;;;;;;;;
84.38504028320312;-0.163818359375;0.019775390625;0.869140625;;;;;;;;;;;;;;;
84.3885498046875;0.018798828125;0.170166015625;1.191650390625;;;;;;;;;;;;;;;
84.39190673828125;-0.025146484375;-0.01953125;0.9873046875;;;;;;;;;;;;;;;
84.39532470703125;0.017822265625;0.288818359375;1.142578125;;;;;;;;;;;;;;;
84.39877319335938;-0.2216796875;-0.010009765625;0.812255859375;;;;;;;;;;;;;;;
84.40213012695312;0.205322265625;0.122314453125;0.986083984375;;;;;;;;;;;;;;;
84.40557861328125;-0.107177734375;0.151123046875;1.150634765625;;;;;;;;;;;;;;;
84.408935546875;-0.109130859375;-0.12109375;1.057373046875;;;;;;;;;;;;;;;
84.41232299804688;-0.153076171875;0.233642578125;1.1298828125;;;;;;;;;;;;;;;
84.41571044921875;-0.05712890625;-0.115478515625;0.700439453125;;;;;;;;;;;;;;;
84.4190673828125;0.22314453125;0.5068359375;1.005615234375;;;;;;;;;;;;;;;
84.42242431640625;-0.194091796875;0.01708984375;0.966552734375;;;;;;;;;;;;;;;
84.42578125;0.117431640625;0.16650390625;1.107177734375;;;;;;;;;;;;;;;
84.42913818359375;-0.009521484375;0.012939453125;1.152099609375;;;;;;;;;;;;;;;
84.43252563476562;-0.177490234375;-0.0849609375;0.81298828125;;;;;;;;;;;;;;;
84.43585205078125;-0.0654296875;0.2587890625;1.054931640625;;;;;;;;;;;;;;;
84.43923950195312;-0.0751953125;-0.22265625;0.9228515625;;;;;;;;;;;;;;;
84.442626953125;0.0625;0.3427734375;1.22509765625;;;;;;;;;;;;;;;
84.44601440429688;-0.16748046875;-0.052978515625;0.93701171875;;;;;;;;;;;;;;;
84.4493408203125;0.170654296875;0.3115234375;0.9501953125;;;;;;;;;;;;;;;
84.45272827148438;-0.201171875;0.1630859375;0.996826171875;;;;;;;;;;;;;;;
84.45608520507812;-0.129150390625;-0.069091796875;1.0048828125;;;;;;;;;;;;;;;
84.45962524414062;-0.15380859375;0.037353515625;1.245361328125;;;;;;;;;;;;;;;
84.46298217773438;-0.01025390625;-0.185302734375;0.925537109375;;;;;;;;;;;;;;;
84.46636962890625;-0.077392578125;0.453857421875;0.975830078125;;;;;;;;;;;;;;;
84.46978759765625;-0.237060546875;-0.04833984375;0.8212890625;;;;;;;;;;;;;;;
84.47311401367188;0.14599609375;0.21630859375;1.19287109375;;;;;;;;;;;;;;;
84.47650146484375;-0.3037109375;0.04736328125;1.314453125;;;;;;;;;;;;;;;
84.47988891601562;-0.2626953125;-0.056884765625;0.961181640625;;;;;;;;;;;;;;;
84.4832763671875;-0.184814453125;0.092041015625;0.990478515625;;;;;;;;;;;;;;;
84.48678588867188;0.041748046875;-0.16943359375;0.762451171875;;;;;;;;;;;;;;;
84.49020385742188;0.103515625;0.35009765625;1.1552734375;;;;;;;;;;;;;;;
84.4935302734375;-0.074951171875;-0.085693359375;1.013427734375;;;;;;;;;;;;;;;
84.49688720703125;-0.059326171875;0.392578125;1.095947265625;;;;;;;;;;;;;;;
84.500244140625;-0.176025390625;-0.00048828125;0.94384765625;;;;;;;;;;;;;;;
84.50360107421875;-0.15087890625;0.128662109375;0.905029296875;;;;;;;;;;;;;;;
84.50698852539062;-0.1171875;-0.02783203125;1.17822265625;;;;;;;;;;;;;;;
84.5103759765625;0.029296875;-0.266845703125;1.038330078125;;;;;;;;;;;;;;;
84.51376342773438;-0.12744140625;0.298583984375;1.141357421875;;;;;;;;;;;;;;;
84.51715087890625;-0.22509765625;-0.114013671875;0.775146484375;;;;;;;;;;;;;;;
84.52059936523438;0.2001953125;0.51123046875;1.083251953125;;;;;;;;;;;;;;;
84.52407836914062;-0.428466796875;0.17041015625;0.988525390625;;;;;;;;;;;;;;;
84.52740478515625;-0.1025390625;-0.03466796875;1.117919921875;;;;;;;;;;;;;;;
84.53073120117188;-0.328857421875;-0.119384765625;1.09814453125;;;;;;;;;;;;;;;
84.53414916992188;0.091796875;-0.278076171875;0.858642578125;;;;;;;;;;;;;;;
84.53750610351562;-0.032958984375;0.37646484375;1.016845703125;;;;;;;;;;;;;;;
84.5408935546875;-0.2490234375;-0.059326171875;0.915283203125;;;;;;;;;;;;;;;
84.5443115234375;0.0791015625;0.32568359375;1.267333984375;;;;;;;;;;;;;;;
84.54769897460938;-0.081787109375;-0.026123046875;1.09228515625;;;;;;;;;;;;;;;
84.5511474609375;-0.053955078125;-0.012451171875;0.90283203125;;;;;;;;;;;;;;;
84.55453491210938;-0.17138671875;0.071044921875;0.8828125;;;;;;;;;;;;;;;
84.55795288085938;-0.004638671875;-0.13916015625;0.956298828125;;;;;;;;;;;;;;;
84.561279296875;-0.025146484375;0.312744140625;1.191650390625;;;;;;;;;;;;;;;
84.56466674804688;-0.03759765625;-0.098388671875;0.911865234375;;;;;;;;;;;;;;;
84.56808471679688;0.09423828125;0.36474609375;1.02783203125;;;;;;;;;;;;;;;
84.571533203125;-0.238525390625;0.171142578125;0.892333984375;;;;;;;;;;;;;;;
84.57489013671875;0.073486328125;0.065185546875;1.020751953125;;;;;;;;;;;;;;;
84.5782470703125;-0.04443359375;-0.12353515625;1.177490234375;;;;;;;;;;;;;;;
84.58160400390625;0.10986328125;-0.2900390625;1.025634765625;;;;;;;;;;;;;;;
84.58505249023438;-0.13232421875;0.29296875;0.95751953125;;;;;;;;;;;;;;;
84.58837890625;-0.203857421875;-0.05712890625;0.76123046875;;;;;;;;;;;;;;;
84.59170532226562;0.028076171875;0.29248046875;1.1953125;;;;;;;;;;;;;;;
84.59506225585938;-0.07568359375;0.010498046875;1.18603515625;;;;;;;;;;;;;;;
84.59841918945312;-0.05078125;0.114501953125;1.064697265625;;;;;;;;;;;;;;;
84.60177612304688;-0.152587890625;0.00390625;0.93017578125;;;;;;;;;;;;;;;
84.6051025390625;0.05908203125;-0.05908203125;0.810791015625;;;;;;;;;;;;;;;
84.60845947265625;0.010986328125;0.25341796875;1.090576171875;;;;;;;;;;;;;;;
84.61184692382812;0.04296875;-0.07275390625;1.0224609375;;;;;;;;;;;;;;;
84.61517333984375;-0.169921875;0.278076171875;1.190185546875;;;;;;;;;;;;;;;
84.6185302734375;-0.22265625;-0.0693359375;0.89404296875;;;;;;;;;;;;;;;
84.62191772460938;0.00341796875;0.127197265625;0.96630859375;;;;;;;;;;;;;;;
84.62530517578125;-0.09521484375;0.02587890625;1.1083984375;;;;;;;;;;;;;;;
84.62872314453125;0.084228515625;-0.057373046875;1.093017578125;;;;;;;;;;;;;;;
84.63211059570312;-0.15576171875;0.311767578125;1.121337890625;;;;;;;;;;;;;;;
84.63543701171875;-0.0048828125;-0.188720703125;0.745849609375;;;;;;;;;;;;;;;
84.63876342773438;0.072509765625;0.343017578125;1.089599609375;;;;;;;;;;;;;;;
84.64212036132812;-0.404052734375;0.0712890625;0.9267578125;;;;;;;;;;;;;;;
84.64553833007812;0.20556640625;0.019775390625;1.128662109375;;;;;;;;;;;;;;;
84.64889526367188;-0.19970703125;-0.018310546875;1.06787109375;;;;;;;;;;;;;;;
84.65225219726562;0.119384765625;-0.24267578125;0.91455078125;;;;;;;;;;;;;;;
84.65567016601562;-0.079833984375;0.325927734375;0.964599609375;;;;;;;;;;;;;;;
84.6590576171875;-0.101318359375;-0.140625;0.8759765625;;;;;;;;;;;;;;;
84.66244506835938;0.0771484375;0.333740234375;1.2783203125;;;;;;;;;;;;;;;
84.66583251953125;-0.21435546875;-0.10595703125;1.053955078125;;;;;;;;;;;;;;;
84.66928100585938;0.1162109375;0.113037109375;0.968505859375;;;;;;;;;;;;;;;
84.67263793945312;-0.2197265625;0.134521484375;0.830322265625;;;;;;;;;;;;;;;
84.676025390625;0.048828125;0.03955078125;0.956298828125;;;;;;;;;;;;;;;
84.679443359375;-0.111083984375;0.32177734375;1.173583984375;;;;;;;;;;;;;;;
84.68276977539062;0.022705078125;-0.251708984375;1.0390625;;;;;;;;;;;;;;;
84.6861572265625;0.027587890625;0.31005859375;1.083984375;;;;;;;;;;;;;;;
84.68954467773438;-0.408203125;0.1328125;0.796142578125;;;;;;;;;;;;;;;
84.69290161132812;0.207763671875;0.105712890625;1.13916015625;;;;;;;;;;;;;;;
84.69635009765625;-0.010986328125;0.066650390625;1.121337890625;;;;;;;;;;;;;;;
84.69967651367188;0.208251953125;-0.182861328125;1.09130859375;;;;;;;;;;;;;;;
84.70309448242188;-0.246337890625;0.29443359375;0.999267578125;;;;;;;;;;;;;;;
84.70645141601562;-0.200927734375;-0.173583984375;0.7685546875;;;;;;;;;;;;;;;
84.70980834960938;-0.078857421875;0.385009765625;1.169921875;;;;;;;;;;;;;;;
84.71319580078125;-0.271728515625;-0.167724609375;1.1435546875;;;;;;;;;;;;;;;
84.71652221679688;-0.0693359375;0.154052734375;1.126220703125;;;;;;;;;;;;;;;
84.71990966796875;-0.16064453125;0.0234375;0.8662109375;;;;;;;;;;;;;;;
84.723388671875;0.187744140625;0.19677734375;0.804931640625;;;;;;;;;;;;;;;
84.72671508789062;-0.084716796875;0.2412109375;1.077392578125;;;;;;;;;;;;;;;
84.73007202148438;-0.0322265625;-0.23974609375;1.059326171875;;;;;;;;;;;;;;;
84.73355102539062;-0.177001953125;0.26171875;1.241943359375;;;;;;;;;;;;;;;
84.73690795898438;-0.35791015625;-0.28466796875;0.865234375;;;;;;;;;;;;;;;
84.74029541015625;0.110595703125;0.156005859375;1.01416015625;;;;;;;;;;;;;;;
84.74365234375;-0.1689453125;0.185302734375;1.01953125;;;;;;;;;;;;;;;
84.74697875976562;0.1748046875;0.224853515625;1.11962890625;;;;;;;;;;;;;;;
84.75042724609375;-0.255126953125;0.302734375;1.082763671875;;;;;;;;;;;;;;;
84.75381469726562;0.108154296875;-0.24365234375;0.790283203125;;;;;;;;;;;;;;;
84.7572021484375;-0.105224609375;0.193359375;1.012939453125;;;;;;;;;;;;;;;
84.76052856445312;-0.337646484375;-0.0732421875;0.88671875;;;;;;;;;;;;;;;
84.763916015625;0.324951171875;0.09765625;1.21337890625;;;;;;;;;;;;;;;
84.76730346679688;-0.212890625;0.106689453125;1.020751953125;;;;;;;;;;;;;;;
84.770751953125;0.24169921875;0.069580078125;0.98974609375;;;;;;;;;;;;;;;
84.77413940429688;-0.294921875;0.221435546875;0.950439453125;;;;;;;;;;;;;;;
84.77752685546875;-0.1142578125;-0.033935546875;0.842529296875;;;;;;;;;;;;;;;
84.781005859375;0.14697265625;0.294921875;1.207763671875;;;;;;;;;;;;;;;
84.7843017578125;-0.013916015625;-0.181640625;1.099853515625;;;;;;;;;;;;;;;
84.78768920898438;0.06884765625;0.125;1.064697265625;;;;;;;;;;;;;;;
84.791015625;-0.2529296875;0.073486328125;0.80712890625;;;;;;;;;;;;;;;
84.79434204101562;0.03271484375;0.328369140625;0.95556640625;;;;;;;;;;;;;;;
84.79769897460938;-0.070556640625;0.076171875;1.0927734375;;;;;;;;;;;;;;;
84.80105590820312;0.122314453125;-0.237548828125;1.13916015625;;;;;;;;;;;;;;;
84.804443359375;-0.137939453125;0.182861328125;1.0703125;;;;;;;;;;;;;;;
84.80783081054688;-0.2744140625;0.0107421875;0.8134765625;;;;;;;;;;;;;;;
84.81121826171875;0.0234375;0.272705078125;1.134765625;;;;;;;;;;;;;;;
84.81454467773438;-0.052734375;-0.0068359375;1.0595703125;;;;;;;;;;;;;;;
84.81796264648438;0.152099609375;0.03076171875;1.12255859375;;;;;;;;;;;;;;;
84.82131958007812;-0.234375;0.174560546875;0.889404296875;;;;;;;;;;;;;;;
84.82470703125;-0.04833984375;-0.019775390625;0.816650390625;;;;;;;;;;;;;;;
84.82803344726562;-0.161865234375;0.322998046875;1.059814453125;;;;;;;;;;;;;;;
84.83151245117188;-0.03564453125;-0.19140625;1.083740234375;;;;;;;;;;;;;;;
84.83493041992188;0.0625;0.16748046875;1.24365234375;;;;;;;;;;;;;;;
84.83834838867188;-0.192626953125;-0.01953125;0.856689453125;;;;;;;;;;;;;;;
84.84170532226562;0.087158203125;0.3984375;0.8427734375;;;;;;;;;;;;;;;
84.84512329101562;-0.141357421875;0.21630859375;0.973388671875;;;;;;;;;;;;;;;
84.8485107421875;0.09375;-0.212646484375;1.087890625;;;;;;;;;;;;;;;
84.8519287109375;-0.07861328125;0.11669921875;1.221923828125;;;;;;;;;;;;;;;
84.8553466796875;-0.11328125;-0.22314453125;0.89794921875;;;;;;;;;;;;;;;
84.85867309570312;0.05517578125;0.216552734375;1.05712890625;;;;;;;;;;;;;;;
84.862060546875;-0.14306640625;0.16064453125;0.911376953125;;;;;;;;;;;;;;;
84.86541748046875;0.178955078125;0.34375;1.144287109375;;;;;;;;;;;;;;;
84.8687744140625;-0.208984375;0.23876953125;0.996826171875;;;;;;;;;;;;;;;
84.87222290039062;0.14892578125;-0.123291015625;0.867919921875;;;;;;;;;;;;;;;
84.87557983398438;-0.17724609375;0.070068359375;0.982177734375;;;;;;;;;;;;;;;
84.87890625;-0.10009765625;-0.080322265625;0.908203125;;;;;;;;;;;;;;;
84.88232421875;0.01416015625;0.0810546875;1.283203125;;;;;;;;;;;;;;;
84.88571166992188;-0.1396484375;0.0166015625;1.01171875;;;;;;;;;;;;;;;
84.88909912109375;0.11669921875;0.265380859375;1.072998046875;;;;;;;;;;;;;;;
84.89251708984375;-0.25830078125;0.2216796875;0.841552734375;;;;;;;;;;;;;;;
84.8958740234375;0.065673828125;0.164306640625;0.933349609375;;;;;;;;;;;;;;;
84.8992919921875;-0.064697265625;0.11669921875;1.146728515625;;;;;;;;;;;;;;;
84.90267944335938;0.02880859375;-0.2119140625;1.094482421875;;;;;;;;;;;;;;;
84.90606689453125;-0.003173828125;0.1201171875;1.14111328125;;;;;;;;;;;;;;;
84.90936279296875;-0.242919921875;0.1337890625;0.788330078125;;;;;;;;;;;;;;;
84.91278076171875;0.02880859375;0.366455078125;0.98876953125;;;;;;;;;;;;;;;
84.9161376953125;-0.15673828125;0.010009765625;0.99560546875;;;;;;;;;;;;;;;
84.91952514648438;0.118408203125;-0.12353515625;1.182373046875;;;;;;;;;;;;;;;
84.92291259765625;-0.20263671875;0.11767578125;1.0419921875;;;;;;;;;;;;;;;
84.9263916015625;-0.16064453125;-0.014404296875;0.790771484375;;;;;;;;;;;;;;;
84.92977905273438;0.069580078125;0.24609375;1.132080078125;;;;;;;;;;;;;;;
84.93319702148438;-0.041748046875;-0.05322265625;1.018310546875;;;;;;;;;;;;;;;
84.9366455078125;0.064697265625;0.22216796875;1.203369140625;;;;;;;;;;;;;;;
84.93994140625;-0.301025390625;0.04296875;0.859130859375;;;;;;;;;;;;;;;
84.94329833984375;-0.006591796875;0.139404296875;0.865966796875;;;;;;;;;;;;;;;
84.9466552734375;-0.170166015625;0.149658203125;0.956787109375;;;;;;;;;;;;;;;
84.94998168945312;0.162109375;-0.169677734375;1.0419921875;;;;;;;;;;;;;;;
84.95333862304688;0.33984375;0.190673828125;1.304443359375;;;;;;;;;;;;;;;
84.9566650390625;-0.1318359375;0.16357421875;0.8994140625;;;;;;;;;;;;;;;
84.9600830078125;-0.0400390625;0.375;1.032958984375;;;;;;;;;;;;;;;
84.96343994140625;-0.21142578125;-0.0126953125;0.86865234375;;;;;;;;;;;;;;;
84.96673583984375;0.122314453125;-0.192626953125;1.103271484375;;;;;;;;;;;;;;;
84.97015380859375;-0.04443359375;-0.012939453125;1.175048828125;;;;;;;;;;;;;;;
84.9735107421875;-0.137939453125;0.01416015625;0.914306640625;;;;;;;;;;;;;;;
84.97683715820312;0.067138671875;0.206787109375;1.04638671875;;;;;;;;;;;;;;;
84.98028564453125;-0.17626953125;0.19384765625;0.862548828125;;;;;;;;;;;;;;;
84.98358154296875;0.13623046875;0.18896484375;1.1796875;;;;;;;;;;;;;;;
84.9869384765625;-0.137451171875;0.12158203125;0.973876953125;;;;;;;;;;;;;;;
84.9903564453125;0.04296875;0.056640625;1.010009765625;;;;;;;;;;;;;;;
84.99368286132812;-0.2724609375;-0.033447265625;0.87890625;;;;;;;;;;;;;;;
84.99703979492188;0.18115234375;-0.109375;0.89208984375;;;;;;;;;;;;;;;
85.00042724609375;0.17236328125;0.121337890625;1.297119140625;;;;;;;;;;;;;;;
85.00384521484375;-0.03857421875;0.027587890625;1.0302734375;;;;;;;;;;;;;;;
85.0072021484375;-0.054931640625;0.397216796875;1.159912109375;;;;;;;;;;;;;;;
85.0106201171875;-0.28515625;0.0419921875;0.767578125;;;;;;;;;;;;;;;
85.013916015625;0.201904296875;0.271728515625;0.980712890625;;;;;;;;;;;;;;;
85.017333984375;-0.000732421875;-0.075927734375;1.076904296875;;;;;;;;;;;;;;;
85.02072143554688;-0.0595703125;-0.106689453125;1.085205078125;;;;;;;;;;;;;;;
85.02407836914062;-0.037109375;0.184814453125;1.118408203125;;;;;;;;;;;;;;;
85.02743530273438;-0.16796875;0.099365234375;0.798583984375;;;;;;;;;;;;;;;
85.0308837890625;-0.037109375;0.42919921875;1.011962890625;;;;;;;;;;;;;;;
85.0343017578125;-0.148681640625;-0.226318359375;0.939697265625;;;;;;;;;;;;;;;
85.03762817382812;0.111328125;0.091064453125;1.24755859375;;;;;;;;;;;;;;;
85.04104614257812;-0.240478515625;-0.050048828125;0.996337890625;;;;;;;;;;;;;;;
85.04443359375;0.00537109375;0.14990234375;0.8623046875;;;;;;;;;;;;;;;
85.0478515625;-0.03125;0.15625;1.030029296875;;;;;;;;;;;;;;;
85.05126953125;0.016357421875;-0.00439453125;0.997802734375;;;;;;;;;;;;;;;
85.05462646484375;-0.001953125;0.1044921875;1.249267578125;;;;;;;;;;;;;;;
85.05801391601562;-0.211669921875;-0.041748046875;0.907470703125;;;;;;;;;;;;;;;
85.06143188476562;0.054443359375;0.260986328125;0.90625;;;;;;;;;;;;;;;
85.0648193359375;-0.133056640625;0.063720703125;0.880615234375;;;;;;;;;;;;;;;
85.0682373046875;0.106201171875;-0.05029296875;1.13720703125;;;;;;;;;;;;;;;
85.07168579101562;-0.0546875;0.09765625;1.23828125;;;;;;;;;;;;;;;
85.07504272460938;-0.038330078125;-0.0244140625;0.96923828125;;;;;;;;;;;;;;;
85.07843017578125;-0.164306640625;0.318359375;1.00439453125;;;;;;;;;;;;;;;
85.08175659179688;-0.241943359375;-0.14013671875;0.791748046875;;;;;;;;;;;;;;;
85.08511352539062;0.094970703125;-0.024658203125;1.13134765625;;;;;;;;;;;;;;;
85.08856201171875;-0.060791015625;0.017333984375;1.0234375;;;;;;;;;;;;;;;
85.09188842773438;0.07763671875;0.172119140625;1.009765625;;;;;;;;;;;;;;;
85.09527587890625;-0.2314453125;0.19140625;0.966552734375;;;;;;;;;;;;;;;
85.0986328125;-0.115966796875;0.06005859375;0.8798828125;;;;;;;;;;;;;;;
85.10198974609375;-0.0712890625;0.121337890625;1.1845703125;;;;;;;;;;;;;;;
85.10528564453125;-0.015625;-0.04052734375;1.01806640625;;;;;;;;;;;;;;;
85.108642578125;-0.052490234375;0.208984375;1.068115234375;;;;;;;;;;;;;;;
85.11212158203125;-0.203125;0.0234375;0.824951171875;;;;;;;;;;;;;;;
85.11550903320312;0.17236328125;0.080810546875;0.973876953125;;;;;;;;;;;;;;;
85.11880493164062;-0.1884765625;0.154541015625;1.26513671875;;;;;;;;;;;;;;;
85.12216186523438;-0.0244140625;-0.072509765625;1.072021484375;;;;;;;;;;;;;;;
85.12557983398438;-0.17236328125;0.28564453125;1.148193359375;;;;;;;;;;;;;;;
85.12896728515625;-0.086669921875;-0.12451171875;0.7216796875;;;;;;;;;;;;;;;
85.13229370117188;0.112548828125;0.4228515625;0.985595703125;;;;;;;;;;;;;;;
85.13565063476562;-0.144287109375;-0.030517578125;0.96142578125;;;;;;;;;;;;;;;
85.13897705078125;0.138427734375;0.121826171875;1.133544921875;;;;;;;;;;;;;;;
85.14239501953125;-0.15380859375;0.059814453125;1.10400390625;;;;;;;;;;;;;;;
85.14578247070312;-0.09619140625;-0.03173828125;0.852783203125;;;;;;;;;;;;;;;
85.149169921875;-0.08349609375;0.312744140625;1.022705078125;;;;;;;;;;;;;;;
85.15261840820312;-0.093017578125;-0.20068359375;0.91552734375;;;;;;;;;;;;;;;
85.156005859375;0.064697265625;0.265380859375;1.213134765625;;;;;;;;;;;;;;;
85.159423828125;-0.105224609375;-0.047119140625;0.956787109375;;;;;;;;;;;;;;;
85.16281127929688;0.124755859375;0.2900390625;0.921630859375;;;;;;;;;;;;;;;
85.16616821289062;-0.110595703125;0.18505859375;0.97412109375;;;;;;;;;;;;;;;
85.16958618164062;-0.0869140625;-0.045654296875;1.002197265625;;;;;;;;;;;;;;;
85.17300415039062;-0.046875;0.028076171875;1.236572265625;;;;;;;;;;;;;;;
85.17633056640625;-0.05078125;-0.138671875;0.93994140625;;;;;;;;;;;;;;;
85.17977905273438;-0.025390625;0.45849609375;0.941162109375;;;;;;;;;;;;;;;
85.18313598632812;-0.194580078125;0.046630859375;0.807373046875;;;;;;;;;;;;;;;
85.18649291992188;0.221435546875;0.222412109375;1.160400390625;;;;;;;;;;;;;;;
85.18997192382812;0.13037109375;-0.005615234375;1.277099609375;;;;;;;;;;;;;;;
85.19338989257812;-0.1484375;-0.041748046875;0.970947265625;;;;;;;;;;;;;;;
85.19674682617188;-0.10107421875;0.0732421875;1.00439453125;;;;;;;;;;;;;;;
85.2001953125;-0.2392578125;-0.125244140625;0.754150390625;;;;;;;;;;;;;;;
85.20358276367188;0.10888671875;0.421630859375;1.1328125;;;;;;;;;;;;;;;
85.20700073242188;-0.075439453125;0.0595703125;1.005126953125;;;;;;;;;;;;;;;
85.2103271484375;0.15234375;0.365966796875;1.093505859375;;;;;;;;;;;;;;;
85.21371459960938;-0.19580078125;0.22265625;0.976318359375;;;;;;;;;;;;;;;
85.21719360351562;-0.154296875;0.06640625;0.856689453125;;;;;;;;;;;;;;;
85.22055053710938;-0.000244140625;-0.093994140625;1.171875;;;;;;;;;;;;;;;
85.22390747070312;0.07666015625;-0.283203125;1.041015625;;;;;;;;;;;;;;;
85.22732543945312;-0.065185546875;0.291015625;1.16796875;;;;;;;;;;;;;;;
85.23074340820312;-0.239990234375;0.02978515625;0.768798828125;;;;;;;;;;;;;;;
85.23416137695312;0.186767578125;0.347412109375;1.041015625;;;;;;;;;;;;;;;
85.23760986328125;-0.390625;0.222412109375;1.03076171875;;;;;;;;;;;;;;;
85.240966796875;-0.2373046875;-0.072998046875;1.07470703125;;;;;;;;;;;;;;;
85.24441528320312;-0.20458984375;0.09716796875;1.137451171875;;;;;;;;;;;;;;;
85.24777221679688;0.038818359375;-0.29052734375;0.7529296875;;;;;;;;;;;;;;;
85.25115966796875;0.041259765625;0.40185546875;0.96044921875;;;;;;;;;;;;;;;
85.25457763671875;-0.154296875;-0.026123046875;0.9130859375;;;;;;;;;;;;;;;
85.25799560546875;0.08349609375;0.319580078125;1.17138671875;;;;;;;;;;;;;;;
85.2613525390625;-0.116455078125;0.063720703125;1.104248046875;;;;;;;;;;;;;;;
85.26473999023438;-0.0673828125;0.021240234375;0.891357421875;;;;;;;;;;;;;;;
85.26815795898438;-0.099853515625;0.09228515625;1.02685546875;;;;;;;;;;;;;;;
85.27166748046875;-0.0458984375;-0.167236328125;0.937255859375;;;;;;;;;;;;;;;
85.27511596679688;-0.03662109375;0.288818359375;1.1826171875;;;;;;;;;;;;;;;
85.27850341796875;-0.001953125;-0.044189453125;0.919189453125;;;;;;;;;;;;;;;
85.28192138671875;0.138916015625;0.342041015625;1.00048828125;;;;;;;;;;;;;;;
85.2852783203125;-0.2001953125;0.15087890625;0.89453125;;;;;;;;;;;;;;;
85.2886962890625;0.037353515625;0.091064453125;0.99951171875;;;;;;;;;;;;;;;
85.2921142578125;-0.08154296875;-0.0439453125;1.20947265625;;;;;;;;;;;;;;;
85.29547119140625;0.052001953125;-0.298828125;1.011474609375;;;;;;;;;;;;;;;
85.298828125;-0.191650390625;0.322021484375;0.994873046875;;;;;;;;;;;;;;;
85.30215454101562;-0.2275390625;-0.09912109375;0.7265625;;;;;;;;;;;;;;;
85.30548095703125;0.07763671875;0.295654296875;1.177734375;;;;;;;;;;;;;;;
85.30902099609375;-0.140625;0.04296875;1.20263671875;;;;;;;;;;;;;;;
85.3123779296875;-0.0654296875;0.0625;1.0517578125;;;;;;;;;;;;;;;
85.31573486328125;-0.1962890625;-0.019775390625;0.924072265625;;;;;;;;;;;;;;;
85.3192138671875;0.10595703125;-0.1376953125;0.792236328125;;;;;;;;;;;;;;;
85.322509765625;-0.04150390625;0.361328125;1.10546875;;;;;;;;;;;;;;;
85.32589721679688;-0.045654296875;-0.0283203125;1.004150390625;;;;;;;;;;;;;;;
85.32931518554688;0.03857421875;0.362548828125;1.167724609375;;;;;;;;;;;;;;;
85.332763671875;-0.2734375;-0.121826171875;0.919189453125;;;;;;;;;;;;;;;
85.33615112304688;0.064697265625;0.038818359375;0.937744140625;;;;;;;;;;;;;;;
85.33953857421875;-0.048583984375;0.0185546875;1.103271484375;;;;;;;;;;;;;;;
85.3428955078125;0.158447265625;-0.060302734375;1.098388671875;;;;;;;;;;;;;;;
85.34634399414062;-0.2109375;0.32666015625;1.120849609375;;;;;;;;;;;;;;;
85.3497314453125;-0.17919921875;-0.12353515625;0.7666015625;;;;;;;;;;;;;;;
85.35308837890625;0.01513671875;0.360107421875;1.059326171875;;;;;;;;;;;;;;;
85.3564453125;-0.346435546875;0.16357421875;0.93896484375;;;;;;;;;;;;;;;
85.35977172851562;-0.073486328125;-0.077392578125;1.13623046875;;;;;;;;;;;;;;;
85.36309814453125;-0.203125;-0.033447265625;1.07666015625;;;;;;;;;;;;;;;
85.36648559570312;0.155517578125;-0.306396484375;0.917236328125;;;;;;;;;;;;;;;
85.36990356445312;-0.040771484375;0.383056640625;0.962158203125;;;;;;;;;;;;;;;
85.3734130859375;-0.130615234375;-0.04248046875;0.8916015625;;;;;;;;;;;;;;;
85.37689208984375;-0.03466796875;0.394287109375;1.2529296875;;;;;;;;;;;;;;;
85.38027954101562;-0.231201171875;-0.074462890625;1.080810546875;;;;;;;;;;;;;;;
85.38360595703125;0.022216796875;0.001953125;0.989990234375;;;;;;;;;;;;;;;
85.38699340820312;-0.205810546875;0.103271484375;0.802734375;;;;;;;;;;;;;;;
85.390380859375;0.07373046875;-0.0048828125;0.958251953125;;;;;;;;;;;;;;;
85.39370727539062;-0.032470703125;0.28466796875;1.17333984375;;;;;;;;;;;;;;;
85.3970947265625;0.051513671875;-0.1875;0.94287109375;;;;;;;;;;;;;;;
85.40054321289062;0.065185546875;0.2626953125;1.10595703125;;;;;;;;;;;;;;;
85.40383911132812;-0.6650390625;0.12158203125;0.780517578125;;;;;;;;;;;;;;;
85.40719604492188;0.305419921875;0.096923828125;0.991943359375;;;;;;;;;;;;;;;
85.41058349609375;-0.077392578125;0.109619140625;1.1201171875;;;;;;;;;;;;;;;
85.4139404296875;0.270263671875;-0.21435546875;1.10498046875;;;;;;;;;;;;;;;
85.41729736328125;-0.299072265625;0.30859375;1.0107421875;;;;;;;;;;;;;;;
85.420654296875;-0.245361328125;-0.14697265625;0.7763671875;;;;;;;;;;;;;;;
85.42410278320312;-0.060791015625;0.327880859375;1.14404296875;;;;;;;;;;;;;;;
85.42764282226562;-0.37353515625;-0.16748046875;1.18505859375;;;;;;;;;;;;;;;
85.43099975585938;-0.099365234375;0.094482421875;1.09716796875;;;;;;;;;;;;;;;
85.43435668945312;-0.177978515625;0.06787109375;0.9033203125;;;;;;;;;;;;;;;
85.43771362304688;0.166015625;0.153564453125;0.83056640625;;;;;;;;;;;;;;;
85.44100952148438;-0.128173828125;0.262451171875;1.0732421875;;;;;;;;;;;;;;;
85.44448852539062;0.02392578125;-0.2216796875;1.063720703125;;;;;;;;;;;;;;;
85.44784545898438;-0.155029296875;0.173828125;1.256591796875;;;;;;;;;;;;;;;
85.45123291015625;-0.460693359375;-0.26708984375;0.89453125;;;;;;;;;;;;;;;
85.45462036132812;0.09521484375;0.080078125;0.986572265625;;;;;;;;;;;;;;;
85.45791625976562;-0.182861328125;0.25537109375;1.02783203125;;;;;;;;;;;;;;;
85.46127319335938;0.176025390625;0.184814453125;1.115966796875;;;;;;;;;;;;;;;
85.46469116210938;-0.26806640625;0.390869140625;1.1015625;;;;;;;;;;;;;;;
85.468017578125;0.09423828125;-0.274658203125;0.79736328125;;;;;;;;;;;;;;;
85.471435546875;-0.025146484375;0.134033203125;1.056884765625;;;;;;;;;;;;;;;
85.474853515625;-0.47412109375;-0.115478515625;0.819091796875;;;;;;;;;;;;;;;
85.47830200195312;-0.00732421875;0.005615234375;1.13427734375;;;;;;;;;;;;;;;
85.48175048828125;-0.1533203125;0.207275390625;1.02978515625;;;;;;;;;;;;;;;
85.48516845703125;0.29638671875;0.044189453125;0.99658203125;;;;;;;;;;;;;;;
85.48861694335938;-0.16162109375;0.348388671875;0.96337890625;;;;;;;;;;;;;;;
85.49209594726562;-0.182861328125;-0.01904296875;0.83642578125;;;;;;;;;;;;;;;
85.49551391601562;0.193115234375;0.247314453125;1.235595703125;;;;;;;;;;;;;;;
85.49893188476562;-0.301025390625;-0.301025390625;1.103759765625;;;;;;;;;;;;;;;
85.50225830078125;0.10791015625;0.055419921875;1.055419921875;;;;;;;;;;;;;;;
85.505615234375;-0.27734375;0.0908203125;0.750244140625;;;;;;;;;;;;;;;
85.50900268554688;0.076904296875;0.343017578125;0.925537109375;;;;;;;;;;;;;;;
85.512451171875;-0.021240234375;0.242431640625;1.098388671875;;;;;;;;;;;;;;;
85.51589965820312;0.119384765625;-0.16943359375;1.1474609375;;;;;;;;;;;;;;;
85.51934814453125;-0.062744140625;0.15966796875;1.06396484375;;;;;;;;;;;;;;;
85.52267456054688;-0.402587890625;0.05029296875;0.78369140625;;;;;;;;;;;;;;;
85.52603149414062;0.266357421875;0.080810546875;1.121337890625;;;;;;;;;;;;;;;
85.52938842773438;-0.027099609375;0.0634765625;1.02392578125;;;;;;;;;;;;;;;
85.53277587890625;0.26220703125;-0.029541015625;1.150146484375;;;;;;;;;;;;;;;
85.53619384765625;-0.228515625;0.208984375;0.98681640625;;;;;;;;;;;;;;;
85.53958129882812;-0.111083984375;-0.001708984375;0.80810546875;;;;;;;;;;;;;;;
85.54293823242188;-0.0751953125;0.32373046875;1.062255859375;;;;;;;;;;;;;;;
85.54638671875;-0.1083984375;-0.20947265625;1.072021484375;;;;;;;;;;;;;;;
85.54983520507812;0.1044921875;0.0498046875;1.226806640625;;;;;;;;;;;;;;;
85.55322265625;-0.1396484375;0.034912109375;0.854248046875;;;;;;;;;;;;;;;
85.55661010742188;0.149169921875;0.355224609375;0.83837890625;;;;;;;;;;;;;;;
85.55996704101562;0.015869140625;0.185302734375;0.978515625;;;;;;;;;;;;;;;
85.56338500976562;0.062744140625;-0.218994140625;1.108154296875;;;;;;;;;;;;;;;
85.56674194335938;-0.10009765625;0.091796875;1.213623046875;;;;;;;;;;;;;;;
85.57012939453125;-0.1669921875;-0.193115234375;0.885009765625;;;;;;;;;;;;;;;
85.57354736328125;0.1015625;0.1591796875;1.04052734375;;;;;;;;;;;;;;;
85.57693481445312;-0.13427734375;0.276123046875;0.942138671875;;;;;;;;;;;;;;;
85.58038330078125;0.077392578125;0.281494140625;1.13037109375;;;;;;;;;;;;;;;
85.58380126953125;-0.137939453125;0.3017578125;1.051513671875;;;;;;;;;;;;;;;
85.58721923828125;0.04833984375;-0.270751953125;0.886474609375;;;;;;;;;;;;;;;
85.59060668945312;-0.1259765625;0.076171875;0.977783203125;;;;;;;;;;;;;;;
85.59396362304688;-0.148193359375;-0.10888671875;0.8623046875;;;;;;;;;;;;;;;
85.59735107421875;0.099609375;0.173095703125;1.207275390625;;;;;;;;;;;;;;;
85.600830078125;-0.029296875;0.059814453125;1.02783203125;;;;;;;;;;;;;;;
85.604248046875;0.0771484375;0.258544921875;1.0654296875;;;;;;;;;;;;;;;
85.607666015625;-0.103515625;0.131103515625;0.86181640625;;;;;;;;;;;;;;;
85.61105346679688;0.0;0.026123046875;0.920166015625;;;;;;;;;;;;;;;
85.61447143554688;0.005615234375;0.053466796875;1.157470703125;;;;;;;;;;;;;;;
85.61782836914062;-0.1328125;-0.1552734375;1.073974609375;;;;;;;;;;;;;;;
85.62124633789062;0.05029296875;0.194580078125;1.120849609375;;;;;;;;;;;;;;;
85.62460327148438;-0.144287109375;0.152587890625;0.80859375;;;;;;;;;;;;;;;
85.62802124023438;0.099609375;0.486572265625;0.965087890625;;;;;;;;;;;;;;;
85.63134765625;-0.1064453125;-0.0439453125;1.02392578125;;;;;;;;;;;;;;;
85.63473510742188;0.0693359375;-0.21142578125;1.17919921875;;;;;;;;;;;;;;;
85.63815307617188;-0.166259765625;0.016845703125;1.068115234375;;;;;;;;;;;;;;;
85.64151000976562;-0.1494140625;-0.13330078125;0.79150390625;;;;;;;;;;;;;;;
85.6448974609375;0.038818359375;0.23291015625;1.080810546875;;;;;;;;;;;;;;;
85.64828491210938;-0.06591796875;0.045166015625;1.02734375;;;;;;;;;;;;;;;
85.651611328125;0.096435546875;0.205810546875;1.200927734375;;;;;;;;;;;;;;;
85.65496826171875;-0.287109375;0.0986328125;0.864501953125;;;;;;;;;;;;;;;
85.65829467773438;-0.014892578125;0.087158203125;0.82568359375;;;;;;;;;;;;;;;
85.6617431640625;-0.118408203125;0.18310546875;0.997802734375;;;;;;;;;;;;;;;
85.66522216796875;0.023681640625;-0.19091796875;1.037353515625;;;;;;;;;;;;;;;
85.66860961914062;0.15185546875;0.1328125;1.30859375;;;;;;;;;;;;;;;
85.6719970703125;-0.166015625;0.075927734375;0.89501953125;;;;;;;;;;;;;;;
85.67538452148438;0.000732421875;0.3349609375;0.8994140625;;;;;;;;;;;;;;;
85.67874145507812;-0.190185546875;0.109619140625;0.89306640625;;;;;;;;;;;;;;;
85.68209838867188;0.09130859375;-0.231201171875;1.07470703125;;;;;;;;;;;;;;;
85.685546875;-0.0439453125;0.080322265625;1.216796875;;;;;;;;;;;;;;;
85.68887329101562;-0.11962890625;-0.081787109375;0.913330078125;;;;;;;;;;;;;;;
85.69223022460938;0.073486328125;0.195068359375;1.09814453125;;;;;;;;;;;;;;;
85.695556640625;-0.28515625;0.184814453125;0.87841796875;;;;;;;;;;;;;;;
85.69894409179688;0.080078125;0.189208984375;1.17578125;;;;;;;;;;;;;;;
85.702392578125;-0.19677734375;0.076171875;0.993408203125;;;;;;;;;;;;;;;
85.7056884765625;0.138671875;-0.051513671875;0.943359375;;;;;;;;;;;;;;;
85.70913696289062;-0.158203125;0.1015625;0.912109375;;;;;;;;;;;;;;;
85.71249389648438;0.0322265625;-0.015380859375;0.8486328125;;;;;;;;;;;;;;;
85.71585083007812;0.19091796875;0.182861328125;1.3037109375;;;;;;;;;;;;;;;
85.71929931640625;-0.105224609375;-0.101318359375;1.03173828125;;;;;;;;;;;;;;;
85.72268676757812;-0.010986328125;0.218994140625;1.143310546875;;;;;;;;;;;;;;;
85.72613525390625;-0.296142578125;-0.049072265625;0.79443359375;;;;;;;;;;;;;;;
85.72955322265625;0.0869140625;0.33544921875;0.933349609375;;;;;;;;;;;;;;;
85.73291015625;0.022705078125;-0.018798828125;1.06884765625;;;;;;;;;;;;;;;
85.73623657226562;0.044677734375;-0.025146484375;1.044921875;;;;;;;;;;;;;;;
85.7396240234375;0.141845703125;0.224609375;1.17138671875;;;;;;;;;;;;;;;
85.742919921875;-0.237060546875;0.22705078125;0.823486328125;;;;;;;;;;;;;;;
85.7464599609375;-0.072021484375;0.318359375;1.016845703125;;;;;;;;;;;;;;;
85.74984741210938;-0.169677734375;-0.205810546875;0.9375;;;;;;;;;;;;;;;
85.75323486328125;0.1552734375;-0.085693359375;1.2275390625;;;;;;;;;;;;;;;
85.75674438476562;-0.2216796875;-0.029052734375;1.0009765625;;;;;;;;;;;;;;;
85.76010131835938;-0.061767578125;0.19482421875;0.812255859375;;;;;;;;;;;;;;;
85.76351928710938;0.119873046875;0.264892578125;1.077392578125;;;;;;;;;;;;;;;
85.76687622070312;-0.028076171875;0.044921875;0.969970703125;;;;;;;;;;;;;;;
85.77023315429688;0.090087890625;0.100341796875;1.267822265625;;;;;;;;;;;;;;;
85.77365112304688;-0.272216796875;0.034423828125;0.888916015625;;;;;;;;;;;;;;;
85.77713012695312;0.081787109375;0.21533203125;0.89501953125;;;;;;;;;;;;;;;
85.780517578125;-0.10693359375;0.0478515625;0.905517578125;;;;;;;;;;;;;;;
85.78384399414062;0.087646484375;-0.12255859375;1.05224609375;;;;;;;;;;;;;;;
85.7872314453125;0.086181640625;0.1787109375;1.279296875;;;;;;;;;;;;;;;
85.79055786132812;-0.07421875;-0.07568359375;0.9365234375;;;;;;;;;;;;;;;
85.79391479492188;-0.053955078125;0.2958984375;1.029541015625;;;;;;;;;;;;;;;
85.79727172851562;-0.256103515625;-0.025390625;0.8076171875;;;;;;;;;;;;;;;
85.80062866210938;0.182373046875;-0.056640625;1.105712890625;;;;;;;;;;;;;;;
85.8040771484375;-0.056640625;0.05908203125;1.0693359375;;;;;;;;;;;;;;;
85.8074951171875;-0.01611328125;0.040283203125;1.002685546875;;;;;;;;;;;;;;;
85.8109130859375;-0.169677734375;0.20068359375;1.002685546875;;;;;;;;;;;;;;;
85.81427001953125;-0.16015625;0.031982421875;0.83837890625;;;;;;;;;;;;;;;
85.81768798828125;0.0283203125;0.155029296875;1.16357421875;;;;;;;;;;;;;;;
85.82113647460938;-0.068115234375;-0.015625;1.017822265625;;;;;;;;;;;;;;;
85.8245849609375;0.018310546875;0.20751953125;1.034912109375;;;;;;;;;;;;;;;
85.82797241210938;-0.184326171875;0.094482421875;0.852783203125;;;;;;;;;;;;;;;
85.831298828125;0.068359375;0.050048828125;0.949951171875;;;;;;;;;;;;;;;
85.83465576171875;-0.068359375;0.16748046875;1.2333984375;;;;;;;;;;;;;;;
85.83804321289062;0.0068359375;-0.135009765625;1.06201171875;;;;;;;;;;;;;;;
85.8414306640625;-0.136962890625;0.320556640625;1.16015625;;;;;;;;;;;;;;;
85.8448486328125;-0.12744140625;-0.124755859375;0.765380859375;;;;;;;;;;;;;;;
85.84820556640625;0.059814453125;0.380859375;0.957275390625;;;;;;;;;;;;;;;
85.85162353515625;-0.091064453125;0.013916015625;0.96630859375;;;;;;;;;;;;;;;
85.85501098632812;0.16552734375;0.083984375;1.09423828125;;;;;;;;;;;;;;;
85.8583984375;-0.097412109375;0.161865234375;1.14892578125;;;;;;;;;;;;;;;
85.8616943359375;-0.15234375;-0.002685546875;0.85498046875;;;;;;;;;;;;;;;
85.86508178710938;-0.13330078125;0.340576171875;1.005859375;;;;;;;;;;;;;;;
85.86843872070312;-0.120361328125;-0.31298828125;0.92578125;;;;;;;;;;;;;;;
85.87185668945312;0.07861328125;0.1181640625;1.209716796875;;;;;;;;;;;;;;;
85.87530517578125;-0.15283203125;0.0029296875;1.008544921875;;;;;;;;;;;;;;;
85.87875366210938;0.073486328125;0.276123046875;0.890869140625;;;;;;;;;;;;;;;
85.88211059570312;-0.158203125;0.30078125;0.983642578125;;;;;;;;;;;;;;;
85.88555908203125;-0.055908203125;-0.047607421875;0.9951171875;;;;;;;;;;;;;;;
85.888916015625;-0.068115234375;0.074951171875;1.2353515625;;;;;;;;;;;;;;;
85.892333984375;-0.05029296875;-0.094482421875;0.96044921875;;;;;;;;;;;;;;;
85.89572143554688;-0.0712890625;0.35400390625;0.939697265625;;;;;;;;;;;;;;;
85.89907836914062;-0.239501953125;0.025634765625;0.8173828125;;;;;;;;;;;;;;;
85.9024658203125;0.23583984375;0.076171875;1.11083984375;;;;;;;;;;;;;;;
85.90579223632812;-0.08837890625;0.107666015625;1.281982421875;;;;;;;;;;;;;;;
85.90924072265625;-0.114013671875;-0.070068359375;0.985595703125;;;;;;;;;;;;;;;
85.91259765625;-0.144287109375;0.213623046875;1.00390625;;;;;;;;;;;;;;;
85.91607666015625;-0.26220703125;-0.0869140625;0.761474609375;;;;;;;;;;;;;;;
85.91943359375;0.10498046875;0.402587890625;1.10595703125;;;;;;;;;;;;;;;
85.92279052734375;-0.1015625;0.1005859375;1.0322265625;;;;;;;;;;;;;;;
85.9261474609375;0.04736328125;0.159912109375;1.052734375;;;;;;;;;;;;;;;
85.92953491210938;-0.129638671875;0.0107421875;0.998779296875;;;;;;;;;;;;;;;
85.93292236328125;-0.13037109375;-0.04638671875;0.83251953125;;;;;;;;;;;;;;;
85.936279296875;0.00830078125;0.0947265625;1.1337890625;;;;;;;;;;;;;;;
85.93975830078125;0.06005859375;-0.243896484375;1.03173828125;;;;;;;;;;;;;;;
85.94314575195312;-0.05810546875;0.420166015625;1.161865234375;;;;;;;;;;;;;;;
85.94647216796875;-0.247802734375;0.031494140625;0.80615234375;;;;;;;;;;;;;;;
85.94989013671875;0.19775390625;0.241943359375;1.02001953125;;;;;;;;;;;;;;;
85.9532470703125;-0.3564453125;0.15771484375;1.043212890625;;;;;;;;;;;;;;;
85.95675659179688;-0.2197265625;-0.2275390625;1.04150390625;;;;;;;;;;;;;;;
85.96014404296875;-0.1494140625;0.0556640625;1.1806640625;;;;;;;;;;;;;;;
85.9635009765625;-0.01611328125;-0.26318359375;0.830810546875;;;;;;;;;;;;;;;
85.96685791015625;0.099853515625;0.519287109375;0.97607421875;;;;;;;;;;;;;;;
85.97021484375;-0.248046875;0.08203125;0.920654296875;;;;;;;;;;;;;;;
85.97357177734375;0.166015625;0.289306640625;1.114990234375;;;;;;;;;;;;;;;
85.97698974609375;-0.066162109375;0.01904296875;1.152099609375;;;;;;;;;;;;;;;
85.98037719726562;-0.051025390625;-0.08056640625;0.87255859375;;;;;;;;;;;;;;;
85.9837646484375;-0.163330078125;0.130615234375;1.047119140625;;;;;;;;;;;;;;;
85.98709106445312;-0.1630859375;-0.20849609375;0.900634765625;;;;;;;;;;;;;;;
85.990478515625;-0.001220703125;0.313720703125;1.18212890625;;;;;;;;;;;;;;;
85.993896484375;-0.031494140625;-0.068115234375;0.959228515625;;;;;;;;;;;;;;;
85.99722290039062;0.262939453125;0.380859375;0.984130859375;;;;;;;;;;;;;;;
86.00057983398438;-0.2509765625;0.2734375;0.954833984375;;;;;;;;;;;;;;;
86.00396728515625;-0.098876953125;0.0244140625;0.99853515625;;;;;;;;;;;;;;;
86.00738525390625;-0.193359375;-0.06982421875;1.22119140625;;;;;;;;;;;;;;;
86.01077270507812;0.02587890625;-0.2861328125;0.994384765625;;;;;;;;;;;;;;;
86.01412963867188;-0.073486328125;0.307373046875;0.948486328125;;;;;;;;;;;;;;;
86.0174560546875;-0.173583984375;-0.064208984375;0.78076171875;;;;;;;;;;;;;;;
86.02090454101562;0.156494140625;0.295166015625;1.1650390625;;;;;;;;;;;;;;;
86.02426147460938;-0.277099609375;0.0908203125;1.27392578125;;;;;;;;;;;;;;;
86.027587890625;-0.17333984375;0.00341796875;1.056884765625;;;;;;;;;;;;;;;
86.03097534179688;-0.244384765625;0.114990234375;0.954833984375;;;;;;;;;;;;;;;
86.03427124023438;0.021240234375;-0.171875;0.774169921875;;;;;;;;;;;;;;;
86.03768920898438;-0.030029296875;0.263427734375;1.098388671875;;;;;;;;;;;;;;;
86.04110717773438;-0.109619140625;-0.162841796875;1.00634765625;;;;;;;;;;;;;;;
86.04449462890625;0.01171875;0.312255859375;1.130615234375;;;;;;;;;;;;;;;
86.04794311523438;-0.15185546875;0.027587890625;0.944091796875;;;;;;;;;;;;;;;
86.05130004882812;0.06201171875;0.166748046875;0.93603515625;;;;;;;;;;;;;;;
86.0546875;-0.02685546875;0.064208984375;1.114501953125;;;;;;;;;;;;;;;
86.05813598632812;0.095458984375;-0.19873046875;1.082275390625;;;;;;;;;;;;;;;
86.0615234375;-0.211181640625;0.304443359375;1.13916015625;;;;;;;;;;;;;;;
86.06494140625;-0.30078125;-0.22509765625;0.759033203125;;;;;;;;;;;;;;;
86.06832885742188;0.084716796875;0.279052734375;1.04443359375;;;;;;;;;;;;;;;
86.07168579101562;-0.23388671875;0.138671875;0.9677734375;;;;;;;;;;;;;;;
86.0750732421875;0.01123046875;0.029296875;1.10107421875;;;;;;;;;;;;;;;
86.07839965820312;-0.192626953125;0.0673828125;1.112060546875;;;;;;;;;;;;;;;
86.08175659179688;0.04833984375;-0.25;0.906005859375;;;;;;;;;;;;;;;
86.085205078125;-0.058837890625;0.294921875;0.959716796875;;;;;;;;;;;;;;;
86.08856201171875;-0.133544921875;-0.0029296875;0.86328125;;;;;;;;;;;;;;;
86.0919189453125;0.080810546875;0.243896484375;1.23828125;;;;;;;;;;;;;;;
86.0953369140625;-0.14208984375;-0.03564453125;1.091552734375;;;;;;;;;;;;;;;
86.09869384765625;0.06640625;-0.04150390625;0.985107421875;;;;;;;;;;;;;;;
86.10205078125;-0.148681640625;0.065673828125;0.974609375;;;;;;;;;;;;;;;
86.10546875;0.01708984375;0.056884765625;0.93505859375;;;;;;;;;;;;;;;
86.10882568359375;-0.014404296875;0.301513671875;1.15966796875;;;;;;;;;;;;;;;
86.11227416992188;-0.039306640625;-0.11279296875;0.958984375;;;;;;;;;;;;;;;
86.11566162109375;0.108642578125;0.21630859375;1.075927734375;;;;;;;;;;;;;;;
86.1190185546875;-0.302734375;0.13916015625;0.81689453125;;;;;;;;;;;;;;;
86.12240600585938;0.144775390625;0.075927734375;1.017333984375;;;;;;;;;;;;;;;
86.12579345703125;-0.042724609375;0.005615234375;1.131591796875;;;;;;;;;;;;;;;
86.12924194335938;0.098388671875;-0.268798828125;1.0986328125;;;;;;;;;;;;;;;
86.13265991210938;-0.183837890625;0.251220703125;0.981689453125;;;;;;;;;;;;;;;
86.135986328125;-0.17333984375;-0.107421875;0.7587890625;;;;;;;;;;;;;;;
86.13937377929688;0.00732421875;0.30322265625;1.16064453125;;;;;;;;;;;;;;;
86.14276123046875;-0.2666015625;0.01220703125;1.11572265625;;;;;;;;;;;;;;;
86.14620971679688;0.059326171875;0.05615234375;1.162109375;;;;;;;;;;;;;;;
86.149658203125;-0.251220703125;0.074951171875;0.89697265625;;;;;;;;;;;;;;;
86.153076171875;0.131591796875;-0.000732421875;0.81005859375;;;;;;;;;;;;;;;
86.15643310546875;-0.098388671875;0.176513671875;1.045654296875;;;;;;;;;;;;;;;
86.1597900390625;-0.00830078125;-0.231689453125;1.032958984375;;;;;;;;;;;;;;;
86.16317749023438;-0.113525390625;0.212890625;1.239013671875;;;;;;;;;;;;;;;
86.16656494140625;-0.283447265625;-0.08544921875;0.890869140625;;;;;;;;;;;;;;;
86.16995239257812;0.139892578125;0.138427734375;1.005859375;;;;;;;;;;;;;;;
86.17330932617188;-0.02880859375;0.252685546875;1.029541015625;;;;;;;;;;;;;;;
86.1767578125;0.102294921875;-0.010498046875;1.10546875;;;;;;;;;;;;;;;
86.18020629882812;-0.148193359375;0.253662109375;1.127197265625;;;;;;;;;;;;;;;
86.18362426757812;-0.206787109375;-0.364013671875;0.822021484375;;;;;;;;;;;;;;;
86.18698120117188;-0.0078125;0.196533203125;1.061279296875;;;;;;;;;;;;;;;
86.19036865234375;-0.43359375;0.010009765625;0.847900390625;;;;;;;;;;;;;;;
86.19378662109375;0.019775390625;0.15771484375;1.13427734375;;;;;;;;;;;;;;;
86.19720458984375;-0.196044921875;0.154296875;1.056884765625;;;;;;;;;;;;;;;
86.20059204101562;0.223388671875;-0.014404296875;1.0048828125;;;;;;;;;;;;;;;
86.2039794921875;-0.112060546875;0.17236328125;0.950927734375;;;;;;;;;;;;;;;
86.20733642578125;-0.22509765625;-0.11962890625;0.8359375;;;;;;;;;;;;;;;
86.210693359375;0.124755859375;0.1435546875;1.2265625;;;;;;;;;;;;;;;
86.21414184570312;-0.08154296875;-0.131591796875;1.111083984375;;;;;;;;;;;;;;;
86.21749877929688;0.118408203125;0.002197265625;1.062255859375;;;;;;;;;;;;;;;
86.220947265625;-0.27685546875;0.1728515625;0.798095703125;;;;;;;;;;;;;;;
86.22430419921875;0.006591796875;0.248291015625;0.93017578125;;;;;;;;;;;;;;;
86.22769165039062;-0.05615234375;0.290771484375;1.104736328125;;;;;;;;;;;;;;;
86.23110961914062;0.08984375;-0.226318359375;1.1357421875;;;;;;;;;;;;;;;
86.23446655273438;0.013916015625;0.140625;1.114013671875;;;;;;;;;;;;;;;
86.23788452148438;-0.509033203125;-0.001953125;0.784423828125;;;;;;;;;;;;;;;
86.24130249023438;0.30615234375;0.157470703125;1.007080078125;;;;;;;;;;;;;;;
86.24468994140625;-0.00048828125;0.04150390625;1.080078125;;;;;;;;;;;;;;;
86.24810791015625;0.225341796875;-0.127685546875;1.142822265625;;;;;;;;;;;;;;;
86.25149536132812;-0.30322265625;0.19775390625;1.024169921875;;;;;;;;;;;;;;;
86.25479125976562;-0.26953125;-0.046630859375;0.763427734375;;;;;;;;;;;;;;;
86.2581787109375;0.001708984375;0.40087890625;1.081298828125;;;;;;;;;;;;;;;
86.261474609375;-0.248779296875;-0.14306640625;1.113037109375;;;;;;;;;;;;;;;
86.26486206054688;0.05126953125;0.056640625;1.183349609375;;;;;;;;;;;;;;;
86.26821899414062;-0.150634765625;-0.015380859375;0.914794921875;;;;;;;;;;;;;;;
86.27154541015625;0.14892578125;0.211669921875;0.830810546875;;;;;;;;;;;;;;;
86.27493286132812;-0.083251953125;0.224609375;0.9892578125;;;;;;;;;;;;;;;
86.2783203125;0.0595703125;-0.24951171875;1.03076171875;;;;;;;;;;;;;;;
86.28167724609375;-0.02099609375;0.270263671875;1.230712890625;;;;;;;;;;;;;;;
86.28515625;-0.19140625;-0.210693359375;0.92822265625;;;;;;;;;;;;;;;
86.28848266601562;0.019287109375;0.205810546875;1.049072265625;;;;;;;;;;;;;;;
86.2918701171875;-0.197509765625;0.1083984375;0.94921875;;;;;;;;;;;;;;;
86.29531860351562;0.14990234375;0.27783203125;1.084716796875;;;;;;;;;;;;;;;
86.29873657226562;-0.0634765625;0.221435546875;1.060546875;;;;;;;;;;;;;;;
86.30209350585938;0.11572265625;-0.172119140625;0.87353515625;;;;;;;;;;;;;;;
86.3055419921875;-0.101806640625;0.183837890625;0.998779296875;;;;;;;;;;;;;;;
86.30889892578125;-0.28466796875;-0.029541015625;0.843994140625;;;;;;;;;;;;;;;
86.3123779296875;0.20556640625;0.1142578125;1.2119140625;;;;;;;;;;;;;;;
86.31573486328125;-0.129150390625;0.044921875;1.00244140625;;;;;;;;;;;;;;;
86.319091796875;0.233154296875;0.17236328125;1.065185546875;;;;;;;;;;;;;;;
86.322509765625;-0.151611328125;0.212890625;0.884521484375;;;;;;;;;;;;;;;
86.325927734375;-0.03076171875;0.06591796875;0.885498046875;;;;;;;;;;;;;;;
86.32925415039062;0.05419921875;0.145751953125;1.15380859375;;;;;;;;;;;;;;;
86.33270263671875;-0.076171875;-0.2392578125;1.07666015625;;;;;;;;;;;;;;;
86.3360595703125;0.11865234375;0.23291015625;1.1416015625;;;;;;;;;;;;;;;
86.3394775390625;-0.23779296875;0.16064453125;0.80517578125;;;;;;;;;;;;;;;
86.34292602539062;0.027099609375;0.50146484375;0.928466796875;;;;;;;;;;;;;;;
86.34625244140625;-0.044921875;0.210205078125;1.038818359375;;;;;;;;;;;;;;;
86.34970092773438;0.080810546875;-0.17919921875;1.167236328125;;;;;;;;;;;;;;;
86.35302734375;-0.16015625;0.05810546875;1.0888671875;;;;;;;;;;;;;;;
86.35641479492188;-0.23046875;-0.11328125;0.79833984375;;;;;;;;;;;;;;;
86.35977172851562;0.086181640625;0.23828125;1.0849609375;;;;;;;;;;;;;;;
86.36312866210938;-0.09228515625;0.085205078125;0.999755859375;;;;;;;;;;;;;;;
86.36648559570312;0.158935546875;0.164306640625;1.185546875;;;;;;;;;;;;;;;
86.369873046875;-0.29296875;0.187255859375;0.8984375;;;;;;;;;;;;;;;
86.37319946289062;-0.051513671875;0.05322265625;0.826904296875;;;;;;;;;;;;;;;
86.3765869140625;-0.1552734375;0.212890625;1.009765625;;;;;;;;;;;;;;;
86.37991333007812;-0.0322265625;-0.214599609375;1.05712890625;;;;;;;;;;;;;;;
86.38333129882812;0.1201171875;0.115478515625;1.279541015625;;;;;;;;;;;;;;;
86.38674926757812;-0.153076171875;0.09423828125;0.89990234375;;;;;;;;;;;;;;;
86.39007568359375;0.09326171875;0.34765625;0.87646484375;;;;;;;;;;;;;;;
86.39352416992188;-0.165283203125;0.1865234375;0.882568359375;;;;;;;;;;;;;;;
86.39700317382812;0.07470703125;-0.169189453125;1.064453125;;;;;;;;;;;;;;;
86.400390625;-0.018798828125;0.097900390625;1.237548828125;;;;;;;;;;;;;;;
86.40374755859375;-0.191162109375;-0.146484375;0.8955078125;;;;;;;;;;;;;;;
86.40716552734375;0.203369140625;0.1728515625;1.104248046875;;;;;;;;;;;;;;;
86.4105224609375;-0.226318359375;0.169921875;0.848388671875;;;;;;;;;;;;;;;
86.41397094726562;0.167236328125;0.236328125;1.14306640625;;;;;;;;;;;;;;;
86.41738891601562;-0.19091796875;0.092529296875;0.982421875;;;;;;;;;;;;;;;
86.4207763671875;0.1015625;-0.00634765625;0.970703125;;;;;;;;;;;;;;;
86.42413330078125;-0.207275390625;0.084716796875;0.929443359375;;;;;;;;;;;;;;;
86.42752075195312;0.078369140625;-0.0087890625;0.84326171875;;;;;;;;;;;;;;;
86.430908203125;0.09521484375;0.203857421875;1.332275390625;;;;;;;;;;;;;;;
86.43429565429688;-0.215087890625;-0.130615234375;1.006103515625;;;;;;;;;;;;;;;
86.43759155273438;0.107666015625;0.1884765625;1.18017578125;;;;;;;;;;;;;;;
86.44091796875;-0.3623046875;-0.02099609375;0.863037109375;;;;;;;;;;;;;;;
86.44427490234375;0.01611328125;0.35205078125;0.867431640625;;;;;;;;;;;;;;;
86.44766235351562;0.007080078125;0.045166015625;1.127197265625;;;;;;;;;;;;;;;
86.45108032226562;-0.38134765625;0.012451171875;0.962158203125;;;;;;;;;;;;;;;
86.45443725585938;0.4580078125;0.19287109375;1.240966796875;;;;;;;;;;;;;;;
86.45779418945312;-0.287841796875;0.141845703125;0.799560546875;;;;;;;;;;;;;;;
86.46112060546875;0.276123046875;0.37548828125;0.9697265625;;;;;;;;;;;;;;;
86.4644775390625;0.021728515625;-0.202392578125;0.989990234375;;;;;;;;;;;;;;;
86.4678955078125;0.00341796875;-0.04736328125;1.17333984375;;;;;;;;;;;;;;;
86.47128295898438;-0.207275390625;-0.006591796875;1.047119140625;;;;;;;;;;;;;;;
86.47457885742188;-0.05029296875;-0.111083984375;0.763671875;;;;;;;;;;;;;;;
86.4779052734375;0.169677734375;0.3310546875;1.170654296875;;;;;;;;;;;;;;;
86.4813232421875;-0.192626953125;0.017822265625;0.974609375;;;;;;;;;;;;;;;
86.48471069335938;0.072509765625;0.279296875;1.241455078125;;;;;;;;;;;;;;;
86.48806762695312;-0.1728515625;-0.072998046875;0.891845703125;;;;;;;;;;;;;;;
86.49139404296875;0.169677734375;0.274169921875;0.905029296875;;;;;;;;;;;;;;;
86.49481201171875;-0.138427734375;0.028076171875;0.92919921875;;;;;;;;;;;;;;;
86.49813842773438;0.114013671875;-0.02099609375;0.901123046875;;;;;;;;;;;;;;;
86.50152587890625;0.560302734375;0.199462890625;1.3994140625;;;;;;;;;;;;;;;
86.5050048828125;-0.330810546875;0.105224609375;0.908935546875;;;;;;;;;;;;;;;
86.50833129882812;0.033935546875;0.3896484375;0.970947265625;;;;;;;;;;;;;;;
86.51168823242188;-0.27734375;-0.014404296875;0.84765625;;;;;;;;;;;;;;;
86.5150146484375;-0.0634765625;0.076171875;1.083251953125;;;;;;;;;;;;;;;
86.51840209960938;-0.1513671875;-0.07763671875;1.223388671875;;;;;;;;;;;;;;;
86.5218505859375;-0.193359375;-0.002197265625;0.907958984375;;;;;;;;;;;;;;;
86.52523803710938;0.237548828125;0.133056640625;1.056396484375;;;;;;;;;;;;;;;
86.52862548828125;-0.173583984375;0.18212890625;0.8564453125;;;;;;;;;;;;;;;
86.53201293945312;0.08740234375;0.264404296875;1.1611328125;;;;;;;;;;;;;;;
86.53543090820312;-0.1123046875;0.057373046875;1.009033203125;;;;;;;;;;;;;;;
86.538818359375;-0.058349609375;0.189208984375;1.04833984375;;;;;;;;;;;;;;;
86.54220581054688;-0.20556640625;-0.0478515625;0.87646484375;;;;;;;;;;;;;;;
86.54550170898438;0.10595703125;-0.04052734375;0.932861328125;;;;;;;;;;;;;;;
86.54885864257812;-0.128173828125;0.22900390625;1.25927734375;;;;;;;;;;;;;;;
86.55224609375;-0.049560546875;-0.086669921875;1.082763671875;;;;;;;;;;;;;;;
86.55563354492188;-0.173828125;0.312744140625;1.165283203125;;;;;;;;;;;;;;;
86.55905151367188;-0.22265625;-0.08837890625;0.790771484375;;;;;;;;;;;;;;;
86.56243896484375;-0.008544921875;0.3798828125;0.92724609375;;;;;;;;;;;;;;;
86.56591796875;-0.1123046875;0.004150390625;0.988037109375;;;;;;;;;;;;;;;
86.56930541992188;0.1513671875;-0.01904296875;1.08642578125;;;;;;;;;;;;;;;
86.57269287109375;-0.027587890625;0.159912109375;1.16162109375;;;;;;;;;;;;;;;
86.57611083984375;-0.2158203125;0.011474609375;0.87255859375;;;;;;;;;;;;;;;
86.5794677734375;-0.086669921875;0.330078125;0.98876953125;;;;;;;;;;;;;;;
86.58285522460938;-0.16015625;-0.278564453125;0.929931640625;;;;;;;;;;;;;;;
86.58627319335938;0.03759765625;0.078369140625;1.173583984375;;;;;;;;;;;;;;;
86.58963012695312;-0.1728515625;0.05712890625;1.0166015625;;;;;;;;;;;;;;;
86.59304809570312;0.09814453125;0.19775390625;0.895751953125;;;;;;;;;;;;;;;
86.59637451171875;-0.16015625;0.353271484375;0.98974609375;;;;;;;;;;;;;;;
86.5997314453125;-0.124755859375;-0.083984375;1.017333984375;;;;;;;;;;;;;;;
86.60308837890625;-0.145751953125;0.044677734375;1.217529296875;;;;;;;;;;;;;;;
86.60647583007812;-0.088134765625;-0.140380859375;0.998291015625;;;;;;;;;;;;;;;
86.60992431640625;0.023193359375;0.27490234375;0.933837890625;;;;;;;;;;;;;;;
86.61331176757812;-0.211669921875;0.143310546875;0.8095703125;;;;;;;;;;;;;;;
86.61672973632812;0.270751953125;0.032470703125;1.108642578125;;;;;;;;;;;;;;;
86.62017822265625;0.1572265625;0.195556640625;1.27490234375;;;;;;;;;;;;;;;
86.62353515625;-0.013427734375;-0.082275390625;1.01953125;;;;;;;;;;;;;;;
86.62686157226562;-0.2626953125;0.305908203125;1.0166015625;;;;;;;;;;;;;;;
86.63018798828125;-0.320556640625;-0.1826171875;0.766845703125;;;;;;;;;;;;;;;
86.63357543945312;0.0419921875;0.10693359375;1.084716796875;;;;;;;;;;;;;;;
86.63693237304688;-0.092041015625;0.04150390625;1.039306640625;;;;;;;;;;;;;;;
86.64031982421875;0.04443359375;0.153076171875;1.02197265625;;;;;;;;;;;;;;;
86.64370727539062;-0.10693359375;0.259521484375;1.024169921875;;;;;;;;;;;;;;;
86.64712524414062;-0.140380859375;-0.002685546875;0.84765625;;;;;;;;;;;;;;;
86.6505126953125;-0.031982421875;0.197509765625;1.143310546875;;;;;;;;;;;;;;;
86.6539306640625;-0.02978515625;-0.136962890625;1.02978515625;;;;;;;;;;;;;;;
86.6573486328125;-0.120849609375;0.322509765625;1.1015625;;;;;;;;;;;;;;;
86.66073608398438;-0.250244140625;-0.015625;0.865234375;;;;;;;;;;;;;;;
86.66409301757812;0.1748046875;0.105712890625;0.962158203125;;;;;;;;;;;;;;;
86.66744995117188;-0.248779296875;0.249755859375;1.2509765625;;;;;;;;;;;;;;;
86.67086791992188;-0.11181640625;-0.142822265625;1.06982421875;;;;;;;;;;;;;;;
86.67434692382812;-0.19091796875;0.2822265625;1.16455078125;;;;;;;;;;;;;;;
86.67779541015625;-0.0654296875;-0.25732421875;0.751708984375;;;;;;;;;;;;;;;
86.68118286132812;0.09912109375;0.474609375;0.94775390625;;;;;;;;;;;;;;;
86.68447875976562;-0.209716796875;0.04296875;0.935546875;;;;;;;;;;;;;;;
86.68783569335938;0.0986328125;0.138916015625;1.142333984375;;;;;;;;;;;;;;;
86.69122314453125;-0.214111328125;0.083984375;1.169189453125;;;;;;;;;;;;;;;
86.694580078125;-0.098388671875;-0.099365234375;0.845947265625;;;;;;;;;;;;;;;
86.69802856445312;-0.023681640625;0.26513671875;1.00048828125;;;;;;;;;;;;;;;
86.70138549804688;-0.101318359375;-0.22802734375;0.88720703125;;;;;;;;;;;;;;;
86.70480346679688;0.021484375;0.2919921875;1.209228515625;;;;;;;;;;;;;;;
86.70809936523438;-0.124267578125;-0.010498046875;0.99267578125;;;;;;;;;;;;;;;
86.71148681640625;0.260498046875;0.29296875;0.983154296875;;;;;;;;;;;;;;;
86.71481323242188;-0.371337890625;0.2490234375;0.947021484375;;;;;;;;;;;;;;;
86.71820068359375;-0.094970703125;-0.05810546875;0.937744140625;;;;;;;;;;;;;;;
86.72152709960938;-0.104248046875;-0.0224609375;1.232666015625;;;;;;;;;;;;;;;
86.72494506835938;0.03369140625;-0.269287109375;0.995849609375;;;;;;;;;;;;;;;
86.72830200195312;0.167724609375;0.394287109375;0.977294921875;;;;;;;;;;;;;;;
86.73178100585938;-0.216064453125;-0.013427734375;0.7783203125;;;;;;;;;;;;;;;
86.735107421875;0.181640625;0.28857421875;1.154296875;;;;;;;;;;;;;;;
86.73849487304688;0.04833984375;0.103271484375;1.30859375;;;;;;;;;;;;;;;
86.74188232421875;-0.311767578125;-0.131103515625;1.0185546875;;;;;;;;;;;;;;;
86.7452392578125;-0.19970703125;0.092529296875;1.0205078125;;;;;;;;;;;;;;;
86.74853515625;-0.247802734375;-0.2236328125;0.7587890625;;;;;;;;;;;;;;;
86.75192260742188;-0.029052734375;0.389892578125;1.084716796875;;;;;;;;;;;;;;;
86.75531005859375;-0.125244140625;-0.03466796875;1.018310546875;;;;;;;;;;;;;;;
86.7586669921875;0.1005859375;0.3681640625;1.111083984375;;;;;;;;;;;;;;;
86.76199340820312;-0.12841796875;0.215087890625;0.99169921875;;;;;;;;;;;;;;;
86.76535034179688;-0.10400390625;-0.0009765625;0.920654296875;;;;;;;;;;;;;;;
86.76870727539062;-0.093994140625;0.05859375;1.111572265625;;;;;;;;;;;;;;;
86.77206420898438;0.011962890625;-0.306640625;1.052490234375;;;;;;;;;;;;;;;
86.77542114257812;-0.189453125;0.36083984375;1.164306640625;;;;;;;;;;;;;;;
86.77886962890625;-0.265625;-0.154296875;0.786376953125;;;;;;;;;;;;;;;
86.78219604492188;0.2080078125;0.28076171875;1.048828125;;;;;;;;;;;;;;;
86.78555297851562;-0.438720703125;0.16259765625;1.181640625;;;;;;;;;;;;;;;
86.78887939453125;-0.15087890625;-0.031005859375;1.1005859375;;;;;;;;;;;;;;;
86.79232788085938;-0.255859375;0.1279296875;1.144287109375;;;;;;;;;;;;;;;
86.79571533203125;0.09521484375;-0.322265625;0.773681640625;;;;;;;;;;;;;;;
86.79916381835938;-0.04052734375;0.35205078125;1.00244140625;;;;;;;;;;;;;;;
86.80255126953125;-0.356689453125;-0.0322265625;0.832275390625;;;;;;;;;;;;;;;
86.8060302734375;0.14404296875;0.242431640625;1.167236328125;;;;;;;;;;;;;;;
86.80935668945312;-0.073974609375;0.02197265625;1.136962890625;;;;;;;;;;;;;;;
86.81277465820312;0.08935546875;-0.040283203125;0.968994140625;;;;;;;;;;;;;;;
86.81619262695312;-0.1865234375;0.129638671875;1.012451171875;;;;;;;;;;;;;;;
86.81954956054688;-0.11083984375;-0.106201171875;0.91064453125;;;;;;;;;;;;;;;
86.82290649414062;-0.0537109375;0.26220703125;1.181640625;;;;;;;;;;;;;;;
86.8262939453125;-0.015625;-0.14990234375;0.959716796875;;;;;;;;;;;;;;;
86.82977294921875;0.15625;0.302734375;1.06640625;;;;;;;;;;;;;;;
86.83322143554688;-0.266845703125;0.146240234375;0.854736328125;;;;;;;;;;;;;;;
86.83660888671875;0.05224609375;0.109375;0.98876953125;;;;;;;;;;;;;;;
86.83990478515625;-0.01513671875;-0.044677734375;1.18603515625;;;;;;;;;;;;;;;
86.84335327148438;0.05126953125;-0.401611328125;1.05810546875;;;;;;;;;;;;;;;
86.84677124023438;-0.132568359375;0.285400390625;1.01025390625;;;;;;;;;;;;;;;
86.8502197265625;-0.21630859375;-0.0546875;0.757080078125;;;;;;;;;;;;;;;
86.85354614257812;0.023681640625;0.357421875;1.14697265625;;;;;;;;;;;;;;;
86.85696411132812;-0.2158203125;0.028076171875;1.16748046875;;;;;;;;;;;;;;;
86.86032104492188;-0.0498046875;0.01708984375;1.1337890625;;;;;;;;;;;;;;;
86.8636474609375;-0.191650390625;-0.001220703125;0.93505859375;;;;;;;;;;;;;;;
86.86703491210938;-0.126708984375;-0.192138671875;0.81005859375;;;;;;;;;;;;;;;
86.87051391601562;-0.021728515625;0.32373046875;1.048828125;;;;;;;;;;;;;;;
86.87384033203125;0.002197265625;-0.08447265625;1.011474609375;;;;;;;;;;;;;;;
86.87728881835938;0.1298828125;0.358642578125;1.245849609375;;;;;;;;;;;;;;;
86.88064575195312;-0.391357421875;-0.1171875;0.903076171875;;;;;;;;;;;;;;;
86.88397216796875;0.122802734375;0.072021484375;0.985107421875;;;;;;;;;;;;;;;
86.8873291015625;-0.1064453125;0.081298828125;1.04638671875;;;;;;;;;;;;;;;
86.89065551757812;0.150634765625;-0.073486328125;1.084716796875;;;;;;;;;;;;;;;
86.89398193359375;-0.14794921875;0.295654296875;1.1337890625;;;;;;;;;;;;;;;
86.89736938476562;-0.12939453125;-0.243408203125;0.82861328125;;;;;;;;;;;;;;;
86.90072631835938;0.024169921875;0.3369140625;1.075927734375;;;;;;;;;;;;;;;
86.90408325195312;-0.553466796875;0.096435546875;0.8046875;;;;;;;;;;;;;;;
86.90750122070312;-0.077392578125;0.05810546875;1.1083984375;;;;;;;;;;;;;;;
86.910888671875;-0.152587890625;0.135498046875;1.089599609375;;;;;;;;;;;;;;;
86.914306640625;0.21533203125;-0.19921875;0.97998046875;;;;;;;;;;;;;;;
86.91763305664062;-0.056884765625;0.20458984375;0.990234375;;;;;;;;;;;;;;;
86.92105102539062;-0.19677734375;-0.13037109375;0.8388671875;;;;;;;;;;;;;;;
86.92446899414062;0.075927734375;0.1982421875;1.243896484375;;;;;;;;;;;;;;;
86.92791748046875;-0.1689453125;-0.071044921875;1.126708984375;;;;;;;;;;;;;;;
86.9312744140625;0.04833984375;-0.004150390625;1.03515625;;;;;;;;;;;;;;;
86.9346923828125;-0.212158203125;0.162841796875;0.9482421875;;;;;;;;;;;;;;;
86.93814086914062;-0.057373046875;0.128662109375;0.91748046875;;;;;;;;;;;;;;;
86.94155883789062;-0.028564453125;0.2587890625;1.117919921875;;;;;;;;;;;;;;;
86.94491577148438;0.14208984375;-0.30712890625;0.981201171875;;;;;;;;;;;;;;;
86.94833374023438;0.192626953125;0.238037109375;1.15234375;;;;;;;;;;;;;;;
86.95172119140625;-0.6171875;0.00390625;0.771240234375;;;;;;;;;;;;;;;
86.955078125;0.21923828125;0.161865234375;0.980224609375;;;;;;;;;;;;;;;
86.95840454101562;-0.076416015625;0.075927734375;1.103759765625;;;;;;;;;;;;;;;
86.96188354492188;0.231201171875;-0.137451171875;1.129150390625;;;;;;;;;;;;;;;
86.9652099609375;-0.250732421875;0.23193359375;1.033203125;;;;;;;;;;;;;;;
86.96865844726562;-0.213623046875;-0.1337890625;0.773681640625;;;;;;;;;;;;;;;
86.9720458984375;-0.01904296875;0.367919921875;1.100341796875;;;;;;;;;;;;;;;
86.9754638671875;-0.272705078125;-0.140380859375;1.11962890625;;;;;;;;;;;;;;;
86.9788818359375;0.08203125;0.042236328125;1.194091796875;;;;;;;;;;;;;;;
86.98226928710938;-0.23193359375;-0.033447265625;0.90576171875;;;;;;;;;;;;;;;
86.98568725585938;0.15673828125;0.135498046875;0.810302734375;;;;;;;;;;;;;;;
86.9891357421875;-0.08984375;0.23046875;1.011962890625;;;;;;;;;;;;;;;
86.99246215820312;0.021240234375;-0.220703125;1.01611328125;;;;;;;;;;;;;;;
86.99591064453125;0.009765625;0.322509765625;1.23583984375;;;;;;;;;;;;;;;
86.999267578125;-0.2099609375;-0.2197265625;0.95849609375;;;;;;;;;;;;;;;
87.0025634765625;0.071044921875;0.119140625;1.013671875;;;;;;;;;;;;;;;
87.00595092773438;-0.187255859375;0.096923828125;0.9619140625;;;;;;;;;;;;;;;
87.00927734375;0.100341796875;0.21533203125;1.056640625;;;;;;;;;;;;;;;
87.01260375976562;-0.005126953125;0.193603515625;1.101806640625;;;;;;;;;;;;;;;
87.01605224609375;-0.01953125;-0.19140625;0.87451171875;;;;;;;;;;;;;;;
87.01934814453125;-0.11279296875;0.248779296875;1.03271484375;;;;;;;;;;;;;;;
87.02267456054688;-0.36767578125;0.05224609375;0.81982421875;;;;;;;;;;;;;;;
87.02615356445312;0.041015625;0.15283203125;1.173828125;;;;;;;;;;;;;;;
87.02944946289062;-0.09375;-0.035400390625;1.0517578125;;;;;;;;;;;;;;;
87.03292846679688;0.25537109375;-0.012939453125;1.037109375;;;;;;;;;;;;;;;
87.03628540039062;0.012451171875;0.148681640625;0.926025390625;;;;;;;;;;;;;;;
87.03964233398438;-0.0390625;0.097900390625;0.86474609375;;;;;;;;;;;;;;;
87.04306030273438;-0.049072265625;0.27685546875;1.17041015625;;;;;;;;;;;;;;;
87.04638671875;-0.117919921875;-0.120361328125;1.092529296875;;;;;;;;;;;;;;;
87.04974365234375;0.01318359375;0.162353515625;1.127685546875;;;;;;;;;;;;;;;
87.05316162109375;-0.221435546875;0.03466796875;0.822265625;;;;;;;;;;;;;;;
87.05654907226562;-0.001220703125;0.362060546875;0.900146484375;;;;;;;;;;;;;;;
87.06002807617188;0.048583984375;0.201171875;1.071533203125;;;;;;;;;;;;;;;
87.06338500976562;0.1328125;-0.19873046875;1.16845703125;;;;;;;;;;;;;;;
87.06674194335938;-0.044677734375;0.175048828125;1.144775390625;;;;;;;;;;;;;;;
87.07009887695312;-0.2958984375;-0.08837890625;0.7998046875;;;;;;;;;;;;;;;
87.07354736328125;0.049560546875;0.27783203125;1.107421875;;;;;;;;;;;;;;;
87.076904296875;-0.04443359375;0.043212890625;1.029052734375;;;;;;;;;;;;;;;
87.08029174804688;0.1484375;0.10693359375;1.165283203125;;;;;;;;;;;;;;;
87.08364868164062;-0.2177734375;0.214111328125;0.99560546875;;;;;;;;;;;;;;;
87.08697509765625;-0.085205078125;-0.061279296875;0.79833984375;;;;;;;;;;;;;;;
87.09033203125;-0.093994140625;0.275634765625;1.0166015625;;;;;;;;;;;;;;;
87.09365844726562;-0.0498046875;-0.232421875;1.033935546875;;;;;;;;;;;;;;;
87.09710693359375;0.136962890625;0.174072265625;1.280517578125;;;;;;;;;;;;;;;
87.10052490234375;-0.144775390625;0.0029296875;0.89990234375;;;;;;;;;;;;;;;
87.10385131835938;0.0576171875;0.4013671875;0.88232421875;;;;;;;;;;;;;;;
87.1072998046875;-0.183837890625;0.205078125;0.89404296875;;;;;;;;;;;;;;;
87.1107177734375;0.06689453125;-0.1826171875;1.023193359375;;;;;;;;;;;;;;;
87.11416625976562;0.022216796875;0.110595703125;1.26904296875;;;;;;;;;;;;;;;
87.11758422851562;-0.134033203125;-0.212158203125;0.95556640625;;;;;;;;;;;;;;;
87.12100219726562;-0.000732421875;0.18505859375;1.04736328125;;;;;;;;;;;;;;;
87.12432861328125;-0.17333984375;0.13623046875;0.865966796875;;;;;;;;;;;;;;;
87.127685546875;0.126220703125;0.35009765625;1.113037109375;;;;;;;;;;;;;;;
87.13104248046875;-0.149169921875;0.156005859375;1.012451171875;;;;;;;;;;;;;;;
87.13442993164062;0.07080078125;-0.0751953125;0.9580078125;;;;;;;;;;;;;;;
87.13778686523438;-0.238525390625;0.12548828125;0.984375;;;;;;;;;;;;;;;
87.1412353515625;-0.064208984375;-0.03173828125;0.80419921875;;;;;;;;;;;;;;;
87.14462280273438;0.272705078125;0.156005859375;1.27587890625;;;;;;;;;;;;;;;
87.14797973632812;-0.02294921875;-0.1025390625;1.0126953125;;;;;;;;;;;;;;;
87.1513671875;0.074462890625;0.18701171875;1.1591796875;;;;;;;;;;;;;;;
87.15469360351562;-0.21142578125;0.050048828125;0.86083984375;;;;;;;;;;;;;;;
87.15805053710938;-0.024169921875;0.294677734375;0.837890625;;;;;;;;;;;;;;;
87.16140747070312;0.04150390625;0.158935546875;1.125732421875;;;;;;;;;;;;;;;
87.164794921875;-0.19677734375;-0.100341796875;1.048828125;;;;;;;;;;;;;;;
87.1680908203125;0.055908203125;0.196044921875;1.205322265625;;;;;;;;;;;;;;;
87.1715087890625;-0.228271484375;0.06201171875;0.798583984375;;;;;;;;;;;;;;;
87.17486572265625;0.077392578125;0.39990234375;0.961669921875;;;;;;;;;;;;;;;
87.17828369140625;-0.12060546875;0.080078125;0.940185546875;;;;;;;;;;;;;;;
87.18170166015625;0.160400390625;-0.159423828125;1.206298828125;;;;;;;;;;;;;;;
87.18511962890625;-0.230712890625;0.109619140625;1.109375;;;;;;;;;;;;;;;
87.18856811523438;-0.18310546875;-0.145263671875;0.73583984375;;;;;;;;;;;;;;;
87.19189453125;0.27685546875;0.32275390625;1.13427734375;;;;;;;;;;;;;;;
87.19534301757812;-0.042724609375;0.02685546875;0.968017578125;;;;;;;;;;;;;;;
87.19876098632812;0.151611328125;0.29931640625;1.24853515625;;;;;;;;;;;;;;;
87.20220947265625;-0.357421875;0.009033203125;0.96875;;;;;;;;;;;;;;;
87.20556640625;0.029052734375;0.155029296875;0.87060546875;;;;;;;;;;;;;;;
87.20889282226562;-0.181396484375;0.1044921875;0.9140625;;;;;;;;;;;;;;;
87.21243286132812;0.135986328125;-0.158935546875;0.946533203125;;;;;;;;;;;;;;;
87.21585083007812;0.31103515625;0.1748046875;1.3095703125;;;;;;;;;;;;;;;
87.21923828125;-0.0947265625;0.067626953125;0.96728515625;;;;;;;;;;;;;;;
87.22256469726562;-0.05419921875;0.470703125;0.95361328125;;;;;;;;;;;;;;;
87.22601318359375;-0.303955078125;0.0556640625;0.78955078125;;;;;;;;;;;;;;;
87.22940063476562;0.16943359375;-0.021484375;1.081298828125;;;;;;;;;;;;;;;
87.23281860351562;-0.0771484375;-0.0771484375;1.209228515625;;;;;;;;;;;;;;;
87.23629760742188;-0.059326171875;-0.09765625;1.01416015625;;;;;;;;;;;;;;;
87.23965454101562;-0.113525390625;0.1025390625;1.0224609375;;;;;;;;;;;;;;;
87.24301147460938;-0.1640625;0.17431640625;0.841552734375;;;;;;;;;;;;;;;
87.24639892578125;0.039306640625;0.392333984375;1.1240234375;;;;;;;;;;;;;;;
87.24984741210938;-0.12109375;0.143798828125;0.999755859375;;;;;;;;;;;;;;;
87.2532958984375;0.001708984375;0.0966796875;1.056640625;;;;;;;;;;;;;;;
87.2567138671875;-0.218994140625;-0.04248046875;0.904052734375;;;;;;;;;;;;;;;
87.26007080078125;0.05810546875;-0.123779296875;0.894775390625;;;;;;;;;;;;;;;
87.26351928710938;0.001220703125;0.1748046875;1.211669921875;;;;;;;;;;;;;;;
87.266845703125;0.03466796875;-0.085693359375;1.0634765625;;;;;;;;;;;;;;;
87.270263671875;-0.139404296875;0.39208984375;1.17578125;;;;;;;;;;;;;;;
87.27365112304688;-0.2568359375;-0.02099609375;0.815185546875;;;;;;;;;;;;;;;
87.27706909179688;0.00244140625;0.33740234375;0.927978515625;;;;;;;;;;;;;;;
87.28045654296875;-0.099609375;0.072265625;0.9873046875;;;;;;;;;;;;;;;
87.28384399414062;-0.0341796875;-0.068115234375;1.10498046875;;;;;;;;;;;;;;;
87.28720092773438;-0.1376953125;0.117431640625;1.164794921875;;;;;;;;;;;;;;;
87.29055786132812;-0.103759765625;-0.070068359375;0.861328125;;;;;;;;;;;;;;;
87.29403686523438;0.016357421875;0.424560546875;0.9775390625;;;;;;;;;;;;;;;
87.29745483398438;-0.176025390625;0.09814453125;0.915771484375;;;;;;;;;;;;;;;
87.30084228515625;0.00244140625;0.02001953125;1.192138671875;;;;;;;;;;;;;;;
87.30422973632812;-0.18505859375;0.026123046875;1.078369140625;;;;;;;;;;;;;;;
87.30767822265625;0.034423828125;-0.15380859375;0.892578125;;;;;;;;;;;;;;;
87.31103515625;-0.08154296875;0.31201171875;0.98583984375;;;;;;;;;;;;;;;
87.314453125;-0.054443359375;-0.03466796875;0.98876953125;;;;;;;;;;;;;;;
87.31787109375;-0.08544921875;0.41796875;1.21484375;;;;;;;;;;;;;;;
87.32122802734375;-0.092529296875;-0.107177734375;0.91357421875;;;;;;;;;;;;;;;
87.32455444335938;0.121337890625;0.240966796875;0.962158203125;;;;;;;;;;;;;;;
87.32797241210938;-0.196044921875;0.05615234375;0.837158203125;;;;;;;;;;;;;;;
87.33132934570312;0.2216796875;0.07666015625;0.951171875;;;;;;;;;;;;;;;
87.33474731445312;0.273681640625;0.210205078125;1.327880859375;;;;;;;;;;;;;;;
87.33807373046875;-0.2021484375;-0.004638671875;1.0126953125;;;;;;;;;;;;;;;
87.34140014648438;-0.174072265625;0.3173828125;0.989013671875;;;;;;;;;;;;;;;
87.34475708007812;-0.2998046875;-0.169189453125;0.734130859375;;;;;;;;;;;;;;;
87.34805297851562;0.147705078125;0.1533203125;1.100341796875;;;;;;;;;;;;;;;
87.35147094726562;-0.10986328125;-0.083251953125;1.18115234375;;;;;;;;;;;;;;;
87.35488891601562;0.0078125;0.15673828125;1.0595703125;;;;;;;;;;;;;;;
87.3582763671875;-0.064453125;0.20947265625;1.0185546875;;;;;;;;;;;;;;;
87.36166381835938;-0.16357421875;0.0986328125;0.80126953125;;;;;;;;;;;;;;;
87.36508178710938;0.020751953125;0.1982421875;1.129638671875;;;;;;;;;;;;;;;
87.36846923828125;-0.05908203125;-0.035888671875;0.991455078125;;;;;;;;;;;;;;;
87.371826171875;-0.0302734375;0.242919921875;1.10205078125;;;;;;;;;;;;;;;
87.37515258789062;-0.2236328125;-0.107666015625;0.853759765625;;;;;;;;;;;;;;;
87.37850952148438;0.26318359375;0.04150390625;0.966064453125;;;;;;;;;;;;;;;
87.38192749023438;-0.19775390625;0.20263671875;1.234375;;;;;;;;;;;;;;;
87.38531494140625;-0.104736328125;-0.077392578125;1.067626953125;;;;;;;;;;;;;;;
87.38870239257812;-0.211669921875;0.257568359375;1.19091796875;;;;;;;;;;;;;;;
87.39202880859375;-0.396728515625;-0.16162109375;0.752197265625;;;;;;;;;;;;;;;
87.3953857421875;0.104248046875;0.418212890625;0.944091796875;;;;;;;;;;;;;;;
87.39877319335938;-0.13623046875;0.05029296875;0.903076171875;;;;;;;;;;;;;;;
87.40213012695312;0.090576171875;0.101806640625;1.102294921875;;;;;;;;;;;;;;;
87.405517578125;0.087158203125;0.01513671875;1.2060546875;;;;;;;;;;;;;;;
87.40890502929688;-0.138671875;-0.111328125;0.880859375;;;;;;;;;;;;;;;
87.41229248046875;-0.000244140625;0.1904296875;1.005859375;;;;;;;;;;;;;;;
87.41571044921875;-0.179931640625;-0.14599609375;0.867919921875;;;;;;;;;;;;;;;
87.4190673828125;0.048828125;0.256591796875;1.201171875;;;;;;;;;;;;;;;
87.42242431640625;-0.291259765625;-0.027587890625;0.991455078125;;;;;;;;;;;;;;;
87.42581176757812;0.343505859375;0.0380859375;1.012939453125;;;;;;;;;;;;;;;
87.42916870117188;-0.38330078125;0.2353515625;0.93994140625;;;;;;;;;;;;;;;
87.43252563476562;-0.300537109375;-0.01513671875;0.92041015625;;;;;;;;;;;;;;;
87.4359130859375;-0.08251953125;0.165771484375;1.23291015625;;;;;;;;;;;;;;;
87.43936157226562;0.04541015625;-0.324951171875;1.002685546875;;;;;;;;;;;;;;;
87.4427490234375;0.20068359375;0.359130859375;0.99560546875;;;;;;;;;;;;;;;
87.4461669921875;-0.257080078125;0.045654296875;0.773681640625;;;;;;;;;;;;;;;
87.44952392578125;0.212890625;0.36767578125;0.99462890625;;;;;;;;;;;;;;;
87.45294189453125;0.06298828125;0.111572265625;1.304931640625;;;;;;;;;;;;;;;
87.45639038085938;-0.3046875;-0.073974609375;1.03564453125;;;;;;;;;;;;;;;
87.45980834960938;-0.165283203125;0.06689453125;1.0712890625;;;;;;;;;;;;;;;
87.46319580078125;-0.3330078125;-0.243408203125;0.738525390625;;;;;;;;;;;;;;;
87.46649169921875;-0.015625;0.337890625;1.059326171875;;;;;;;;;;;;;;;
87.46987915039062;-0.107421875;-0.0703125;1.10205078125;;;;;;;;;;;;;;;
87.4732666015625;0.220703125;0.415771484375;1.149658203125;;;;;;;;;;;;;;;
87.4766845703125;-0.140869140625;0.208740234375;1.0419921875;;;;;;;;;;;;;;;
87.4801025390625;-0.198486328125;0.06005859375;0.84326171875;;;;;;;;;;;;;;;
87.48345947265625;-0.108154296875;0.015869140625;1.097412109375;;;;;;;;;;;;;;;
87.48690795898438;0.01220703125;-0.36376953125;1.026611328125;;;;;;;;;;;;;;;
87.49029541015625;-0.100830078125;0.37646484375;1.164794921875;;;;;;;;;;;;;;;
87.49365234375;-0.254638671875;-0.1533203125;0.812255859375;;;;;;;;;;;;;;;
87.49700927734375;0.22265625;0.343994140625;1.04931640625;;;;;;;;;;;;;;;
87.50048828125;-0.549072265625;0.140869140625;1.188720703125;;;;;;;;;;;;;;;
87.50384521484375;-0.216796875;-0.010986328125;1.070556640625;;;;;;;;;;;;;;;
87.50723266601562;-0.1845703125;0.11669921875;1.1513671875;;;;;;;;;;;;;;;
87.51065063476562;-0.22705078125;-0.30029296875;0.79052734375;;;;;;;;;;;;;;;
87.51397705078125;-0.068603515625;0.27880859375;0.98388671875;;;;;;;;;;;;;;;
87.51736450195312;-0.325439453125;-0.10302734375;0.800537109375;;;;;;;;;;;;;;;
87.52072143554688;0.1259765625;0.2802734375;1.15576171875;;;;;;;;;;;;;;;
87.52407836914062;0.00732421875;0.059326171875;1.154296875;;;;;;;;;;;;;;;
87.5274658203125;0.031982421875;0.052490234375;1.005126953125;;;;;;;;;;;;;;;
87.53085327148438;-0.09716796875;0.037353515625;0.993408203125;;;;;;;;;;;;;;;
87.53408813476562;-0.15478515625;-0.15625;0.87646484375;;;;;;;;;;;;;;;
87.53753662109375;-0.00830078125;0.26025390625;1.161376953125;;;;;;;;;;;;;;;
87.54086303710938;-0.23193359375;-0.192138671875;0.9697265625;;;;;;;;;;;;;;;
87.54428100585938;0.223388671875;0.15380859375;1.10205078125;;;;;;;;;;;;;;;
87.54763793945312;-0.320068359375;0.1201171875;0.8583984375;;;;;;;;;;;;;;;
87.55093383789062;-0.123046875;0.1591796875;0.97607421875;;;;;;;;;;;;;;;
87.5543212890625;-0.065185546875;0.055908203125;1.140380859375;;;;;;;;;;;;;;;
87.55780029296875;0.11865234375;-0.28076171875;0.993896484375;;;;;;;;;;;;;;;
87.5611572265625;-0.025390625;0.1962890625;0.999267578125;;;;;;;;;;;;;;;
87.56448364257812;-0.17919921875;0.0439453125;0.752197265625;;;;;;;;;;;;;;;
87.56781005859375;-0.000732421875;0.346923828125;1.123046875;;;;;;;;;;;;;;;
87.57125854492188;-0.12744140625;-0.005126953125;1.11376953125;;;;;;;;;;;;;;;
87.57467651367188;0.026611328125;-0.091796875;1.17529296875;;;;;;;;;;;;;;;
87.57803344726562;-0.18310546875;-0.079833984375;1.0146484375;;;;;;;;;;;;;;;
87.58154296875;-0.070068359375;-0.006103515625;0.796630859375;;;;;;;;;;;;;;;
87.5849609375;0.01171875;0.3125;1.01171875;;;;;;;;;;;;;;;
87.58834838867188;-0.064697265625;-0.025146484375;1.0048828125;;;;;;;;;;;;;;;
87.59173583984375;0.11328125;0.28955078125;1.257080078125;;;;;;;;;;;;;;;
87.5950927734375;-0.234130859375;0.097900390625;0.938720703125;;;;;;;;;;;;;;;
87.59857177734375;0.06591796875;0.013427734375;0.88720703125;;;;;;;;;;;;;;;
87.60198974609375;-0.117431640625;0.064453125;0.970703125;;;;;;;;;;;;;;;
87.60537719726562;0.13623046875;-0.37939453125;1.0732421875;;;;;;;;;;;;;;;
87.60873413085938;-0.005859375;0.30419921875;1.150390625;;;;;;;;;;;;;;;
87.6121826171875;-0.08251953125;-0.139892578125;0.849365234375;;;;;;;;;;;;;;;
87.61553955078125;-0.06103515625;0.355224609375;1.0625;;;;;;;;;;;;;;;
87.618896484375;-0.3447265625;0.05419921875;0.94775390625;;;;;;;;;;;;;;;
87.62222290039062;0.142578125;0.072509765625;1.178955078125;;;;;;;;;;;;;;;
87.62557983398438;-0.189697265625;0.018310546875;1.051513671875;;;;;;;;;;;;;;;
87.6290283203125;-0.0048828125;-0.14208984375;0.8955078125;;;;;;;;;;;;;;;
87.6324462890625;-0.11181640625;0.169921875;0.938720703125;;;;;;;;;;;;;;;
87.63589477539062;-0.08642578125;0.00537109375;0.828369140625;;;;;;;;;;;;;;;
87.63922119140625;0.2236328125;0.238037109375;1.292724609375;;;;;;;;;;;;;;;
87.642578125;-0.325439453125;-0.07763671875;1.074462890625;;;;;;;;;;;;;;;
87.64596557617188;0.03662109375;0.001708984375;1.108154296875;;;;;;;;;;;;;;;
87.6492919921875;-0.1875;0.089111328125;0.93017578125;;;;;;;;;;;;;;;
87.65267944335938;-0.006591796875;0.173095703125;0.890869140625;;;;;;;;;;;;;;;
87.65615844726562;0.020263671875;0.160400390625;1.123779296875;;;;;;;;;;;;;;;
87.65960693359375;-0.0595703125;-0.241943359375;1.025634765625;;;;;;;;;;;;;;;
87.66302490234375;0.011962890625;0.250244140625;1.1552734375;;;;;;;;;;;;;;;
87.66635131835938;-0.498046875;0.034912109375;0.74462890625;;;;;;;;;;;;;;;
87.669677734375;-0.082763671875;0.2802734375;0.973388671875;;;;;;;;;;;;;;;
87.67315673828125;-0.05810546875;0.043212890625;1.06787109375;;;;;;;;;;;;;;;
87.676513671875;0.177490234375;-0.08349609375;1.166259765625;;;;;;;;;;;;;;;
87.67984008789062;-0.099609375;0.061767578125;1.06201171875;;;;;;;;;;;;;;;
87.68325805664062;-0.137939453125;-0.133544921875;0.779052734375;;;;;;;;;;;;;;;
87.68661499023438;-0.093017578125;0.27734375;1.15966796875;;;;;;;;;;;;;;;
87.69003295898438;-0.371337890625;-0.051513671875;1.06494140625;;;;;;;;;;;;;;;
87.693359375;0.010009765625;0.035400390625;1.217041015625;;;;;;;;;;;;;;;
87.69671630859375;-0.1611328125;0.04052734375;0.989990234375;;;;;;;;;;;;;;;
87.70013427734375;0.03515625;0.21142578125;0.853271484375;;;;;;;;;;;;;;;
87.7034912109375;-0.137451171875;0.359375;0.97998046875;;;;;;;;;;;;;;;
87.70681762695312;0.044677734375;-0.25927734375;0.9970703125;;;;;;;;;;;;;;;
87.71026611328125;0.060546875;0.1494140625;1.279052734375;;;;;;;;;;;;;;;
87.71359252929688;-0.234130859375;-0.06787109375;0.942138671875;;;;;;;;;;;;;;;
87.71701049804688;0.0556640625;0.1416015625;0.89013671875;;;;;;;;;;;;;;;
87.72039794921875;-0.10205078125;0.2060546875;0.945068359375;;;;;;;;;;;;;;;
87.72378540039062;0.045166015625;-0.12744140625;1.08154296875;;;;;;;;;;;;;;;
87.72720336914062;-0.16748046875;0.23486328125;1.185302734375;;;;;;;;;;;;;;;
87.73056030273438;-0.082275390625;-0.2080078125;0.89013671875;;;;;;;;;;;;;;;
87.73388671875;-0.109375;0.390869140625;1.030029296875;;;;;;;;;;;;;;;
87.73736572265625;-0.32763671875;-0.091552734375;0.906494140625;;;;;;;;;;;;;;;
87.74066162109375;0.16943359375;0.064453125;1.172119140625;;;;;;;;;;;;;;;
87.74411010742188;-0.030029296875;-0.127197265625;1.06494140625;;;;;;;;;;;;;;;
87.74749755859375;0.195068359375;0.19677734375;0.920654296875;;;;;;;;;;;;;;;
87.75082397460938;-0.138916015625;0.197021484375;0.921630859375;;;;;;;;;;;;;;;
87.7542724609375;-0.111572265625;-0.042724609375;0.839111328125;;;;;;;;;;;;;;;
87.75765991210938;-0.009033203125;0.227783203125;1.24560546875;;;;;;;;;;;;;;;
87.76104736328125;-0.15966796875;-0.27490234375;1.0927734375;;;;;;;;;;;;;;;
87.76443481445312;0.008544921875;0.063720703125;1.16015625;;;;;;;;;;;;;;;
87.76776123046875;-0.17138671875;0.031982421875;0.871337890625;;;;;;;;;;;;;;;
87.77117919921875;0.064453125;0.4521484375;0.8955078125;;;;;;;;;;;;;;;
87.77456665039062;-0.00048828125;0.134521484375;1.02880859375;;;;;;;;;;;;;;;
87.7779541015625;0.03515625;-0.15771484375;1.06396484375;;;;;;;;;;;;;;;
87.78134155273438;-0.114501953125;0.157958984375;1.127197265625;;;;;;;;;;;;;;;
87.78472900390625;-0.334228515625;-0.06298828125;0.814453125;;;;;;;;;;;;;;;
87.7880859375;-0.00830078125;0.278564453125;1.055908203125;;;;;;;;;;;;;;;
87.79150390625;-0.0888671875;-0.050537109375;0.977294921875;;;;;;;;;;;;;;;
87.79486083984375;0.18798828125;0.156982421875;1.1865234375;;;;;;;;;;;;;;;
87.79818725585938;-0.103271484375;0.05029296875;1.00048828125;;;;;;;;;;;;;;;
87.801513671875;0.025390625;-0.15771484375;0.863037109375;;;;;;;;;;;;;;;
87.80484008789062;-0.164306640625;0.25341796875;0.9638671875;;;;;;;;;;;;;;;
87.80816650390625;-0.13720703125;-0.044921875;1.026123046875;;;;;;;;;;;;;;;
87.81155395507812;0.048828125;0.23095703125;1.310302734375;;;;;;;;;;;;;;;
87.81491088867188;-0.21484375;0.0634765625;0.935791015625;;;;;;;;;;;;;;;
87.81829833984375;0.030029296875;0.28466796875;0.860107421875;;;;;;;;;;;;;;;
87.82168579101562;-0.106201171875;0.2236328125;0.874267578125;;;;;;;;;;;;;;;
87.82501220703125;0.152099609375;-0.21044921875;0.97509765625;;;;;;;;;;;;;;;
87.82846069335938;-0.00341796875;0.1103515625;1.24072265625;;;;;;;;;;;;;;;
87.83181762695312;-0.0556640625;-0.128662109375;1.008544921875;;;;;;;;;;;;;;;
87.835205078125;-0.12890625;0.29150390625;1.00537109375;;;;;;;;;;;;;;;
87.83859252929688;-0.295654296875;0.145751953125;0.84326171875;;;;;;;;;;;;;;;
87.84194946289062;0.075439453125;0.107177734375;1.08203125;;;;;;;;;;;;;;;
87.84539794921875;-0.0986328125;0.129150390625;1.12109375;;;;;;;;;;;;;;;
87.84872436523438;0.06298828125;-0.05419921875;0.97412109375;;;;;;;;;;;;;;;
87.8521728515625;-0.161376953125;0.22412109375;0.96044921875;;;;;;;;;;;;;;;
87.85562133789062;-0.07666015625;-0.059814453125;0.859130859375;;;;;;;;;;;;;;;
87.85894775390625;0.092529296875;0.203125;1.21044921875;;;;;;;;;;;;;;;
87.86227416992188;-0.0732421875;0.052734375;1.029296875;;;;;;;;;;;;;;;
87.86566162109375;0.078125;0.2333984375;1.000732421875;;;;;;;;;;;;;;;
87.86907958984375;-0.255126953125;0.112060546875;0.8310546875;;;;;;;;;;;;;;;
87.8724365234375;0.05322265625;-0.055419921875;0.879150390625;;;;;;;;;;;;;;;
87.87579345703125;-0.0654296875;0.15234375;1.2021484375;;;;;;;;;;;;;;;
87.87924194335938;-0.116455078125;-0.14208984375;1.07666015625;;;;;;;;;;;;;;;
87.88272094726562;0.004638671875;0.192138671875;1.188232421875;;;;;;;;;;;;;;;
87.88607788085938;-0.122802734375;-0.00537109375;0.790283203125;;;;;;;;;;;;;;;
87.889404296875;0.08251953125;0.369140625;0.954345703125;;;;;;;;;;;;;;;
87.89285278320312;-0.216064453125;0.118408203125;0.916259765625;;;;;;;;;;;;;;;
87.89620971679688;0.158447265625;-0.046875;1.103271484375;;;;;;;;;;;;;;;
87.89968872070312;-0.22216796875;0.119140625;1.1015625;;;;;;;;;;;;;;;
87.90304565429688;-0.026123046875;-0.14208984375;0.796142578125;;;;;;;;;;;;;;;
87.9063720703125;0.213623046875;0.279541015625;1.07958984375;;;;;;;;;;;;;;;
87.90985107421875;-0.02001953125;-0.04736328125;0.9599609375;;;;;;;;;;;;;;;
87.91317749023438;0.105224609375;0.239990234375;1.242431640625;;;;;;;;;;;;;;;
87.9166259765625;-0.2861328125;-0.001708984375;0.98828125;;;;;;;;;;;;;;;
87.9200439453125;0.050048828125;0.261474609375;0.89013671875;;;;;;;;;;;;;;;
87.92349243164062;-0.218994140625;0.217041015625;0.880126953125;;;;;;;;;;;;;;;
87.92684936523438;-0.30078125;-0.00732421875;0.925048828125;;;;;;;;;;;;;;;
87.93014526367188;0.25439453125;0.08056640625;1.28515625;;;;;;;;;;;;;;;
87.93350219726562;-0.050048828125;0.031005859375;0.99462890625;;;;;;;;;;;;;;;
87.9368896484375;0.181884765625;0.2734375;0.955322265625;;;;;;;;;;;;;;;
87.9403076171875;-0.28955078125;0.18994140625;0.76806640625;;;;;;;;;;;;;;;
87.94363403320312;0.146484375;-0.003173828125;1.0703125;;;;;;;;;;;;;;;
87.947021484375;-0.101318359375;0.061279296875;1.1943359375;;;;;;;;;;;;;;;
87.950439453125;-0.13525390625;-0.291748046875;1.02197265625;;;;;;;;;;;;;;;
87.953857421875;-0.06884765625;0.18505859375;1.045654296875;;;;;;;;;;;;;;;
87.95718383789062;-0.224609375;0.184326171875;0.8193359375;;;;;;;;;;;;;;;
87.96060180664062;0.09130859375;0.369384765625;1.11767578125;;;;;;;;;;;;;;;
87.96401977539062;-0.0693359375;0.039794921875;1.0458984375;;;;;;;;;;;;;;;
87.9674072265625;0.19189453125;0.140625;1.08837890625;;;;;;;;;;;;;;;
87.97076416015625;-0.281982421875;0.1435546875;0.888427734375;;;;;;;;;;;;;;;
87.97409057617188;0.057373046875;-0.087646484375;0.82958984375;;;;;;;;;;;;;;;
87.97744750976562;0.112548828125;0.2216796875;1.187744140625;;;;;;;;;;;;;;;
87.98080444335938;0.040771484375;0.066162109375;1.056396484375;;;;;;;;;;;;;;;
87.98419189453125;-0.084228515625;0.398193359375;1.092529296875;;;;;;;;;;;;;;;
87.98757934570312;-0.309326171875;-0.066650390625;0.771240234375;;;;;;;;;;;;;;;
87.99093627929688;0.083984375;0.127685546875;0.935791015625;;;;;;;;;;;;;;;
87.99429321289062;-0.185302734375;0.03759765625;1.104248046875;;;;;;;;;;;;;;;
87.99765014648438;0.071533203125;-0.068603515625;1.141357421875;;;;;;;;;;;;;;;
88.00112915039062;-0.255615234375;0.1005859375;1.189697265625;;;;;;;;;;;;;;;
88.00445556640625;-0.13037109375;-0.02978515625;0.812255859375;;;;;;;;;;;;;;;
88.00784301757812;-0.046875;0.296142578125;1.00732421875;;;;;;;;;;;;;;;
88.01119995117188;-0.24267578125;0.052734375;0.875244140625;;;;;;;;;;;;;;;
88.0145263671875;0.03125;0.15234375;1.150634765625;;;;;;;;;;;;;;;
88.0179443359375;-0.245849609375;0.049560546875;1.062255859375;;;;;;;;;;;;;;;
88.02130126953125;0.06201171875;-0.11083984375;0.932861328125;;;;;;;;;;;;;;;
88.02468872070312;-0.191162109375;0.186767578125;1.07470703125;;;;;;;;;;;;;;;
88.02804565429688;-0.105712890625;-0.030029296875;0.964599609375;;;;;;;;;;;;;;;
88.03143310546875;-0.080322265625;0.2666015625;1.218505859375;;;;;;;;;;;;;;;
88.03475952148438;-0.0888671875;-0.08251953125;0.9609375;;;;;;;;;;;;;;;
88.03817749023438;-0.01171875;0.32080078125;0.974365234375;;;;;;;;;;;;;;;
88.04147338867188;-0.241943359375;0.153076171875;0.783203125;;;;;;;;;;;;;;;
88.04486083984375;-0.0224609375;0.048095703125;1.002197265625;;;;;;;;;;;;;;;
88.04815673828125;-0.032470703125;0.09521484375;1.225341796875;;;;;;;;;;;;;;;
88.05154418945312;-0.01025390625;-0.100830078125;1.046142578125;;;;;;;;;;;;;;;
88.05499267578125;0.0400390625;0.2294921875;1.015625;;;;;;;;;;;;;;;
88.058349609375;-0.271484375;-0.177734375;0.7763671875;;;;;;;;;;;;;;;
88.06173706054688;-0.072509765625;0.15771484375;1.062255859375;;;;;;;;;;;;;;;
88.065185546875;-0.1005859375;0.005859375;1.153076171875;;;;;;;;;;;;;;;
88.06854248046875;0.025634765625;0.193115234375;1.093017578125;;;;;;;;;;;;;;;
88.07192993164062;-0.122314453125;0.200927734375;0.990234375;;;;;;;;;;;;;;;
88.07540893554688;-0.08447265625;0.00732421875;0.844970703125;;;;;;;;;;;;;;;
88.07879638671875;-0.03466796875;0.386962890625;1.126220703125;;;;;;;;;;;;;;;
88.08224487304688;-0.04248046875;-0.1240234375;1.020751953125;;;;;;;;;;;;;;;
88.08563232421875;0.03662109375;0.2626953125;1.152587890625;;;;;;;;;;;;;;;
88.08901977539062;-0.281005859375;0.032470703125;0.837158203125;;;;;;;;;;;;;;;
88.0924072265625;0.21533203125;0.1162109375;1.001220703125;;;;;;;;;;;;;;;
88.09576416015625;0.15283203125;0.218994140625;1.188720703125;;;;;;;;;;;;;;;
88.09915161132812;-0.116455078125;-0.076171875;1.083740234375;;;;;;;;;;;;;;;
88.1025390625;-0.231201171875;0.2734375;1.201171875;;;;;;;;;;;;;;;
88.10589599609375;-0.28564453125;-0.311767578125;0.743408203125;;;;;;;;;;;;;;;
88.10931396484375;0.11767578125;0.261474609375;0.995849609375;;;;;;;;;;;;;;;
88.11279296875;-0.332763671875;-0.013916015625;1.0791015625;;;;;;;;;;;;;;;
88.11611938476562;0.0126953125;0.236328125;1.115234375;;;;;;;;;;;;;;;
88.11956787109375;0.02001953125;0.154296875;1.211669921875;;;;;;;;;;;;;;;
88.12295532226562;-0.135498046875;-0.09130859375;0.828857421875;;;;;;;;;;;;;;;
88.12640380859375;-0.004150390625;0.139892578125;1.00830078125;;;;;;;;;;;;;;;
88.12979125976562;-0.09130859375;-0.065673828125;0.862060546875;;;;;;;;;;;;;;;
88.13314819335938;0.017578125;0.314697265625;1.185546875;;;;;;;;;;;;;;;
88.136474609375;-0.146240234375;-0.044189453125;1.023681640625;;;;;;;;;;;;;;;
88.139892578125;0.12158203125;0.11279296875;1.04931640625;;;;;;;;;;;;;;;
88.14328002929688;-0.193603515625;0.0625;1.03955078125;;;;;;;;;;;;;;;
88.14666748046875;-0.177490234375;0.04248046875;0.94287109375;;;;;;;;;;;;;;;
88.14999389648438;-0.011962890625;0.024169921875;1.19384765625;;;;;;;;;;;;;;;
88.15328979492188;0.0771484375;-0.174560546875;0.92138671875;;;;;;;;;;;;;;;
88.15667724609375;0.193115234375;0.39892578125;1.02880859375;;;;;;;;;;;;;;;
88.1600341796875;-0.233154296875;0.158447265625;0.7509765625;;;;;;;;;;;;;;;
88.16336059570312;0.124267578125;0.283447265625;1.004150390625;;;;;;;;;;;;;;;
88.16668701171875;0.146484375;-0.0673828125;1.248046875;;;;;;;;;;;;;;;
88.16998291015625;-0.21923828125;-0.1181640625;1.069580078125;;;;;;;;;;;;;;;
88.17340087890625;-0.184814453125;-0.022216796875;1.065185546875;;;;;;;;;;;;;;;
88.1767578125;-0.238525390625;-0.09619140625;0.751708984375;;;;;;;;;;;;;;;
88.18020629882812;0.071533203125;0.33251953125;1.06298828125;;;;;;;;;;;;;;;
88.18362426757812;-0.0634765625;-0.038330078125;1.0380859375;;;;;;;;;;;;;;;
88.18701171875;0.164794921875;0.335693359375;1.218017578125;;;;;;;;;;;;;;;
88.19033813476562;-0.111328125;0.128173828125;0.967529296875;;;;;;;;;;;;;;;
88.19369506835938;-0.111083984375;0.113525390625;0.808349609375;;;;;;;;;;;;;;;
88.19711303710938;-0.0634765625;-0.02734375;1.09228515625;;;;;;;;;;;;;;;
88.20050048828125;-0.006591796875;-0.2607421875;1.03857421875;;;;;;;;;;;;;;;
88.20391845703125;0.06640625;0.235107421875;1.180908203125;;;;;;;;;;;;;;;
88.207275390625;-0.323486328125;-0.16748046875;0.791259765625;;;;;;;;;;;;;;;
88.21063232421875;0.268310546875;0.271484375;1.084716796875;;;;;;;;;;;;;;;
88.21401977539062;0.159912109375;0.226318359375;1.10595703125;;;;;;;;;;;;;;;
88.21737670898438;-0.115966796875;-0.01953125;1.1162109375;;;;;;;;;;;;;;;
88.220703125;-0.236328125;0.04736328125;1.142333984375;;;;;;;;;;;;;;;
88.22406005859375;-0.23828125;-0.2978515625;0.8193359375;;;;;;;;;;;;;;;
88.22750854492188;-0.015869140625;0.346435546875;0.951904296875;;;;;;;;;;;;;;;
88.23086547851562;-0.114501953125;-0.00146484375;0.831787109375;;;;;;;;;;;;;;;
88.2342529296875;0.19775390625;0.291259765625;1.228271484375;;;;;;;;;;;;;;;
88.23764038085938;-0.102294921875;0.12841796875;1.095703125;;;;;;;;;;;;;;;
88.24099731445312;0.119140625;0.03955078125;0.86865234375;;;;;;;;;;;;;;;
88.24429321289062;-0.102294921875;0.041015625;0.966796875;;;;;;;;;;;;;;;
88.24761962890625;-0.045654296875;-0.106201171875;0.879150390625;;;;;;;;;;;;;;;
88.2509765625;0.01953125;0.190185546875;1.18115234375;;;;;;;;;;;;;;;
88.25433349609375;-0.144775390625;-0.154052734375;0.990966796875;;;;;;;;;;;;;;;
88.25765991210938;0.0810546875;0.146728515625;1.085693359375;;;;;;;;;;;;;;;
88.26104736328125;-0.222412109375;0.142578125;0.921875;;;;;;;;;;;;;;;
88.26443481445312;-0.058349609375;0.16357421875;0.939453125;;;;;;;;;;;;;;;
88.267822265625;0.011962890625;0.062744140625;1.12548828125;;;;;;;;;;;;;;;
88.27120971679688;0.114990234375;-0.2041015625;1.019287109375;;;;;;;;;;;;;;;
88.27462768554688;-0.06396484375;0.200439453125;1.01806640625;;;;;;;;;;;;;;;
88.2779541015625;-0.150390625;0.079345703125;0.751220703125;;;;;;;;;;;;;;;
88.28128051757812;-0.043212890625;0.311767578125;1.08984375;;;;;;;;;;;;;;;
88.28463745117188;-0.08984375;-0.017822265625;1.11181640625;;;;;;;;;;;;;;;
88.28799438476562;0.076904296875;-0.098388671875;1.176513671875;;;;;;;;;;;;;;;
88.2913818359375;-0.18408203125;0.025634765625;1.036865234375;;;;;;;;;;;;;;;
88.29476928710938;-0.087158203125;-0.0234375;0.79541015625;;;;;;;;;;;;;;;
88.29818725585938;-0.01611328125;0.3564453125;0.98974609375;;;;;;;;;;;;;;;
88.30157470703125;-0.029052734375;-0.099609375;0.99072265625;;;;;;;;;;;;;;;
88.30496215820312;0.068115234375;0.292236328125;1.2548828125;;;;;;;;;;;;;;;
88.308349609375;-0.19189453125;0.08935546875;0.954833984375;;;;;;;;;;;;;;;
88.31182861328125;-0.052978515625;0.04736328125;0.865478515625;;;;;;;;;;;;;;;
88.31521606445312;-0.1337890625;0.1630859375;0.983154296875;;;;;;;;;;;;;;;
88.31857299804688;0.09033203125;-0.36181640625;1.0458984375;;;;;;;;;;;;;;;
88.32192993164062;-0.09375;0.302001953125;1.163330078125;;;;;;;;;;;;;;;
88.32528686523438;-0.053955078125;-0.25439453125;0.854736328125;;;;;;;;;;;;;;;
88.3287353515625;-0.078369140625;0.351318359375;1.0380859375;;;;;;;;;;;;;;;
88.33206176757812;-0.25390625;0.072509765625;0.975341796875;;;;;;;;;;;;;;;
88.33554077148438;0.03076171875;-0.087646484375;1.147216796875;;;;;;;;;;;;;;;
88.33901977539062;-0.16796875;0.09326171875;1.06640625;;;;;;;;;;;;;;;
88.34234619140625;-0.008056640625;-0.17236328125;0.89990234375;;;;;;;;;;;;;;;
88.34573364257812;-0.140380859375;0.3896484375;0.942626953125;;;;;;;;;;;;;;;
88.34918212890625;-0.123291015625;-0.129638671875;0.805419921875;;;;;;;;;;;;;;;
88.35256958007812;0.12060546875;0.30029296875;1.2421875;;;;;;;;;;;;;;;
88.35604858398438;-0.137939453125;0.060791015625;1.11962890625;;;;;;;;;;;;;;;
88.359375;0.06103515625;0.102294921875;0.91259765625;;;;;;;;;;;;;;;
88.36276245117188;-0.1318359375;0.11181640625;0.926513671875;;;;;;;;;;;;;;;
88.36614990234375;-0.008056640625;-0.1572265625;0.884765625;;;;;;;;;;;;;;;
88.36947631835938;-0.11865234375;0.1953125;1.213134765625;;;;;;;;;;;;;;;
88.37286376953125;-0.0546875;-0.30712890625;1.010498046875;;;;;;;;;;;;;;;
88.37631225585938;-0.099365234375;0.316650390625;1.156982421875;;;;;;;;;;;;;;;
88.379638671875;-0.425537109375;-0.052734375;0.912109375;;;;;;;;;;;;;;;
88.38302612304688;-0.08349609375;0.321533203125;0.97021484375;;;;;;;;;;;;;;;
88.3863525390625;-0.072265625;-0.00390625;1.032470703125;;;;;;;;;;;;;;;
88.38973999023438;0.27880859375;0.008544921875;1.02392578125;;;;;;;;;;;;;;;
88.39309692382812;-0.113037109375;0.148193359375;1.083740234375;;;;;;;;;;;;;;;
88.39645385742188;-0.16455078125;-0.173828125;0.78515625;;;;;;;;;;;;;;;
88.3997802734375;-0.179443359375;0.340087890625;1.13623046875;;;;;;;;;;;;;;;
88.40322875976562;-0.327392578125;-0.136474609375;1.049072265625;;;;;;;;;;;;;;;
88.40670776367188;0.040771484375;0.083251953125;1.22314453125;;;;;;;;;;;;;;;
88.41012573242188;-0.182861328125;0.0595703125;1.004150390625;;;;;;;;;;;;;;;
88.41342163085938;0.098388671875;0.2353515625;0.857177734375;;;;;;;;;;;;;;;
88.41671752929688;-0.251708984375;0.33984375;0.941162109375;;;;;;;;;;;;;;;
88.42013549804688;0.092529296875;-0.29541015625;0.986572265625;;;;;;;;;;;;;;;
88.42355346679688;-0.046630859375;0.22705078125;1.275146484375;;;;;;;;;;;;;;;
88.4268798828125;-0.248291015625;-0.158935546875;0.9775390625;;;;;;;;;;;;;;;
88.43032836914062;-0.09521484375;0.18017578125;0.93310546875;;;;;;;;;;;;;;;
88.43368530273438;-0.17822265625;0.237060546875;0.883056640625;;;;;;;;;;;;;;;
88.4371337890625;0.15478515625;-0.028076171875;1.08544921875;;;;;;;;;;;;;;;
88.44046020507812;-0.113037109375;0.232666015625;1.182373046875;;;;;;;;;;;;;;;
88.44381713867188;0.029052734375;-0.166259765625;0.939453125;;;;;;;;;;;;;;;
88.44723510742188;-0.211181640625;0.41796875;1.01220703125;;;;;;;;;;;;;;;
88.45059204101562;-0.457275390625;-0.1484375;0.889892578125;;;;;;;;;;;;;;;
88.45394897460938;0.05419921875;0.044921875;1.192138671875;;;;;;;;;;;;;;;
88.45730590820312;-0.070068359375;-0.106201171875;1.016845703125;;;;;;;;;;;;;;;
88.460693359375;0.123046875;0.223876953125;0.94384765625;;;;;;;;;;;;;;;
88.46408081054688;-0.15576171875;0.2041015625;0.9140625;;;;;;;;;;;;;;;
88.46749877929688;0.009765625;-0.0556640625;0.86181640625;;;;;;;;;;;;;;;
88.4708251953125;0.02490234375;0.254150390625;1.23486328125;;;;;;;;;;;;;;;
88.47427368164062;-0.2373046875;-0.010009765625;1.103759765625;;;;;;;;;;;;;;;
88.47756958007812;-0.09716796875;0.1103515625;1.0556640625;;;;;;;;;;;;;;;
88.48092651367188;-0.260498046875;-0.001953125;0.828857421875;;;;;;;;;;;;;;;
88.48428344726562;0.086669921875;0.076904296875;0.91064453125;;;;;;;;;;;;;;;
88.4876708984375;-0.09521484375;0.104736328125;1.148681640625;;;;;;;;;;;;;;;
88.49105834960938;0.09033203125;-0.14111328125;1.095703125;;;;;;;;;;;;;;;
88.49447631835938;-0.1806640625;0.34423828125;1.13232421875;;;;;;;;;;;;;;;
88.49783325195312;-0.27587890625;-0.1162109375;0.843505859375;;;;;;;;;;;;;;;
88.50125122070312;0.01123046875;0.24169921875;1.05029296875;;;;;;;;;;;;;;;
88.504638671875;-0.089599609375;-0.02294921875;0.975830078125;;;;;;;;;;;;;;;
88.50799560546875;0.1474609375;0.16748046875;1.095703125;;;;;;;;;;;;;;;
88.51138305664062;-0.14013671875;0.07568359375;1.026123046875;;;;;;;;;;;;;;;
88.51473999023438;0.068115234375;-0.195068359375;0.8857421875;;;;;;;;;;;;;;;
88.51806640625;-0.23876953125;0.280517578125;1.11572265625;;;;;;;;;;;;;;;
88.521484375;-0.289794921875;-0.123291015625;0.99609375;;;;;;;;;;;;;;;
88.52481079101562;0.033447265625;0.13427734375;1.284423828125;;;;;;;;;;;;;;;
88.52828979492188;-0.10009765625;0.026611328125;0.966796875;;;;;;;;;;;;;;;
88.5316162109375;0.1298828125;0.34326171875;0.893798828125;;;;;;;;;;;;;;;
88.53500366210938;-0.158447265625;0.271728515625;0.834716796875;;;;;;;;;;;;;;;
88.53839111328125;0.127685546875;-0.150146484375;0.99755859375;;;;;;;;;;;;;;;
88.541748046875;-0.055908203125;0.050537109375;1.24560546875;;;;;;;;;;;;;;;
88.54510498046875;-0.120849609375;-0.20556640625;1.003173828125;;;;;;;;;;;;;;;
88.54849243164062;-0.078369140625;0.1962890625;1.00732421875;;;;;;;;;;;;;;;
88.55178833007812;-0.19091796875;0.133056640625;0.8271484375;;;;;;;;;;;;;;;
88.55514526367188;0.095947265625;0.224853515625;1.10888671875;;;;;;;;;;;;;;;
88.55850219726562;-0.061279296875;0.09912109375;1.107666015625;;;;;;;;;;;;;;;
88.5618896484375;0.108642578125;0.01416015625;1.04931640625;;;;;;;;;;;;;;;
88.5653076171875;-0.218017578125;0.188232421875;0.927490234375;;;;;;;;;;;;;;;
88.56866455078125;-0.306396484375;-0.10498046875;0.8447265625;;;;;;;;;;;;;;;
88.57205200195312;0.189453125;0.179443359375;1.209228515625;;;;;;;;;;;;;;;
88.57546997070312;0.034423828125;0.03515625;1.06103515625;;;;;;;;;;;;;;;
88.57876586914062;0.2275390625;0.361572265625;1.05908203125;;;;;;;;;;;;;;;
88.58218383789062;-0.184326171875;0.24169921875;0.826171875;;;;;;;;;;;;;;;
88.58551025390625;0.03173828125;-0.010009765625;0.9130859375;;;;;;;;;;;;;;;
88.58883666992188;0.025634765625;0.052734375;1.19970703125;;;;;;;;;;;;;;;
88.59225463867188;-0.142578125;-0.183837890625;1.0888671875;;;;;;;;;;;;;;;
88.59567260742188;-0.053955078125;0.111328125;1.207275390625;;;;;;;;;;;;;;;
88.59906005859375;-0.27001953125;-0.013671875;0.797119140625;;;;;;;;;;;;;;;
88.6025390625;0.20654296875;0.261474609375;0.9658203125;;;;;;;;;;;;;;;
88.60586547851562;-0.2265625;0.18017578125;0.911376953125;;;;;;;;;;;;;;;
88.60931396484375;0.044189453125;-0.0048828125;1.129638671875;;;;;;;;;;;;;;;
88.6126708984375;-0.278564453125;0.21923828125;1.09130859375;;;;;;;;;;;;;;;
88.61614990234375;0.094970703125;-0.223876953125;0.743408203125;;;;;;;;;;;;;;;
88.61953735351562;0.293212890625;0.230712890625;1.104248046875;;;;;;;;;;;;;;;
88.62289428710938;-0.062255859375;0.086181640625;0.945556640625;;;;;;;;;;;;;;;
88.62625122070312;-0.006103515625;0.259765625;1.187744140625;;;;;;;;;;;;;;;
88.62960815429688;-0.26220703125;-0.0126953125;0.941162109375;;;;;;;;;;;;;;;
88.6329345703125;0.212890625;-0.1083984375;0.9306640625;;;;;;;;;;;;;;;
88.63629150390625;-0.066162109375;0.11328125;1.022705078125;;;;;;;;;;;;;;;
88.6397705078125;0.004638671875;0.055908203125;0.9521484375;;;;;;;;;;;;;;;
88.64312744140625;0.189697265625;0.19970703125;1.3828125;;;;;;;;;;;;;;;
88.64657592773438;-0.33935546875;-0.005615234375;0.892578125;;;;;;;;;;;;;;;
88.64999389648438;0.29248046875;0.2587890625;0.990234375;;;;;;;;;;;;;;;
88.65335083007812;-0.094970703125;0.1123046875;0.797607421875;;;;;;;;;;;;;;;
88.65673828125;-0.076416015625;0.048828125;1.006591796875;;;;;;;;;;;;;;;
88.66015625;-0.00146484375;0.011474609375;1.202880859375;;;;;;;;;;;;;;;
88.66351318359375;-0.032958984375;-0.146484375;1.01123046875;;;;;;;;;;;;;;;
88.66696166992188;0.1064453125;0.202392578125;1.05810546875;;;;;;;;;;;;;;;
88.67041015625;-0.1923828125;0.039794921875;0.810546875;;;;;;;;;;;;;;;
88.673828125;0.02783203125;0.34716796875;1.123291015625;;;;;;;;;;;;;;;
88.67718505859375;-0.053466796875;-0.0859375;1.031005859375;;;;;;;;;;;;;;;
88.6805419921875;0.109375;0.208984375;1.125732421875;;;;;;;;;;;;;;;
88.68405151367188;-0.176513671875;-0.007568359375;0.8603515625;;;;;;;;;;;;;;;
88.68740844726562;-0.023681640625;0.105224609375;0.770263671875;;;;;;;;;;;;;;;
88.69082641601562;0.39208984375;0.22509765625;1.265625;;;;;;;;;;;;;;;
88.6942138671875;-0.197998046875;0.088134765625;1.04541015625;;;;;;;;;;;;;;;
88.69754028320312;0.097900390625;0.284912109375;1.148681640625;;;;;;;;;;;;;;;
88.70086669921875;-0.35107421875;-0.138427734375;0.7509765625;;;;;;;;;;;;;;;
88.70425415039062;0.08984375;0.178955078125;0.93896484375;;;;;;;;;;;;;;;
88.70767211914062;-0.127685546875;-0.0078125;1.094482421875;;;;;;;;;;;;;;;
88.71099853515625;-0.034423828125;0.058837890625;1.06298828125;;;;;;;;;;;;;;;
88.71444702148438;0.176025390625;0.069091796875;1.224365234375;;;;;;;;;;;;;;;
88.7177734375;-0.0986328125;0.020263671875;0.810791015625;;;;;;;;;;;;;;;
88.72113037109375;0.055908203125;0.486572265625;0.996826171875;;;;;;;;;;;;;;;
88.7244873046875;-0.208740234375;0.150390625;0.868896484375;;;;;;;;;;;;;;;
88.7279052734375;0.16064453125;0.161865234375;1.17431640625;;;;;;;;;;;;;;;
88.73126220703125;-0.31884765625;0.108642578125;1.06298828125;;;;;;;;;;;;;;;
88.73468017578125;0.146240234375;-0.20703125;0.932373046875;;;;;;;;;;;;;;;
88.73806762695312;0.09619140625;0.159912109375;1.056640625;;;;;;;;;;;;;;;
88.74136352539062;-0.0869140625;0.027587890625;0.915771484375;;;;;;;;;;;;;;;
88.7447509765625;-0.0419921875;0.34130859375;1.19287109375;;;;;;;;;;;;;;;
88.74819946289062;-0.241455078125;-0.08935546875;0.962890625;;;;;;;;;;;;;;;
88.75152587890625;0.06787109375;0.139404296875;0.971435546875;;;;;;;;;;;;;;;
88.7548828125;-0.27197265625;0.1025390625;0.94775390625;;;;;;;;;;;;;;;
88.75830078125;-0.056640625;0.0419921875;0.99267578125;;;;;;;;;;;;;;;
88.76165771484375;0.027587890625;0.00634765625;1.240478515625;;;;;;;;;;;;;;;
88.76504516601562;-0.063720703125;-0.119873046875;0.990478515625;;;;;;;;;;;;;;;
88.76840209960938;-0.027099609375;0.2568359375;1.02978515625;;;;;;;;;;;;;;;
88.77178955078125;-0.267822265625;0.138427734375;0.75634765625;;;;;;;;;;;;;;;
88.77523803710938;-0.027587890625;0.321044921875;1.040283203125;;;;;;;;;;;;;;;
88.7786865234375;-0.1298828125;-0.04931640625;1.103759765625;;;;;;;;;;;;;;;
88.78204345703125;0.07421875;-0.175048828125;1.146484375;;;;;;;;;;;;;;;
88.78543090820312;-0.1767578125;0.142822265625;1.06591796875;;;;;;;;;;;;;;;
88.78878784179688;-0.193359375;0.03125;0.82568359375;;;;;;;;;;;;;;;
88.79217529296875;-0.10546875;0.37646484375;1.084228515625;;;;;;;;;;;;;;;
88.79550170898438;-0.012451171875;-0.254638671875;1.005859375;;;;;;;;;;;;;;;
88.79885864257812;0.002685546875;0.35400390625;1.150390625;;;;;;;;;;;;;;;
88.80230712890625;-0.240966796875;0.01171875;0.834228515625;;;;;;;;;;;;;;;
88.80572509765625;0.183837890625;0.193115234375;0.864501953125;;;;;;;;;;;;;;;
88.80908203125;-0.049072265625;0.241943359375;1.14208984375;;;;;;;;;;;;;;;
88.81256103515625;-0.02685546875;-0.083251953125;1.07080078125;;;;;;;;;;;;;;;
88.81591796875;-0.01708984375;0.222412109375;1.21435546875;;;;;;;;;;;;;;;
88.81924438476562;-0.294921875;-0.354248046875;0.78515625;;;;;;;;;;;;;;;
88.82266235351562;-0.01953125;0.289794921875;0.97021484375;;;;;;;;;;;;;;;
88.82601928710938;-0.12646484375;-0.046142578125;1.01513671875;;;;;;;;;;;;;;;
88.82943725585938;0.03955078125;0.303466796875;1.12939453125;;;;;;;;;;;;;;;
88.83282470703125;-0.11083984375;0.1689453125;1.181396484375;;;;;;;;;;;;;;;
88.83624267578125;-0.16796875;-0.02783203125;0.8564453125;;;;;;;;;;;;;;;
88.83966064453125;-0.0966796875;0.132080078125;1.0146484375;;;;;;;;;;;;;;;
88.84298706054688;-0.180908203125;-0.074462890625;0.8349609375;;;;;;;;;;;;;;;
88.8463134765625;0.013427734375;0.263916015625;1.176513671875;;;;;;;;;;;;;;;
88.8497314453125;-0.11572265625;-0.049560546875;1.01416015625;;;;;;;;;;;;;;;
88.85311889648438;0.1943359375;0.135498046875;1.09765625;;;;;;;;;;;;;;;
88.85650634765625;0.01123046875;0.135986328125;1.04833984375;;;;;;;;;;;;;;;
88.85983276367188;-0.246337890625;-0.026123046875;0.91552734375;;;;;;;;;;;;;;;
88.86322021484375;-0.086669921875;0.06884765625;1.15966796875;;;;;;;;;;;;;;;
88.86660766601562;-0.177734375;-0.19287109375;0.9462890625;;;;;;;;;;;;;;;
88.86990356445312;0.112548828125;0.30712890625;1.07568359375;;;;;;;;;;;;;;;
88.87332153320312;-0.3818359375;0.0673828125;0.893310546875;;;;;;;;;;;;;;;
88.87680053710938;0.038818359375;0.318359375;1.03662109375;;;;;;;;;;;;;;;
88.880126953125;-0.216064453125;0.0400390625;1.192138671875;;;;;;;;;;;;;;;
88.88351440429688;-0.0732421875;-0.18994140625;0.98193359375;;;;;;;;;;;;;;;
88.88690185546875;0.03564453125;0.05126953125;1.08447265625;;;;;;;;;;;;;;;
88.89028930664062;-0.125;-0.03515625;0.796875;;;;;;;;;;;;;;;
88.8936767578125;-0.130126953125;0.442138671875;1.072265625;;;;;;;;;;;;;;;
88.89703369140625;-0.124267578125;-0.080810546875;1.071533203125;;;;;;;;;;;;;;;
88.90036010742188;0.02001953125;0.171630859375;1.2177734375;;;;;;;;;;;;;;;
88.90383911132812;-0.26513671875;0.05224609375;1.08935546875;;;;;;;;;;;;;;;
88.90716552734375;-0.268798828125;0.008544921875;0.817138671875;;;;;;;;;;;;;;;
88.9105224609375;-0.079345703125;0.14892578125;1.061767578125;;;;;;;;;;;;;;;
88.91384887695312;0.0361328125;-0.301513671875;1.011474609375;;;;;;;;;;;;;;;
88.91726684570312;-0.03076171875;0.3037109375;1.175537109375;;;;;;;;;;;;;;;
88.92071533203125;-0.132080078125;-0.062255859375;0.836669921875;;;;;;;;;;;;;;;
88.92410278320312;0.08447265625;0.399169921875;0.952880859375;;;;;;;;;;;;;;;
88.92745971679688;-0.256103515625;0.124755859375;1.066162109375;;;;;;;;;;;;;;;
88.93087768554688;-0.16357421875;-0.060546875;1.09765625;;;;;;;;;;;;;;;
88.93423461914062;-0.18017578125;-0.014892578125;1.225830078125;;;;;;;;;;;;;;;
88.93756103515625;-0.073974609375;-0.230712890625;0.848388671875;;;;;;;;;;;;;;;
88.94097900390625;-0.06982421875;0.34765625;0.980712890625;;;;;;;;;;;;;;;
88.94427490234375;-0.231689453125;-0.01904296875;0.923828125;;;;;;;;;;;;;;;
88.94766235351562;0.180419921875;0.353271484375;1.1904296875;;;;;;;;;;;;;;;
88.95108032226562;0.0068359375;0.16943359375;1.216552734375;;;;;;;;;;;;;;;
88.9544677734375;-0.115966796875;0.058837890625;0.90625;;;;;;;;;;;;;;;
88.95794677734375;-0.159912109375;-0.04541015625;0.97119140625;;;;;;;;;;;;;;;
88.96142578125;-0.105224609375;-0.1787109375;0.848876953125;;;;;;;;;;;;;;;
88.96481323242188;0.03466796875;0.212646484375;1.168701171875;;;;;;;;;;;;;;;
88.96826171875;-0.131591796875;-0.06640625;0.999755859375;;;;;;;;;;;;;;;
88.97161865234375;0.1396484375;0.172119140625;1.138427734375;;;;;;;;;;;;;;;
88.97503662109375;-0.109619140625;0.18798828125;0.909423828125;;;;;;;;;;;;;;;
88.9783935546875;-0.03271484375;0.168701171875;0.960693359375;;;;;;;;;;;;;;;
88.98171997070312;-0.052978515625;0.03955078125;1.103515625;;;;;;;;;;;;;;;
88.98513793945312;-0.040283203125;-0.289794921875;1.0439453125;;;;;;;;;;;;;;;
88.98861694335938;-0.069580078125;0.248779296875;1.0341796875;;;;;;;;;;;;;;;
88.99197387695312;-0.124267578125;-0.067626953125;0.766357421875;;;;;;;;;;;;;;;
88.995361328125;0.175537109375;0.39111328125;1.08251953125;;;;;;;;;;;;;;;
88.99868774414062;-0.14501953125;0.155517578125;1.082763671875;;;;;;;;;;;;;;;
89.0020751953125;0.102783203125;0.037109375;1.06396484375;;;;;;;;;;;;;;;
89.00543212890625;-0.202880859375;-0.051025390625;1.0576171875;;;;;;;;;;;;;;;
89.0089111328125;-0.059814453125;-0.216064453125;0.80810546875;;;;;;;;;;;;;;;
89.01239013671875;-0.016845703125;0.32275390625;1.029541015625;;;;;;;;;;;;;;;
89.01577758789062;-0.069580078125;-0.108154296875;0.9716796875;;;;;;;;;;;;;;;
89.01910400390625;0.098388671875;0.2275390625;1.264892578125;;;;;;;;;;;;;;;
89.0224609375;-0.232666015625;0.10693359375;0.995849609375;;;;;;;;;;;;;;;
89.02578735351562;-0.0166015625;0.02294921875;0.869873046875;;;;;;;;;;;;;;;
89.02920532226562;-0.131103515625;0.12060546875;0.96630859375;;;;;;;;;;;;;;;
89.0325927734375;0.09033203125;-0.3515625;1.022705078125;;;;;;;;;;;;;;;
89.0360107421875;-0.050048828125;0.281494140625;1.172119140625;;;;;;;;;;;;;;;
89.03939819335938;-0.085205078125;-0.0224609375;0.89697265625;;;;;;;;;;;;;;;
89.04278564453125;-0.0166015625;0.39306640625;0.992919921875;;;;;;;;;;;;;;;
89.04617309570312;-0.2998046875;0.04248046875;0.931640625;;;;;;;;;;;;;;;
89.04959106445312;0.129638671875;-0.11572265625;1.120849609375;;;;;;;;;;;;;;;
89.05300903320312;-0.01318359375;-0.001953125;1.173583984375;;;;;;;;;;;;;;;
89.05633544921875;0.05078125;-0.055419921875;0.927978515625;;;;;;;;;;;;;;;
89.05978393554688;-0.020263671875;0.363037109375;0.94384765625;;;;;;;;;;;;;;;
89.06314086914062;-0.15234375;-0.0185546875;0.83447265625;;;;;;;;;;;;;;;
89.0665283203125;0.1357421875;0.277587890625;1.24951171875;;;;;;;;;;;;;;;
89.0699462890625;-0.25830078125;0.1240234375;1.075927734375;;;;;;;;;;;;;;;
89.07339477539062;-0.039794921875;0.004150390625;0.9716796875;;;;;;;;;;;;;;;
89.07684326171875;-0.178955078125;0.105224609375;0.9052734375;;;;;;;;;;;;;;;
89.08023071289062;0.02099609375;-0.130859375;0.855224609375;;;;;;;;;;;;;;;
89.08355712890625;0.032958984375;0.231201171875;1.1669921875;;;;;;;;;;;;;;;
89.08700561523438;-0.015625;-0.237060546875;1.03076171875;;;;;;;;;;;;;;;
89.09036254882812;-0.083984375;0.3388671875;1.177978515625;;;;;;;;;;;;;;;
89.09381103515625;-0.49951171875;-0.0185546875;0.8642578125;;;;;;;;;;;;;;;
89.09716796875;0.13623046875;0.24072265625;0.986572265625;;;;;;;;;;;;;;;
89.10052490234375;-0.138427734375;0.05126953125;0.9892578125;;;;;;;;;;;;;;;
89.10397338867188;0.1220703125;-0.022216796875;1.08740234375;;;;;;;;;;;;;;;
89.10726928710938;-0.24267578125;0.31689453125;1.037841796875;;;;;;;;;;;;;;;
89.11065673828125;-0.099609375;-0.117919921875;0.765625;;;;;;;;;;;;;;;
89.11404418945312;0.089599609375;0.284423828125;1.08935546875;;;;;;;;;;;;;;;
89.117431640625;-0.39453125;-0.024169921875;0.958251953125;;;;;;;;;;;;;;;
89.12081909179688;0.56201171875;0.009521484375;1.2998046875;;;;;;;;;;;;;;;
89.124267578125;-0.263671875;0.14306640625;1.03662109375;;;;;;;;;;;;;;;
89.12762451171875;0.027099609375;-0.158935546875;0.750732421875;;;;;;;;;;;;;;;
89.13104248046875;0.21435546875;0.330810546875;1.01806640625;;;;;;;;;;;;;;;
89.134521484375;-0.068603515625;-0.163330078125;0.960205078125;;;;;;;;;;;;;;;
89.13790893554688;0.098876953125;0.39501953125;1.291259765625;;;;;;;;;;;;;;;
89.141357421875;-0.482421875;-0.172119140625;1.059814453125;;;;;;;;;;;;;;;
89.14468383789062;-0.127197265625;0.150390625;0.91748046875;;;;;;;;;;;;;;;
89.14801025390625;-0.2080078125;0.038330078125;0.849365234375;;;;;;;;;;;;;;;
89.15145874023438;0.18212890625;-0.006591796875;1.049560546875;;;;;;;;;;;;;;;
89.15487670898438;-0.12255859375;0.267333984375;1.1513671875;;;;;;;;;;;;;;;
89.158203125;0.020263671875;-0.08544921875;0.986083984375;;;;;;;;;;;;;;;
89.16159057617188;-0.2197265625;0.3037109375;1.072021484375;;;;;;;;;;;;;;;
89.16488647460938;-0.566650390625;-0.17431640625;0.791259765625;;;;;;;;;;;;;;;
89.168212890625;0.466552734375;-0.0048828125;1.188232421875;;;;;;;;;;;;;;;
89.17160034179688;-0.031982421875;-0.0322265625;1.13232421875;;;;;;;;;;;;;;;
89.17498779296875;0.18994140625;0.276123046875;1.00927734375;;;;;;;;;;;;;;;
89.17837524414062;-0.240966796875;0.215087890625;0.879638671875;;;;;;;;;;;;;;;
89.1817626953125;0.041748046875;0.01171875;0.775146484375;;;;;;;;;;;;;;;
89.1851806640625;0.11083984375;0.18017578125;1.205322265625;;;;;;;;;;;;;;;
89.18856811523438;-0.161376953125;0.033447265625;1.09765625;;;;;;;;;;;;;;;
89.19189453125;-0.015869140625;0.04052734375;1.076416015625;;;;;;;;;;;;;;;
89.1953125;-0.233642578125;-0.004638671875;0.85546875;;;;;;;;;;;;;;;
89.19869995117188;0.088623046875;0.095703125;0.87939453125;;;;;;;;;;;;;;;
89.20205688476562;-0.0537109375;0.17578125;1.103759765625;;;;;;;;;;;;;;;
89.20556640625;0.07470703125;-0.078125;1.090576171875;;;;;;;;;;;;;;;
89.20889282226562;-0.20947265625;0.325439453125;1.158935546875;;;;;;;;;;;;;;;
89.21221923828125;-0.367431640625;-0.099853515625;0.8388671875;;;;;;;;;;;;;;;
89.21560668945312;0.07568359375;0.20068359375;1.046875;;;;;;;;;;;;;;;
89.21893310546875;-0.002197265625;-0.0302734375;0.953369140625;;;;;;;;;;;;;;;
89.22238159179688;0.150390625;0.18896484375;1.109375;;;;;;;;;;;;;;;
89.22576904296875;-0.082275390625;0.167724609375;1.02783203125;;;;;;;;;;;;;;;
89.22918701171875;-0.056884765625;-0.110107421875;0.875732421875;;;;;;;;;;;;;;;
89.2325439453125;-0.061767578125;0.212646484375;1.089599609375;;;;;;;;;;;;;;;
89.23590087890625;-0.2529296875;-0.00537109375;0.985595703125;;;;;;;;;;;;;;;
89.23931884765625;0.064453125;0.02392578125;1.272216796875;;;;;;;;;;;;;;;
89.24267578125;-0.23828125;0.030029296875;0.9501953125;;;;;;;;;;;;;;;
89.24606323242188;0.171875;0.0224609375;0.937255859375;;;;;;;;;;;;;;;
89.24948120117188;-0.166748046875;0.283935546875;0.816650390625;;;;;;;;;;;;;;;
89.25286865234375;0.00439453125;-0.0673828125;0.956787109375;;;;;;;;;;;;;;;
89.25628662109375;0.03466796875;0.241943359375;1.2705078125;;;;;;;;;;;;;;;
89.2596435546875;-0.1875;-0.236328125;1.025390625;;;;;;;;;;;;;;;
89.26300048828125;0.090087890625;0.133056640625;1.01708984375;;;;;;;;;;;;;;;
89.26638793945312;-0.19970703125;0.19384765625;0.822509765625;;;;;;;;;;;;;;;
89.269775390625;0.08984375;0.271728515625;1.055419921875;;;;;;;;;;;;;;;
89.27316284179688;-0.0107421875;0.06396484375;1.1142578125;;;;;;;;;;;;;;;
89.2764892578125;0.02392578125;-0.243896484375;1.05419921875;;;;;;;;;;;;;;;
89.2799072265625;-0.168701171875;0.099365234375;1.03515625;;;;;;;;;;;;;;;
89.28329467773438;-0.266357421875;-0.07470703125;0.828857421875;;;;;;;;;;;;;;;
89.28668212890625;0.172119140625;0.078369140625;1.22216796875;;;;;;;;;;;;;;;
89.2900390625;-0.047119140625;0.083740234375;1.042236328125;;;;;;;;;;;;;;;
89.29339599609375;0.15771484375;0.25732421875;1.11962890625;;;;;;;;;;;;;;;
89.29678344726562;-0.304443359375;0.153564453125;0.8134765625;;;;;;;;;;;;;;;
89.30014038085938;0.110595703125;-0.015625;0.813232421875;;;;;;;;;;;;;;;
89.30355834960938;0.005126953125;0.1025390625;1.137451171875;;;;;;;;;;;;;;;
89.30697631835938;0.02978515625;-0.112060546875;1.10986328125;;;;;;;;;;;;;;;
89.31036376953125;-0.10302734375;0.08740234375;1.186279296875;;;;;;;;;;;;;;;
89.31375122070312;-0.29150390625;-0.03759765625;0.833740234375;;;;;;;;;;;;;;;
89.31710815429688;0.018798828125;0.2255859375;0.97021484375;;;;;;;;;;;;;;;
89.3204345703125;-0.248291015625;0.123046875;1.052734375;;;;;;;;;;;;;;;
89.32382202148438;0.0341796875;0.026123046875;1.1220703125;;;;;;;;;;;;;;;
89.32717895507812;-0.150634765625;0.208984375;1.111083984375;;;;;;;;;;;;;;;
89.33059692382812;-0.309814453125;-0.128173828125;0.82275390625;;;;;;;;;;;;;;;
89.33404541015625;0.153564453125;0.174560546875;1.072265625;;;;;;;;;;;;;;;
89.33734130859375;-0.087158203125;0.132568359375;0.911865234375;;;;;;;;;;;;;;;
89.34075927734375;0.263427734375;0.173095703125;1.17041015625;;;;;;;;;;;;;;;
89.34423828125;-0.299560546875;0.016357421875;0.976806640625;;;;;;;;;;;;;;;
89.34762573242188;0.126220703125;-0.108642578125;0.96630859375;;;;;;;;;;;;;;;
89.35104370117188;-0.13330078125;0.124755859375;1.01513671875;;;;;;;;;;;;;;;
89.3544921875;-0.076904296875;-0.188720703125;0.909912109375;;;;;;;;;;;;;;;
89.35784912109375;0.39013671875;0.08935546875;1.349609375;;;;;;;;;;;;;;;
89.36129760742188;-0.209228515625;0.025390625;0.949462890625;;;;;;;;;;;;;;;
89.36471557617188;0.26025390625;0.2998046875;1.025634765625;;;;;;;;;;;;;;;
89.36807250976562;-0.280517578125;0.23095703125;0.744384765625;;;;;;;;;;;;;;;
89.37142944335938;0.094482421875;0.06298828125;0.978759765625;;;;;;;;;;;;;;;
89.3748779296875;0.089111328125;0.076171875;1.206298828125;;;;;;;;;;;;;;;
89.37820434570312;-0.177001953125;-0.2724609375;1.01318359375;;;;;;;;;;;;;;;
89.38162231445312;0.031005859375;0.194091796875;1.054931640625;;;;;;;;;;;;;;;
89.38504028320312;-0.1904296875;0.21142578125;0.8076171875;;;;;;;;;;;;;;;
89.388427734375;0.049560546875;0.422119140625;1.052978515625;;;;;;;;;;;;;;;
89.39178466796875;-0.083740234375;-0.052978515625;1.0341796875;;;;;;;;;;;;;;;
89.395263671875;0.11474609375;-0.116943359375;1.161376953125;;;;;;;;;;;;;;;
89.39874267578125;-0.239990234375;-0.0146484375;0.97119140625;;;;;;;;;;;;;;;
89.402099609375;-0.11669921875;-0.011962890625;0.82958984375;;;;;;;;;;;;;;;
89.40554809570312;0.1767578125;0.107421875;1.163330078125;;;;;;;;;;;;;;;
89.40896606445312;-0.089599609375;0.03271484375;1.05029296875;;;;;;;;;;;;;;;
89.41244506835938;0.047119140625;0.34423828125;1.183349609375;;;;;;;;;;;;;;;
89.41580200195312;-0.341064453125;0.23779296875;0.791015625;;;;;;;;;;;;;;;
89.41921997070312;0.1318359375;0.12060546875;0.85107421875;;;;;;;;;;;;;;;
89.422607421875;-0.017822265625;0.015380859375;1.045166015625;;;;;;;;;;;;;;;
89.42599487304688;0.058837890625;-0.28564453125;1.123046875;;;;;;;;;;;;;;;
89.429443359375;-0.12451171875;0.146484375;1.215087890625;;;;;;;;;;;;;;;
89.43280029296875;-0.18212890625;-0.04931640625;0.836669921875;;;;;;;;;;;;;;;
89.43618774414062;-0.0556640625;0.490966796875;0.99365234375;;;;;;;;;;;;;;;
89.43954467773438;-0.171630859375;0.08740234375;0.9296875;;;;;;;;;;;;;;;
89.44296264648438;0.14453125;0.148681640625;1.169677734375;;;;;;;;;;;;;;;
89.44631958007812;-0.18603515625;0.09033203125;1.0439453125;;;;;;;;;;;;;;;
89.44970703125;-0.087646484375;-0.08984375;0.871826171875;;;;;;;;;;;;;;;
89.45306396484375;-0.03955078125;0.227783203125;1.029052734375;;;;;;;;;;;;;;;
89.45645141601562;-0.1064453125;0.03564453125;0.891845703125;;;;;;;;;;;;;;;
89.4598388671875;0.12646484375;0.278076171875;1.20166015625;;;;;;;;;;;;;;;
89.46322631835938;-0.26025390625;-0.177490234375;0.972900390625;;;;;;;;;;;;;;;
89.46664428710938;0.101806640625;0.078125;1.01220703125;;;;;;;;;;;;;;;
89.47006225585938;-0.220458984375;0.107421875;0.91845703125;;;;;;;;;;;;;;;
89.47341918945312;0.03857421875;0.20556640625;0.953857421875;;;;;;;;;;;;;;;
89.476806640625;0.045166015625;0.147705078125;1.238037109375;;;;;;;;;;;;;;;
89.48013305664062;-0.060302734375;-0.100341796875;0.998779296875;;;;;;;;;;;;;;;
89.48342895507812;-0.045654296875;0.40087890625;1.070556640625;;;;;;;;;;;;;;;
89.48684692382812;-0.25634765625;0.092041015625;0.736328125;;;;;;;;;;;;;;;
89.49029541015625;0.077392578125;0.2763671875;1.019775390625;;;;;;;;;;;;;;;
89.49365234375;-0.091064453125;0.015625;1.07666015625;;;;;;;;;;;;;;;
89.49697875976562;0.067138671875;-0.079833984375;1.167236328125;;;;;;;;;;;;;;;
89.5003662109375;-0.148681640625;0.239013671875;1.0556640625;;;;;;;;;;;;;;;
89.5037841796875;-0.120849609375;0.113037109375;0.82080078125;;;;;;;;;;;;;;;
89.50717163085938;-0.132568359375;0.40234375;1.10205078125;;;;;;;;;;;;;;;
89.51046752929688;-0.09765625;-0.275390625;0.98583984375;;;;;;;;;;;;;;;
89.51385498046875;-0.03271484375;0.03466796875;1.177978515625;;;;;;;;;;;;;;;
89.51718139648438;-0.181640625;-0.044189453125;0.92626953125;;;;;;;;;;;;;;;
89.52053833007812;0.11376953125;0.215576171875;0.871826171875;;;;;;;;;;;;;;;
89.52395629882812;-0.07080078125;0.2568359375;1.13916015625;;;;;;;;;;;;;;;
89.52740478515625;-0.197998046875;-0.10791015625;1.017333984375;;;;;;;;;;;;;;;
89.53079223632812;-0.087158203125;0.213134765625;1.24755859375;;;;;;;;;;;;;;;
89.53424072265625;-0.2578125;0.002685546875;0.793212890625;;;;;;;;;;;;;;;
89.53765869140625;0.0166015625;0.340087890625;0.917724609375;;;;;;;;;;;;;;;
89.54107666015625;-0.08935546875;-0.02197265625;0.96484375;;;;;;;;;;;;;;;
89.54440307617188;0.132080078125;-0.0654296875;1.122802734375;;;;;;;;;;;;;;;
89.54779052734375;-0.072509765625;0.1865234375;1.311767578125;;;;;;;;;;;;;;;
89.55117797851562;-0.208984375;-0.07470703125;0.86572265625;;;;;;;;;;;;;;;
89.55447387695312;-0.099609375;0.34326171875;1.019775390625;;;;;;;;;;;;;;;
89.55789184570312;-0.156005859375;-0.114990234375;0.836181640625;;;;;;;;;;;;;;;
89.561279296875;0.129150390625;0.342529296875;1.177734375;;;;;;;;;;;;;;;
89.56463623046875;-0.051025390625;-0.052001953125;1.041259765625;;;;;;;;;;;;;;;
89.56802368164062;0.134033203125;0.235595703125;0.912353515625;;;;;;;;;;;;;;;
89.57144165039062;-0.010009765625;0.124267578125;1.06689453125;;;;;;;;;;;;;;;
89.57485961914062;-0.35986328125;0.010986328125;0.904052734375;;;;;;;;;;;;;;;
89.57830810546875;-0.078369140625;0.05859375;1.22900390625;;;;;;;;;;;;;;;
89.58169555664062;-0.083251953125;-0.29345703125;0.97119140625;;;;;;;;;;;;;;;
89.58514404296875;0.029296875;0.29931640625;1.096435546875;;;;;;;;;;;;;;;
89.58859252929688;-0.114013671875;0.034912109375;0.85498046875;;;;;;;;;;;;;;;
89.59194946289062;0.11865234375;0.4306640625;1.039794921875;;;;;;;;;;;;;;;
89.5953369140625;-0.33544921875;0.115966796875;1.17529296875;;;;;;;;;;;;;;;
89.59872436523438;-0.369873046875;-0.179931640625;0.978759765625;;;;;;;;;;;;;;;
89.60205078125;-0.03662109375;0.05029296875;1.139892578125;;;;;;;;;;;;;;;
89.60556030273438;-0.2919921875;-0.20849609375;0.756591796875;;;;;;;;;;;;;;;
89.60891723632812;0.050537109375;0.473388671875;1.05712890625;;;;;;;;;;;;;;;
89.61233520507812;-0.261474609375;-0.0537109375;1.032958984375;;;;;;;;;;;;;;;
89.61566162109375;0.142822265625;0.28955078125;1.234130859375;;;;;;;;;;;;;;;
89.61904907226562;0.17236328125;0.061279296875;1.147705078125;;;;;;;;;;;;;;;
89.6224365234375;-0.30517578125;0.017333984375;0.83056640625;;;;;;;;;;;;;;;
89.62579345703125;-0.13134765625;0.16162109375;1.044921875;;;;;;;;;;;;;;;
89.629150390625;-0.0185546875;-0.459228515625;1.008544921875;;;;;;;;;;;;;;;
89.63247680664062;-0.11572265625;0.24560546875;1.191650390625;;;;;;;;;;;;;;;
89.63580322265625;-0.176025390625;-0.056396484375;0.872802734375;;;;;;;;;;;;;;;
89.63925170898438;0.151611328125;0.49560546875;0.96044921875;;;;;;;;;;;;;;;
89.64276123046875;-0.514404296875;0.304443359375;1.00634765625;;;;;;;;;;;;;;;
89.64608764648438;0.016357421875;-0.103271484375;1.014404296875;;;;;;;;;;;;;;;
89.64944458007812;-0.123046875;-0.04833984375;1.261962890625;;;;;;;;;;;;;;;
89.65286254882812;0.019287109375;-0.296630859375;0.91064453125;;;;;;;;;;;;;;;
89.65618896484375;-0.210693359375;0.391845703125;0.9697265625;;;;;;;;;;;;;;;
89.65957641601562;-0.43896484375;-0.020263671875;0.849609375;;;;;;;;;;;;;;;
89.66302490234375;0.296875;0.17822265625;1.200439453125;;;;;;;;;;;;;;;
89.66644287109375;-0.234130859375;0.206298828125;1.280517578125;;;;;;;;;;;;;;;
89.6697998046875;-0.1611328125;-0.0341796875;0.945068359375;;;;;;;;;;;;;;;
89.67315673828125;-0.310546875;0.233642578125;0.949462890625;;;;;;;;;;;;;;;
89.67657470703125;0.015380859375;-0.285888671875;0.827392578125;;;;;;;;;;;;;;;
89.67996215820312;0.007080078125;0.240478515625;1.153076171875;;;;;;;;;;;;;;;
89.68328857421875;0.00341796875;-0.097412109375;1.021728515625;;;;;;;;;;;;;;;
89.68670654296875;0.008056640625;0.3583984375;1.037353515625;;;;;;;;;;;;;;;
89.69009399414062;-0.263671875;0.094482421875;0.94091796875;;;;;;;;;;;;;;;
89.69351196289062;-0.152587890625;0.09033203125;0.93505859375;;;;;;;;;;;;;;;
89.69692993164062;0.06201171875;-0.018310546875;1.200439453125;;;;;;;;;;;;;;;
89.70022583007812;0.087646484375;-0.239990234375;1.04541015625;;;;;;;;;;;;;;;
89.70358276367188;-0.031982421875;0.310546875;1.081787109375;;;;;;;;;;;;;;;
89.7069091796875;-0.153076171875;-0.0615234375;0.7490234375;;;;;;;;;;;;;;;
89.71023559570312;0.2021484375;0.392578125;1.086181640625;;;;;;;;;;;;;;;
89.71356201171875;-0.20556640625;0.1494140625;1.071044921875;;;;;;;;;;;;;;;
89.7169189453125;-0.025146484375;-0.0380859375;1.107666015625;;;;;;;;;;;;;;;
89.72030639648438;-0.27197265625;-0.03125;1.019287109375;;;;;;;;;;;;;;;
89.72366333007812;0.06005859375;-0.27490234375;0.83740234375;;;;;;;;;;;;;;;
89.72698974609375;0.001220703125;0.354736328125;0.99951171875;;;;;;;;;;;;;;;
89.7303466796875;-0.006103515625;-0.110107421875;0.94921875;;;;;;;;;;;;;;;
89.73370361328125;0.096923828125;0.3173828125;1.306640625;;;;;;;;;;;;;;;
89.737060546875;-0.21337890625;-0.021240234375;1.01611328125;;;;;;;;;;;;;;;
89.740478515625;-0.04931640625;-0.123046875;0.85986328125;;;;;;;;;;;;;;;
89.74395751953125;-0.025146484375;0.11865234375;0.923095703125;;;;;;;;;;;;;;;
89.747314453125;0.037841796875;-0.211181640625;1.009033203125;;;;;;;;;;;;;;;
89.75070190429688;0.029052734375;0.393798828125;1.179443359375;;;;;;;;;;;;;;;
89.75405883789062;-0.1015625;-0.001708984375;0.93017578125;;;;;;;;;;;;;;;
89.7574462890625;0.146728515625;0.318359375;1.019287109375;;;;;;;;;;;;;;;
89.76083374023438;-0.30908203125;0.187255859375;0.906494140625;;;;;;;;;;;;;;;
89.76422119140625;0.194091796875;-0.206787109375;1.02197265625;;;;;;;;;;;;;;;
89.76754760742188;-0.037841796875;0.073486328125;1.17236328125;;;;;;;;;;;;;;;
89.77090454101562;0.106689453125;-0.358642578125;0.994384765625;;;;;;;;;;;;;;;
89.7742919921875;-0.12451171875;0.421142578125;0.965576171875;;;;;;;;;;;;;;;
89.77764892578125;-0.25634765625;-0.099853515625;0.781982421875;;;;;;;;;;;;;;;
89.78109741210938;0.1298828125;0.322265625;1.2509765625;;;;;;;;;;;;;;;
89.78448486328125;-0.33203125;0.013671875;1.161865234375;;;;;;;;;;;;;;;
89.78787231445312;-0.0615234375;-0.018798828125;1.013916015625;;;;;;;;;;;;;;;
89.791259765625;-0.25146484375;0.115966796875;0.854736328125;;;;;;;;;;;;;;;
89.79461669921875;0.289306640625;-0.100830078125;0.7548828125;;;;;;;;;;;;;;;
89.79815673828125;0.286376953125;0.315185546875;1.16552734375;;;;;;;;;;;;;;;
89.80154418945312;-0.00439453125;-0.064208984375;1.08984375;;;;;;;;;;;;;;;
89.80487060546875;-0.222900390625;0.30712890625;1.176513671875;;;;;;;;;;;;;;;
89.808349609375;-0.65234375;-0.161865234375;0.7978515625;;;;;;;;;;;;;;;
89.81179809570312;0.289794921875;0.1015625;0.993408203125;;;;;;;;;;;;;;;
89.81521606445312;-0.087646484375;0.08984375;1.114501953125;;;;;;;;;;;;;;;
89.81866455078125;0.11181640625;0.00537109375;1.084716796875;;;;;;;;;;;;;;;
89.82208251953125;-0.09033203125;0.335693359375;1.06396484375;;;;;;;;;;;;;;;
89.82553100585938;-0.00634765625;-0.2021484375;0.74951171875;;;;;;;;;;;;;;;
89.82894897460938;0.094482421875;0.240234375;1.074951171875;;;;;;;;;;;;;;;
89.83236694335938;-0.30859375;0.02880859375;0.9267578125;;;;;;;;;;;;;;;
89.83584594726562;0.20751953125;0.059814453125;1.1416015625;;;;;;;;;;;;;;;
89.8392333984375;-0.3720703125;0.078369140625;0.982666015625;;;;;;;;;;;;;;;
89.8426513671875;0.3046875;-0.134521484375;0.84423828125;;;;;;;;;;;;;;;
89.8460693359375;0.287353515625;0.343994140625;1.022705078125;;;;;;;;;;;;;;;
89.849365234375;-0.091064453125;-0.19921875;0.944091796875;;;;;;;;;;;;;;;
89.852783203125;0.006103515625;0.275390625;1.318603515625;;;;;;;;;;;;;;;
89.8560791015625;-0.376708984375;-0.210693359375;1.044677734375;;;;;;;;;;;;;;;
89.85943603515625;0.02099609375;0.202880859375;0.936767578125;;;;;;;;;;;;;;;
89.8629150390625;-0.14501953125;0.1396484375;0.856689453125;;;;;;;;;;;;;;;
89.86624145507812;0.06494140625;0.16064453125;1.039794921875;;;;;;;;;;;;;;;
89.86962890625;-0.07373046875;0.418701171875;1.1279296875;;;;;;;;;;;;;;;
89.873046875;0.07275390625;-0.252197265625;1.03173828125;;;;;;;;;;;;;;;
89.87643432617188;-0.0048828125;0.19384765625;1.0673828125;;;;;;;;;;;;;;;
89.87982177734375;-0.474609375;-0.00341796875;0.7548828125;;;;;;;;;;;;;;;
89.8831787109375;0.5205078125;0.0322265625;1.2197265625;;;;;;;;;;;;;;;
89.88656616210938;-0.072021484375;0.03759765625;1.102783203125;;;;;;;;;;;;;;;
89.88995361328125;0.20068359375;-0.1748046875;1.075927734375;;;;;;;;;;;;;;;
89.89328002929688;-0.3544921875;0.329833984375;0.833984375;;;;;;;;;;;;;;;
89.89663696289062;-0.30078125;-0.0380859375;0.718505859375;;;;;;;;;;;;;;;
89.90005493164062;0.17578125;0.331787109375;1.1943359375;;;;;;;;;;;;;;;
89.90338134765625;-0.23828125;-0.184814453125;1.147705078125;;;;;;;;;;;;;;;
89.90676879882812;0.08984375;0.040771484375;1.138427734375;;;;;;;;;;;;;;;
89.91018676757812;-0.267333984375;-0.0537109375;0.804443359375;;;;;;;;;;;;;;;
89.91348266601562;0.15087890625;0.27783203125;0.845458984375;;;;;;;;;;;;;;;
89.9168701171875;-0.0654296875;0.2119140625;1.074462890625;;;;;;;;;;;;;;;
89.92025756835938;0.089111328125;-0.20068359375;1.106689453125;;;;;;;;;;;;;;;
89.92364501953125;-0.21337890625;0.261474609375;1.186767578125;;;;;;;;;;;;;;;
89.927001953125;-0.346923828125;-0.209716796875;0.836181640625;;;;;;;;;;;;;;;
89.930419921875;0.16943359375;0.171875;1.055419921875;;;;;;;;;;;;;;;
89.93377685546875;-0.085205078125;0.03466796875;1.027099609375;;;;;;;;;;;;;;;
89.93710327148438;0.193603515625;0.29736328125;1.150634765625;;;;;;;;;;;;;;;
89.94046020507812;-0.232666015625;0.2685546875;1.018798828125;;;;;;;;;;;;;;;
89.94387817382812;0.01806640625;-0.128173828125;0.7890625;;;;;;;;;;;;;;;
89.94723510742188;-0.13134765625;0.189208984375;1.046875;;;;;;;;;;;;;;;
89.95062255859375;-0.195068359375;-0.04150390625;0.963623046875;;;;;;;;;;;;;;;
89.95404052734375;0.10400390625;0.10986328125;1.24072265625;;;;;;;;;;;;;;;
89.95748901367188;-0.169677734375;0.01904296875;0.94873046875;;;;;;;;;;;;;;;
89.96096801757812;0.162353515625;0.1845703125;0.971435546875;;;;;;;;;;;;;;;
89.96429443359375;-0.230224609375;0.263916015625;0.92529296875;;;;;;;;;;;;;;;
89.96768188476562;0.047607421875;-0.007568359375;0.970703125;;;;;;;;;;;;;;;
89.97119140625;-0.0947265625;0.14892578125;1.235595703125;;;;;;;;;;;;;;;
89.97454833984375;-0.109130859375;-0.2412109375;0.994140625;;;;;;;;;;;;;;;
89.97793579101562;0.086669921875;0.204833984375;1.06787109375;;;;;;;;;;;;;;;
89.98129272460938;-0.19384765625;0.18603515625;0.8037109375;;;;;;;;;;;;;;;
89.984619140625;0.11767578125;0.332275390625;1.046630859375;;;;;;;;;;;;;;;
89.98797607421875;-0.033203125;0.02880859375;1.06591796875;;;;;;;;;;;;;;;
89.9913330078125;0.072265625;-0.19482421875;1.10498046875;;;;;;;;;;;;;;;
89.99472045898438;-0.1376953125;0.0908203125;1.03076171875;;;;;;;;;;;;;;;
89.9981689453125;-0.26416015625;-0.007568359375;0.76953125;;;;;;;;;;;;;;;
90.0015869140625;0.315673828125;0.187255859375;1.24365234375;;;;;;;;;;;;;;;
90.0048828125;-0.1103515625;-0.02001953125;1.031982421875;;;;;;;;;;;;;;;
90.00827026367188;0.1796875;0.019775390625;1.162353515625;;;;;;;;;;;;;;;
90.01165771484375;-0.302978515625;0.111328125;0.793212890625;;;;;;;;;;;;;;;
90.01498413085938;-0.01513671875;0.10498046875;0.799560546875;;;;;;;;;;;;;;;
90.01834106445312;0.019775390625;0.188720703125;1.117919921875;;;;;;;;;;;;;;;
90.02169799804688;-0.15185546875;-0.162109375;1.004150390625;;;;;;;;;;;;;;;
90.02511596679688;0.120849609375;0.109130859375;1.210205078125;;;;;;;;;;;;;;;
90.02850341796875;-0.229248046875;0.088134765625;0.835693359375;;;;;;;;;;;;;;;
90.03182983398438;0.119873046875;0.312255859375;0.988037109375;;;;;;;;;;;;;;;
90.03521728515625;-0.1337890625;0.07470703125;0.978515625;;;;;;;;;;;;;;;
90.03860473632812;0.123779296875;-0.29345703125;1.168701171875;;;;;;;;;;;;;;;
90.04205322265625;-0.144287109375;0.107421875;1.1572265625;;;;;;;;;;;;;;;
90.04547119140625;-0.2314453125;-0.054931640625;0.771728515625;;;;;;;;;;;;;;;
90.04879760742188;0.289306640625;0.265380859375;1.11572265625;;;;;;;;;;;;;;;
90.0521240234375;-0.2412109375;0.156494140625;0.9501953125;;;;;;;;;;;;;;;
90.05557250976562;0.145263671875;0.191650390625;1.2080078125;;;;;;;;;;;;;;;
90.05899047851562;-0.313232421875;0.152099609375;0.949462890625;;;;;;;;;;;;;;;
90.06231689453125;0.211669921875;-0.100341796875;0.83740234375;;;;;;;;;;;;;;;
90.06570434570312;-0.0693359375;0.08203125;0.94580078125;;;;;;;;;;;;;;;
90.069091796875;0.02783203125;-0.150146484375;0.920166015625;;;;;;;;;;;;;;;
90.07254028320312;0.265380859375;0.19384765625;1.317138671875;;;;;;;;;;;;;;;
90.07586669921875;-0.206787109375;-0.04296875;0.9560546875;;;;;;;;;;;;;;;
90.07931518554688;0.15283203125;0.323486328125;1.082275390625;;;;;;;;;;;;;;;
90.08267211914062;-0.3525390625;0.13525390625;0.84716796875;;;;;;;;;;;;;;;
90.08599853515625;0.13818359375;0.241943359375;0.994873046875;;;;;;;;;;;;;;;
90.08938598632812;0.014892578125;0.070068359375;1.18896484375;;;;;;;;;;;;;;;
90.09274291992188;-0.089111328125;-0.227294921875;0.990478515625;;;;;;;;;;;;;;;
90.09616088867188;0.16748046875;0.1884765625;1.0771484375;;;;;;;;;;;;;;;
90.09954833984375;-0.13525390625;0.143798828125;0.802001953125;;;;;;;;;;;;;;;
90.10293579101562;-0.051025390625;0.51513671875;1.0576171875;;;;;;;;;;;;;;;
90.1063232421875;-0.05078125;-0.1943359375;1.05224609375;;;;;;;;;;;;;;;
90.1097412109375;-0.056884765625;-0.010498046875;1.164794921875;;;;;;;;;;;;;;;
90.113037109375;-0.20556640625;-0.039794921875;0.936279296875;;;;;;;;;;;;;;;
90.11642456054688;-0.017822265625;0.099853515625;0.81787109375;;;;;;;;;;;;;;;
90.1197509765625;0.157958984375;0.151123046875;1.16162109375;;;;;;;;;;;;;;;
90.12313842773438;-0.010498046875;-0.0302734375;1.01025390625;;;;;;;;;;;;;;;
90.12646484375;0.022216796875;0.2822265625;1.222900390625;;;;;;;;;;;;;;;
90.12982177734375;-0.302001953125;0.039306640625;0.794189453125;;;;;;;;;;;;;;;
90.13314819335938;0.104736328125;0.2939453125;0.879638671875;;;;;;;;;;;;;;;
90.13650512695312;-0.050537109375;-0.01318359375;1.025390625;;;;;;;;;;;;;;;
90.13983154296875;-0.03466796875;-0.189208984375;1.111083984375;;;;;;;;;;;;;;;
90.143310546875;-0.043212890625;0.144775390625;1.25341796875;;;;;;;;;;;;;;;
90.146728515625;-0.16845703125;0.0224609375;0.86279296875;;;;;;;;;;;;;;;
90.15017700195312;-0.115234375;0.493896484375;1.0146484375;;;;;;;;;;;;;;;
90.15362548828125;-0.11328125;-0.10546875;0.911865234375;;;;;;;;;;;;;;;
90.15701293945312;-0.00927734375;-0.07470703125;1.17431640625;;;;;;;;;;;;;;;
90.16046142578125;-0.175048828125;0.032958984375;1.0380859375;;;;;;;;;;;;;;;
90.16378784179688;-0.0419921875;0.046142578125;0.871826171875;;;;;;;;;;;;;;;
90.16717529296875;-0.087158203125;0.265869140625;1.024658203125;;;;;;;;;;;;;;;
90.17056274414062;-0.141845703125;0.02587890625;0.897705078125;;;;;;;;;;;;;;;
90.17388916015625;0.014404296875;0.16748046875;1.214599609375;;;;;;;;;;;;;;;
90.17733764648438;-0.16552734375;-0.016845703125;0.994873046875;;;;;;;;;;;;;;;
90.1806640625;0.041015625;0.150390625;0.941650390625;;;;;;;;;;;;;;;
90.18399047851562;-0.094970703125;0.052978515625;0.87841796875;;;;;;;;;;;;;;;
90.18740844726562;0.092529296875;-0.021728515625;0.9921875;;;;;;;;;;;;;;;
90.1907958984375;-0.102783203125;0.22021484375;1.29248046875;;;;;;;;;;;;;;;
90.19424438476562;-0.09375;-0.11865234375;1.018798828125;;;;;;;;;;;;;;;
90.19760131835938;-0.108642578125;0.40478515625;1.0859375;;;;;;;;;;;;;;;
90.2010498046875;-0.161865234375;-0.12890625;0.77392578125;;;;;;;;;;;;;;;
90.20443725585938;0.130615234375;0.302978515625;1.025390625;;;;;;;;;;;;;;;
90.20782470703125;-0.0439453125;-0.05859375;1.04833984375;;;;;;;;;;;;;;;
90.21127319335938;0.110595703125;0.088134765625;1.054443359375;;;;;;;;;;;;;;;
90.21463012695312;-0.122314453125;0.240234375;1.04150390625;;;;;;;;;;;;;;;
90.21804809570312;-0.155029296875;0.0654296875;0.835205078125;;;;;;;;;;;;;;;
90.221435546875;-0.13623046875;0.326416015625;1.078857421875;;;;;;;;;;;;;;;
90.22476196289062;-0.092529296875;-0.408447265625;0.97900390625;;;;;;;;;;;;;;;
90.2281494140625;0.00390625;0.138916015625;1.182373046875;;;;;;;;;;;;;;;
90.23150634765625;-0.159912109375;0.005126953125;0.921142578125;;;;;;;;;;;;;;;
90.23489379882812;0.20556640625;0.29931640625;0.88818359375;;;;;;;;;;;;;;;
90.23825073242188;-0.1708984375;0.2578125;1.072265625;;;;;;;;;;;;;;;
90.24160766601562;-0.09521484375;-0.159423828125;1.03515625;;;;;;;;;;;;;;;
90.24505615234375;-0.190185546875;0.1806640625;1.224853515625;;;;;;;;;;;;;;;
90.24838256835938;-0.14599609375;-0.106201171875;0.866455078125;;;;;;;;;;;;;;;
90.25180053710938;-0.09375;0.42578125;0.932861328125;;;;;;;;;;;;;;;
90.25515747070312;-0.1689453125;-0.0048828125;0.91064453125;;;;;;;;;;;;;;;
90.25845336914062;0.242431640625;0.041015625;1.20361328125;;;;;;;;;;;;;;;
90.2618408203125;0.24365234375;0.1162109375;1.325439453125;;;;;;;;;;;;;;;
90.26516723632812;-0.24560546875;-0.07373046875;0.890869140625;;;;;;;;;;;;;;;
90.26852416992188;-0.19384765625;0.369140625;0.991943359375;;;;;;;;;;;;;;;
90.27191162109375;-0.269287109375;-0.23046875;0.803955078125;;;;;;;;;;;;;;;
90.2752685546875;0.058837890625;0.376953125;1.169189453125;;;;;;;;;;;;;;;
90.2786865234375;-0.112548828125;-0.022705078125;1.0302734375;;;;;;;;;;;;;;;
90.28204345703125;0.1982421875;0.301513671875;0.964111328125;;;;;;;;;;;;;;;
90.28533935546875;-0.210205078125;0.010009765625;1.036865234375;;;;;;;;;;;;;;;
90.2886962890625;-0.268798828125;-0.041748046875;0.86572265625;;;;;;;;;;;;;;;
90.2921142578125;-0.0703125;0.018310546875;1.2197265625;;;;;;;;;;;;;;;
90.29541015625;0.015625;-0.26123046875;1.00146484375;;;;;;;;;;;;;;;
90.298828125;-0.054443359375;0.441650390625;1.099609375;;;;;;;;;;;;;;;
90.30215454101562;-0.21533203125;0.043212890625;0.82177734375;;;;;;;;;;;;;;;
90.30545043945312;0.115234375;0.318115234375;1.05908203125;;;;;;;;;;;;;;;
90.30880737304688;-0.451416015625;0.096435546875;1.099609375;;;;;;;;;;;;;;;
90.31222534179688;-0.310791015625;-0.169921875;1.017578125;;;;;;;;;;;;;;;
90.315673828125;-0.130859375;0.1494140625;1.12109375;;;;;;;;;;;;;;;
90.31915283203125;-0.18505859375;-0.295654296875;0.72900390625;;;;;;;;;;;;;;;
90.32254028320312;0.092041015625;0.54931640625;1.018310546875;;;;;;;;;;;;;;;
90.32595825195312;-0.124267578125;-0.00439453125;0.98681640625;;;;;;;;;;;;;;;
90.32925415039062;0.26123046875;0.375;1.08203125;;;;;;;;;;;;;;;
90.3326416015625;0.0732421875;-0.01611328125;1.09375;;;;;;;;;;;;;;;
90.33609008789062;-0.205322265625;0.037353515625;0.85888671875;;;;;;;;;;;;;;;
90.33944702148438;-0.150390625;0.058837890625;1.07666015625;;;;;;;;;;;;;;;
90.3428955078125;-0.056640625;-0.3173828125;0.99658203125;;;;;;;;;;;;;;;
90.34628295898438;-0.055908203125;0.322509765625;1.181640625;;;;;;;;;;;;;;;
90.34967041015625;-0.103271484375;-0.080810546875;0.84228515625;;;;;;;;;;;;;;;
90.35308837890625;0.208251953125;0.4345703125;1.01904296875;;;;;;;;;;;;;;;
90.35647583007812;-0.380859375;0.266845703125;0.938232421875;;;;;;;;;;;;;;;
90.35989379882812;0.041015625;0.00927734375;1.0361328125;;;;;;;;;;;;;;;
90.36322021484375;-0.16357421875;-0.1103515625;1.19775390625;;;;;;;;;;;;;;;
90.3665771484375;0.056396484375;-0.305419921875;0.9541015625;;;;;;;;;;;;;;;
90.36993408203125;-0.105224609375;0.373779296875;0.96240234375;;;;;;;;;;;;;;;
90.37332153320312;-0.259521484375;-0.052978515625;0.807861328125;;;;;;;;;;;;;;;
90.37667846679688;0.13818359375;0.183837890625;1.220947265625;;;;;;;;;;;;;;;
90.380126953125;-0.08935546875;0.091796875;1.15771484375;;;;;;;;;;;;;;;
90.38348388671875;0.011474609375;0.043212890625;0.96826171875;;;;;;;;;;;;;;;
90.38687133789062;-0.1630859375;0.13330078125;0.911376953125;;;;;;;;;;;;;;;
90.3902587890625;-0.009521484375;-0.094482421875;0.835693359375;;;;;;;;;;;;;;;
90.39364624023438;-0.00390625;0.223388671875;1.150390625;;;;;;;;;;;;;;;
90.39706420898438;-0.018798828125;-0.0498046875;1.005126953125;;;;;;;;;;;;;;;
90.40048217773438;0.002197265625;0.24755859375;1.091552734375;;;;;;;;;;;;;;;
90.40386962890625;-0.282470703125;-0.010498046875;0.865234375;;;;;;;;;;;;;;;
90.40719604492188;0.020263671875;0.05419921875;0.976318359375;;;;;;;;;;;;;;;
90.41061401367188;-0.13232421875;-0.03564453125;1.1533203125;;;;;;;;;;;;;;;
90.4139404296875;0.123291015625;-0.060791015625;1.0966796875;;;;;;;;;;;;;;;
90.4173583984375;-0.155517578125;0.33349609375;1.067138671875;;;;;;;;;;;;;;;
90.42068481445312;-0.277099609375;-0.01904296875;0.732666015625;;;;;;;;;;;;;;;
90.42413330078125;0.092041015625;0.28564453125;1.098388671875;;;;;;;;;;;;;;;
90.42758178710938;-0.21923828125;0.0830078125;1.04541015625;;;;;;;;;;;;;;;
90.43096923828125;0.00048828125;-0.110595703125;1.141357421875;;;;;;;;;;;;;;;
90.434326171875;-0.23291015625;0.025146484375;1.009765625;;;;;;;;;;;;;;;
90.43771362304688;0.05419921875;-0.22412109375;0.872802734375;;;;;;;;;;;;;;;
90.44110107421875;-0.11279296875;0.3984375;1.007568359375;;;;;;;;;;;;;;;
90.44454956054688;-0.139404296875;0.035888671875;0.931396484375;;;;;;;;;;;;;;;
90.4478759765625;0.0302734375;0.322021484375;1.286865234375;;;;;;;;;;;;;;;
90.45135498046875;-0.237060546875;-0.087890625;1.021728515625;;;;;;;;;;;;;;;
90.45477294921875;0.05029296875;-0.06201171875;0.9267578125;;;;;;;;;;;;;;;
90.45809936523438;-0.166015625;0.05908203125;0.869873046875;;;;;;;;;;;;;;;
90.46148681640625;0.09423828125;-0.100830078125;1.03076171875;;;;;;;;;;;;;;;
90.46490478515625;-0.069580078125;0.363037109375;1.16845703125;;;;;;;;;;;;;;;
90.46829223632812;-0.022216796875;-0.18310546875;0.879150390625;;;;;;;;;;;;;;;
90.47174072265625;0.0439453125;0.277099609375;1.055419921875;;;;;;;;;;;;;;;
90.47515869140625;-0.399169921875;0.15185546875;0.864013671875;;;;;;;;;;;;;;;
90.478515625;0.120849609375;0.04248046875;1.072509765625;;;;;;;;;;;;;;;
90.48196411132812;-0.118896484375;0.02490234375;1.1513671875;;;;;;;;;;;;;;;
90.48532104492188;0.125732421875;-0.316650390625;1.022705078125;;;;;;;;;;;;;;;
90.48873901367188;-0.174560546875;0.225341796875;0.975341796875;;;;;;;;;;;;;;;
90.49212646484375;-0.247802734375;-0.198974609375;0.78564453125;;;;;;;;;;;;;;;
90.4954833984375;0.048095703125;0.259765625;1.198974609375;;;;;;;;;;;;;;;
90.49884033203125;-0.14013671875;-0.005859375;1.17138671875;;;;;;;;;;;;;;;
90.502197265625;0.030517578125;0.19677734375;1.073974609375;;;;;;;;;;;;;;;
90.50555419921875;-0.2255859375;0.108642578125;0.87158203125;;;;;;;;;;;;;;;
90.50897216796875;0.033203125;0.020751953125;0.84326171875;;;;;;;;;;;;;;;
90.51235961914062;-0.009033203125;0.111328125;1.112548828125;;;;;;;;;;;;;;;
90.51568603515625;0.0693359375;-0.2724609375;1.09033203125;;;;;;;;;;;;;;;
90.51907348632812;-0.189697265625;0.28173828125;1.21142578125;;;;;;;;;;;;;;;
90.5225830078125;-0.6103515625;-0.153076171875;0.802490234375;;;;;;;;;;;;;;;
90.52597045898438;0.204345703125;0.17236328125;1.019287109375;;;;;;;;;;;;;;;
90.52932739257812;-0.052490234375;0.065185546875;1.103515625;;;;;;;;;;;;;;;
90.53271484375;0.237548828125;0.182861328125;1.111083984375;;;;;;;;;;;;;;;
90.53610229492188;-0.245849609375;0.285400390625;1.072509765625;;;;;;;;;;;;;;;
90.5394287109375;-0.25;-0.228515625;0.76318359375;;;;;;;;;;;;;;;
90.54275512695312;0.009521484375;0.1826171875;1.094970703125;;;;;;;;;;;;;;;
90.54617309570312;-0.477294921875;-0.093994140625;0.872314453125;;;;;;;;;;;;;;;
90.54946899414062;0.007568359375;0.03173828125;1.147705078125;;;;;;;;;;;;;;;
90.55279541015625;-0.230712890625;0.087890625;0.98095703125;;;;;;;;;;;;;;;
90.55618286132812;0.202392578125;-0.002685546875;0.91943359375;;;;;;;;;;;;;;;
90.55960083007812;-0.128662109375;0.265869140625;0.980224609375;;;;;;;;;;;;;;;
90.56298828125;-0.04736328125;-0.1640625;0.94384765625;;;;;;;;;;;;;;;
90.56637573242188;0.08447265625;0.3447265625;1.251708984375;;;;;;;;;;;;;;;
90.56985473632812;-0.14306640625;-0.219970703125;1.042724609375;;;;;;;;;;;;;;;
90.5732421875;0.020751953125;0.006103515625;1.0166015625;;;;;;;;;;;;;;;
90.57656860351562;-0.25830078125;0.01806640625;0.78662109375;;;;;;;;;;;;;;;
90.5799560546875;0.08349609375;0.248779296875;1.022705078125;;;;;;;;;;;;;;;
90.58340454101562;-0.002197265625;0.287109375;1.12451171875;;;;;;;;;;;;;;;
90.58673095703125;0.1064453125;-0.143798828125;1.1015625;;;;;;;;;;;;;;;
90.59014892578125;-0.048828125;0.23388671875;1.051513671875;;;;;;;;;;;;;;;
90.593505859375;-0.484619140625;0.089599609375;0.810302734375;;;;;;;;;;;;;;;
90.59683227539062;0.2431640625;0.0302734375;1.116455078125;;;;;;;;;;;;;;;
90.60018920898438;-0.083984375;-0.03173828125;1.052001953125;;;;;;;;;;;;;;;
90.60354614257812;0.279296875;-0.110107421875;1.0888671875;;;;;;;;;;;;;;;
90.60693359375;-0.2333984375;0.232666015625;0.94189453125;;;;;;;;;;;;;;;
90.61032104492188;-0.1357421875;0.09130859375;0.831787109375;;;;;;;;;;;;;;;
90.61373901367188;-0.074462890625;0.390625;1.13818359375;;;;;;;;;;;;;;;
90.61715698242188;-0.10498046875;-0.16455078125;1.127197265625;;;;;;;;;;;;;;;
90.62063598632812;0.04296875;0.023193359375;1.18310546875;;;;;;;;;;;;;;;
90.6240234375;-0.24951171875;-0.061767578125;0.805908203125;;;;;;;;;;;;;;;
90.62747192382812;0.100830078125;0.35498046875;0.847900390625;;;;;;;;;;;;;;;
90.63082885742188;-0.019287109375;0.186279296875;1.04052734375;;;;;;;;;;;;;;;
90.63421630859375;0.122314453125;-0.1767578125;1.154052734375;;;;;;;;;;;;;;;
90.63763427734375;-0.20703125;0.1923828125;1.180908203125;;;;;;;;;;;;;;;
90.64105224609375;-0.27099609375;-0.19970703125;0.84765625;;;;;;;;;;;;;;;
90.64447021484375;0.05908203125;0.2041015625;1.06494140625;;;;;;;;;;;;;;;
90.64791870117188;-0.111572265625;0.125;0.9755859375;;;;;;;;;;;;;;;
90.6512451171875;0.158447265625;0.312744140625;1.13037109375;;;;;;;;;;;;;;;
90.65469360351562;-0.14697265625;0.258544921875;1.0078125;;;;;;;;;;;;;;;
90.65802001953125;0.089599609375;-0.109619140625;0.81640625;;;;;;;;;;;;;;;
90.66140747070312;-0.133544921875;0.061767578125;1.020263671875;;;;;;;;;;;;;;;
90.66473388671875;-0.131103515625;-0.154052734375;0.908203125;;;;;;;;;;;;;;;
90.66818237304688;0.29150390625;0.1025390625;1.27685546875;;;;;;;;;;;;;;;
90.67156982421875;-0.20947265625;0.0537109375;0.941650390625;;;;;;;;;;;;;;;
90.675048828125;0.16845703125;0.244140625;1.011962890625;;;;;;;;;;;;;;;
90.67843627929688;-0.2265625;0.245849609375;0.877197265625;;;;;;;;;;;;;;;
90.68191528320312;0.147216796875;0.04736328125;0.951416015625;;;;;;;;;;;;;;;
90.68533325195312;0.1533203125;0.09912109375;1.23388671875;;;;;;;;;;;;;;;
90.68865966796875;-0.381591796875;-0.263671875;0.940185546875;;;;;;;;;;;;;;;
90.692138671875;0.346435546875;0.16552734375;1.10986328125;;;;;;;;;;;;;;;
90.69546508789062;-0.2900390625;0.193603515625;0.770263671875;;;;;;;;;;;;;;;
90.6988525390625;0.163818359375;0.4326171875;0.989013671875;;;;;;;;;;;;;;;
90.70223999023438;0.034423828125;-0.009033203125;1.055419921875;;;;;;;;;;;;;;;
90.70553588867188;0.083984375;-0.068603515625;1.120361328125;;;;;;;;;;;;;;;
90.70892333984375;-0.130126953125;0.0283203125;1.03076171875;;;;;;;;;;;;;;;
90.7122802734375;-0.12939453125;0.0283203125;0.74951171875;;;;;;;;;;;;;;;
90.71566772460938;0.28369140625;0.164306640625;1.256103515625;;;;;;;;;;;;;;;
90.71908569335938;-0.177978515625;-0.03857421875;0.970703125;;;;;;;;;;;;;;;
90.72244262695312;0.174560546875;0.114990234375;1.19384765625;;;;;;;;;;;;;;;
90.725830078125;-0.236083984375;0.084228515625;0.7978515625;;;;;;;;;;;;;;;
90.729248046875;0.12158203125;0.254150390625;0.8154296875;;;;;;;;;;;;;;;
90.732666015625;0.067626953125;0.17236328125;1.131103515625;;;;;;;;;;;;;;;
90.73599243164062;-0.074951171875;-0.138916015625;0.989013671875;;;;;;;;;;;;;;;
90.7393798828125;0.490478515625;0.107666015625;1.308349609375;;;;;;;;;;;;;;;
90.74273681640625;-0.2841796875;0.050537109375;0.789306640625;;;;;;;;;;;;;;;
90.74612426757812;0.199462890625;0.41357421875;1.02392578125;;;;;;;;;;;;;;;
90.74945068359375;0.032470703125;0.052978515625;0.968505859375;;;;;;;;;;;;;;;
90.7528076171875;0.017578125;-0.066650390625;1.12841796875;;;;;;;;;;;;;;;
90.75625610351562;-0.169677734375;0.068115234375;1.193115234375;;;;;;;;;;;;;;;
90.75961303710938;-0.24755859375;-0.031982421875;0.751220703125;;;;;;;;;;;;;;;
90.76296997070312;0.411376953125;0.2265625;1.126708984375;;;;;;;;;;;;;;;
90.766357421875;-0.235107421875;0.076904296875;0.901611328125;;;;;;;;;;;;;;;
90.76968383789062;0.181884765625;0.247314453125;1.2109375;;;;;;;;;;;;;;;
90.77316284179688;-0.19970703125;0.0390625;0.94970703125;;;;;;;;;;;;;;;
90.77658081054688;0.1181640625;0.141357421875;0.87353515625;;;;;;;;;;;;;;;
90.77996826171875;-0.0908203125;0.00927734375;0.95361328125;;;;;;;;;;;;;;;
90.783447265625;0.037353515625;-0.03271484375;0.9296875;;;;;;;;;;;;;;;
90.78677368164062;0.065673828125;0.133056640625;1.37451171875;;;;;;;;;;;;;;;
90.7901611328125;-0.270751953125;-0.046875;0.942626953125;;;;;;;;;;;;;;;
90.79354858398438;0.156005859375;0.36865234375;1.127197265625;;;;;;;;;;;;;;;
90.79702758789062;-0.583251953125;0.0537109375;0.88623046875;;;;;;;;;;;;;;;
90.80035400390625;-0.158935546875;0.27490234375;0.958740234375;;;;;;;;;;;;;;;
90.8037109375;-0.11279296875;-0.093505859375;1.13818359375;;;;;;;;;;;;;;;
90.80712890625;0.1650390625;-0.08935546875;0.968994140625;;;;;;;;;;;;;;;
90.810546875;0.2685546875;0.2421875;1.11767578125;;;;;;;;;;;;;;;
90.81396484375;-0.1708984375;0.218994140625;0.84326171875;;;;;;;;;;;;;;;
90.8172607421875;-0.156494140625;0.449951171875;1.056396484375;;;;;;;;;;;;;;;
90.82064819335938;-0.09228515625;-0.190185546875;1.03564453125;;;;;;;;;;;;;;;
90.8240966796875;-0.062744140625;0.05908203125;1.153564453125;;;;;;;;;;;;;;;
90.82742309570312;-0.212158203125;-0.116455078125;0.94921875;;;;;;;;;;;;;;;
90.83078002929688;0.03857421875;0.1484375;0.820068359375;;;;;;;;;;;;;;;
90.83413696289062;0.03271484375;0.197998046875;1.13671875;;;;;;;;;;;;;;;
90.83749389648438;0.04052734375;0.00537109375;1.0478515625;;;;;;;;;;;;;;;
90.8408203125;-0.11767578125;0.23876953125;1.2255859375;;;;;;;;;;;;;;;
90.84417724609375;-0.308349609375;0.025146484375;0.851318359375;;;;;;;;;;;;;;;
90.84759521484375;-0.137939453125;0.274658203125;0.87353515625;;;;;;;;;;;;;;;
90.85101318359375;-0.09912109375;-0.004150390625;0.969482421875;;;;;;;;;;;;;;;
90.85443115234375;0.15576171875;-0.17919921875;1.128662109375;;;;;;;;;;;;;;;
90.85781860351562;0.16455078125;0.2109375;1.248779296875;;;;;;;;;;;;;;;
90.86123657226562;-0.06005859375;0.046630859375;0.899658203125;;;;;;;;;;;;;;;
90.8646240234375;-0.166015625;0.455078125;1.013916015625;;;;;;;;;;;;;;;
90.86801147460938;-0.22265625;-0.062744140625;0.87646484375;;;;;;;;;;;;;;;
90.87136840820312;0.018798828125;0.004150390625;1.145751953125;;;;;;;;;;;;;;;
90.87481689453125;-0.166748046875;0.009765625;1.0546875;;;;;;;;;;;;;;;
90.87820434570312;-0.121826171875;0.00341796875;0.88916015625;;;;;;;;;;;;;;;
90.88153076171875;-0.090576171875;0.11767578125;1.008544921875;;;;;;;;;;;;;;;
90.88491821289062;-0.1142578125;0.053466796875;0.90283203125;;;;;;;;;;;;;;;
90.8883056640625;-0.00439453125;0.188232421875;1.205078125;;;;;;;;;;;;;;;
90.89169311523438;-0.10205078125;0.028076171875;1.01708984375;;;;;;;;;;;;;;;
90.89511108398438;-0.055419921875;0.198974609375;0.97314453125;;;;;;;;;;;;;;;
90.89846801757812;-0.16015625;0.052001953125;0.85986328125;;;;;;;;;;;;;;;
90.90188598632812;0.063232421875;-0.02978515625;0.993408203125;;;;;;;;;;;;;;;
90.90518188476562;-0.054443359375;0.134521484375;1.28759765625;;;;;;;;;;;;;;;
90.90850830078125;-0.066162109375;-0.117431640625;1.045654296875;;;;;;;;;;;;;;;
90.9119873046875;-0.127685546875;0.350341796875;1.0908203125;;;;;;;;;;;;;;;
90.91537475585938;-0.1787109375;-0.072998046875;0.778564453125;;;;;;;;;;;;;;;
90.9188232421875;0.1064453125;0.371826171875;1.02587890625;;;;;;;;;;;;;;;
90.92218017578125;-0.1513671875;-0.013427734375;1.04248046875;;;;;;;;;;;;;;;
90.925537109375;0.03271484375;0.044677734375;1.071044921875;;;;;;;;;;;;;;;
90.92898559570312;-0.166015625;0.182861328125;1.0771484375;;;;;;;;;;;;;;;
90.93240356445312;-0.14501953125;0.024658203125;0.83251953125;;;;;;;;;;;;;;;
90.93576049804688;-0.12890625;0.32763671875;1.055419921875;;;;;;;;;;;;;;;
90.93917846679688;-0.057373046875;-0.409912109375;1.0;;;;;;;;;;;;;;;
90.9425048828125;0.00732421875;0.176513671875;1.195068359375;;;;;;;;;;;;;;;
90.94586181640625;-0.207275390625;-0.04833984375;0.95361328125;;;;;;;;;;;;;;;
90.94924926757812;0.09033203125;0.343017578125;0.8818359375;;;;;;;;;;;;;;;
90.95263671875;-0.179931640625;0.32177734375;1.022216796875;;;;;;;;;;;;;;;
90.9560546875;-0.078857421875;-0.066650390625;1.043212890625;;;;;;;;;;;;;;;
90.95944213867188;-0.204833984375;0.043212890625;1.217529296875;;;;;;;;;;;;;;;
90.962890625;-0.069580078125;-0.18408203125;0.903564453125;;;;;;;;;;;;;;;
90.96630859375;0.10302734375;0.3310546875;0.921142578125;;;;;;;;;;;;;;;
90.96966552734375;-0.157470703125;0.039794921875;0.883056640625;;;;;;;;;;;;;;;
90.97305297851562;0.150390625;0.0537109375;1.16943359375;;;;;;;;;;;;;;;
90.97647094726562;-0.060791015625;0.198486328125;1.245849609375;;;;;;;;;;;;;;;
90.97982788085938;-0.114501953125;-0.03271484375;0.92919921875;;;;;;;;;;;;;;;
90.98321533203125;-0.133056640625;0.293212890625;0.978759765625;;;;;;;;;;;;;;;
90.986572265625;-0.21142578125;-0.163330078125;0.823486328125;;;;;;;;;;;;;;;
90.98992919921875;0.113037109375;0.18017578125;1.148681640625;;;;;;;;;;;;;;;
90.99334716796875;-0.0810546875;-0.011474609375;1.027587890625;;;;;;;;;;;;;;;
90.99676513671875;0.17333984375;0.221923828125;0.98486328125;;;;;;;;;;;;;;;
91.00009155273438;-0.099609375;0.2021484375;0.978271484375;;;;;;;;;;;;;;;
91.0035400390625;-0.204345703125;-0.00390625;0.91796875;;;;;;;;;;;;;;;
91.00689697265625;-0.0478515625;0.056396484375;1.1953125;;;;;;;;;;;;;;;
91.01025390625;-0.026123046875;-0.078125;1.031494140625;;;;;;;;;;;;;;;
91.01358032226562;0.021728515625;0.406005859375;1.019775390625;;;;;;;;;;;;;;;
91.01705932617188;-0.236328125;-0.03173828125;0.7724609375;;;;;;;;;;;;;;;
91.02044677734375;0.276611328125;0.2158203125;1.077880859375;;;;;;;;;;;;;;;
91.02383422851562;-0.390380859375;0.06298828125;1.33203125;;;;;;;;;;;;;;;
91.02716064453125;-0.198974609375;-0.1494140625;1.064453125;;;;;;;;;;;;;;;
91.0306396484375;-0.244140625;0.07666015625;1.090087890625;;;;;;;;;;;;;;;
91.03399658203125;-0.014892578125;-0.154541015625;0.728515625;;;;;;;;;;;;;;;
91.037353515625;0.131591796875;0.473876953125;1.02197265625;;;;;;;;;;;;;;;
91.04074096679688;-0.1865234375;0.07177734375;0.966552734375;;;;;;;;;;;;;;;
91.04409790039062;0.142822265625;0.281982421875;1.123046875;;;;;;;;;;;;;;;
91.0474853515625;0.01806640625;-0.032958984375;1.083251953125;;;;;;;;;;;;;;;
91.05096435546875;-0.087890625;-0.079833984375;0.841064453125;;;;;;;;;;;;;;;
91.05438232421875;-0.081787109375;0.083251953125;1.059326171875;;;;;;;;;;;;;;;
91.05770874023438;-0.018310546875;-0.234619140625;0.990478515625;;;;;;;;;;;;;;;
91.06103515625;-0.021728515625;0.341796875;1.20068359375;;;;;;;;;;;;;;;
91.06436157226562;-0.126953125;-0.0263671875;0.865966796875;;;;;;;;;;;;;;;
91.0677490234375;0.264892578125;0.4306640625;0.982177734375;;;;;;;;;;;;;;;
91.07113647460938;-0.255126953125;0.305908203125;0.986328125;;;;;;;;;;;;;;;
91.0745849609375;-0.1083984375;-0.04052734375;1.0498046875;;;;;;;;;;;;;;;
91.07791137695312;-0.201416015625;-0.151611328125;1.20263671875;;;;;;;;;;;;;;;
91.081298828125;0.032958984375;-0.323974609375;0.92578125;;;;;;;;;;;;;;;
91.08468627929688;-0.05029296875;0.316162109375;0.951416015625;;;;;;;;;;;;;;;
91.08807373046875;-0.208251953125;0.001220703125;0.798583984375;;;;;;;;;;;;;;;
91.0914306640625;0.094970703125;0.229248046875;1.203369140625;;;;;;;;;;;;;;;
91.09481811523438;0.010986328125;0.176513671875;1.201171875;;;;;;;;;;;;;;;
91.09817504882812;-0.0830078125;0.041015625;1.008544921875;;;;;;;;;;;;;;;
91.10150146484375;-0.090576171875;0.0673828125;0.922607421875;;;;;;;;;;;;;;;
91.10482788085938;-0.156982421875;-0.141845703125;0.81298828125;;;;;;;;;;;;;;;
91.10821533203125;0.091552734375;0.222412109375;1.144287109375;;;;;;;;;;;;;;;
91.11166381835938;-0.062255859375;-0.05322265625;1.035400390625;;;;;;;;;;;;;;;
91.11505126953125;0.132568359375;0.2978515625;1.123291015625;;;;;;;;;;;;;;;
91.118408203125;-0.236572265625;0.1123046875;0.87548828125;;;;;;;;;;;;;;;
91.121826171875;-0.0107421875;0.146484375;0.992919921875;;;;;;;;;;;;;;;
91.12518310546875;-0.09130859375;-0.008544921875;1.1513671875;;;;;;;;;;;;;;;
91.12857055664062;0.058349609375;-0.314208984375;1.09228515625;;;;;;;;;;;;;;;
91.13201904296875;-0.12060546875;0.252197265625;1.065185546875;;;;;;;;;;;;;;;
91.1353759765625;-0.201171875;-0.097412109375;0.734619140625;;;;;;;;;;;;;;;
91.13885498046875;0.08203125;0.312255859375;1.091552734375;;;;;;;;;;;;;;;
91.1422119140625;-0.29541015625;0.1162109375;0.99853515625;;;;;;;;;;;;;;;
91.14559936523438;-0.023193359375;-0.018798828125;1.146240234375;;;;;;;;;;;;;;;
91.14898681640625;-0.23583984375;-0.008544921875;1.04052734375;;;;;;;;;;;;;;;
91.15234375;0.078125;-0.306640625;0.794921875;;;;;;;;;;;;;;;
91.15567016601562;-0.09375;0.3818359375;1.010986328125;;;;;;;;;;;;;;;
91.15914916992188;-0.2041015625;0.03662109375;0.898681640625;;;;;;;;;;;;;;;
91.16250610351562;0.08056640625;0.350341796875;1.240234375;;;;;;;;;;;;;;;
91.16586303710938;-0.220458984375;-0.10888671875;1.023681640625;;;;;;;;;;;;;;;
91.1693115234375;0.090087890625;-0.06787109375;0.953857421875;;;;;;;;;;;;;;;
91.17266845703125;-0.214111328125;0.012939453125;1.00244140625;;;;;;;;;;;;;;;
91.17611694335938;0.061279296875;0.005859375;1.02685546875;;;;;;;;;;;;;;;
91.17953491210938;-0.079833984375;0.329833984375;1.17431640625;;;;;;;;;;;;;;;
91.18295288085938;-0.02880859375;-0.097900390625;0.9033203125;;;;;;;;;;;;;;;
91.18643188476562;0.053955078125;0.2734375;1.051513671875;;;;;;;;;;;;;;;
91.18978881835938;-0.39697265625;0.182861328125;0.836669921875;;;;;;;;;;;;;;;
91.19317626953125;0.2021484375;0.026123046875;1.091552734375;;;;;;;;;;;;;;;
91.196533203125;-0.094970703125;-0.022705078125;1.123046875;;;;;;;;;;;;;;;
91.19989013671875;0.18896484375;-0.317138671875;1.03955078125;;;;;;;;;;;;;;;
91.2032470703125;-0.23486328125;0.2099609375;0.981689453125;;;;;;;;;;;;;;;
91.20657348632812;-0.19140625;-0.083984375;0.777587890625;;;;;;;;;;;;;;;
91.20993041992188;-0.02392578125;0.304443359375;1.209716796875;;;;;;;;;;;;;;;
91.21331787109375;-0.165283203125;-0.013916015625;1.1552734375;;;;;;;;;;;;;;;
91.216796875;-0.016357421875;0.15185546875;1.113525390625;;;;;;;;;;;;;;;
91.22021484375;-0.168212890625;0.013427734375;0.849609375;;;;;;;;;;;;;;;
91.22366333007812;-0.0576171875;0.114013671875;0.847412109375;;;;;;;;;;;;;;;
91.22708129882812;-0.007568359375;0.15478515625;1.094970703125;;;;;;;;;;;;;;;
91.23052978515625;0.02001953125;-0.220947265625;1.076171875;;;;;;;;;;;;;;;
91.23397827148438;0.116943359375;0.216064453125;1.20166015625;;;;;;;;;;;;;;;
91.23736572265625;-0.4140625;-0.109619140625;0.8310546875;;;;;;;;;;;;;;;
91.24075317382812;0.099609375;0.19091796875;1.042724609375;;;;;;;;;;;;;;;
91.244140625;-0.04736328125;0.09521484375;1.080078125;;;;;;;;;;;;;;;
91.24755859375;0.1513671875;-0.175537109375;1.119873046875;;;;;;;;;;;;;;;
91.2508544921875;-0.22216796875;0.188232421875;1.061279296875;;;;;;;;;;;;;;;
91.254150390625;-0.181396484375;-0.205078125;0.772705078125;;;;;;;;;;;;;;;
91.25753784179688;-0.006591796875;0.364013671875;1.08837890625;;;;;;;;;;;;;;;
91.26095581054688;-0.429443359375;-0.076171875;0.886962890625;;;;;;;;;;;;;;;
91.26431274414062;0.06005859375;0.0732421875;1.189453125;;;;;;;;;;;;;;;
91.26773071289062;-0.2265625;-0.05029296875;0.9912109375;;;;;;;;;;;;;;;
91.27105712890625;0.20166015625;0.088134765625;0.822021484375;;;;;;;;;;;;;;;
91.27438354492188;-0.113525390625;0.170654296875;0.955810546875;;;;;;;;;;;;;;;
91.27783203125;0.025390625;-0.141845703125;0.937744140625;;;;;;;;;;;;;;;
91.28128051757812;0.027099609375;0.225830078125;1.270263671875;;;;;;;;;;;;;;;
91.28463745117188;-0.11279296875;-0.178466796875;1.048583984375;;;;;;;;;;;;;;;
91.28799438476562;0.016357421875;0.0498046875;1.035400390625;;;;;;;;;;;;;;;
91.29144287109375;-0.212890625;0.12060546875;0.913330078125;;;;;;;;;;;;;;;
91.29489135742188;0.027099609375;0.281005859375;1.00146484375;;;;;;;;;;;;;;;
91.29824829101562;0.0322265625;0.142822265625;1.129150390625;;;;;;;;;;;;;;;
91.3016357421875;0.044677734375;-0.187255859375;0.968994140625;;;;;;;;;;;;;;;
91.30496215820312;-0.027587890625;0.205810546875;1.05517578125;;;;;;;;;;;;;;;
91.30831909179688;-0.383056640625;0.093017578125;0.810302734375;;;;;;;;;;;;;;;
91.31167602539062;0.139404296875;0.12646484375;1.08837890625;;;;;;;;;;;;;;;
91.3150634765625;0.001953125;-0.021728515625;1.080078125;;;;;;;;;;;;;;;
91.31842041015625;0.121826171875;-0.0234375;1.107666015625;;;;;;;;;;;;;;;
91.32180786132812;-0.205810546875;0.176513671875;0.94287109375;;;;;;;;;;;;;;;
91.32516479492188;-0.096435546875;0.04248046875;0.82421875;;;;;;;;;;;;;;;
91.3284912109375;-0.0693359375;0.32666015625;1.11962890625;;;;;;;;;;;;;;;
91.3319091796875;-0.042724609375;-0.166748046875;1.106689453125;;;;;;;;;;;;;;;
91.3353271484375;0.021240234375;0.096435546875;1.20751953125;;;;;;;;;;;;;;;
91.33868408203125;-0.218505859375;-0.06103515625;0.8271484375;;;;;;;;;;;;;;;
91.342041015625;-0.00390625;0.3505859375;0.8349609375;;;;;;;;;;;;;;;
91.34539794921875;-0.000244140625;0.2177734375;1.03515625;;;;;;;;;;;;;;;
91.34878540039062;0.020263671875;-0.176025390625;1.114013671875;;;;;;;;;;;;;;;
91.35211181640625;-0.06396484375;0.193603515625;1.208984375;;;;;;;;;;;;;;;
91.35549926757812;-0.230712890625;-0.228759765625;0.861572265625;;;;;;;;;;;;;;;
91.35894775390625;0.0205078125;0.229736328125;1.03857421875;;;;;;;;;;;;;;;
91.3623046875;-0.08056640625;0.09228515625;0.959228515625;;;;;;;;;;;;;;;
91.36572265625;0.15869140625;0.399169921875;1.146728515625;;;;;;;;;;;;;;;
91.36911010742188;-0.1826171875;0.228515625;1.014404296875;;;;;;;;;;;;;;;
91.37246704101562;-0.04150390625;-0.0986328125;0.82763671875;;;;;;;;;;;;;;;
91.3758544921875;-0.144775390625;0.3134765625;1.00439453125;;;;;;;;;;;;;;;
91.37921142578125;-0.149658203125;-0.126220703125;0.890869140625;;;;;;;;;;;;;;;
91.38262939453125;0.11767578125;0.13232421875;1.24462890625;;;;;;;;;;;;;;;
91.38607788085938;-0.084716796875;0.025634765625;0.992919921875;;;;;;;;;;;;;;;
91.38946533203125;0.10888671875;0.36376953125;1.043212890625;;;;;;;;;;;;;;;
91.39279174804688;-0.15087890625;0.195556640625;0.8583984375;;;;;;;;;;;;;;;
91.39614868164062;0.085205078125;-0.138671875;0.941162109375;;;;;;;;;;;;;;;
91.39962768554688;0.11962890625;0.03271484375;1.2001953125;;;;;;;;;;;;;;;
91.40298461914062;-0.128173828125;-0.21337890625;1.0244140625;;;;;;;;;;;;;;;
91.4063720703125;0.0419921875;0.125244140625;1.100341796875;;;;;;;;;;;;;;;
91.40975952148438;-0.224365234375;0.2431640625;0.8193359375;;;;;;;;;;;;;;;
91.41314697265625;0.07275390625;0.456787109375;1.02783203125;;;;;;;;;;;;;;;
91.41656494140625;-0.1181640625;0.184326171875;1.0263671875;;;;;;;;;;;;;;;
91.42001342773438;0.1240234375;-0.19921875;1.006103515625;;;;;;;;;;;;;;;
91.42343139648438;-0.11572265625;0.033203125;1.014404296875;;;;;;;;;;;;;;;
91.42681884765625;-0.057373046875;-0.079345703125;0.772705078125;;;;;;;;;;;;;;;
91.43020629882812;0.1953125;0.259521484375;1.177978515625;;;;;;;;;;;;;;;
91.43356323242188;-0.075927734375;-0.029052734375;1.013427734375;;;;;;;;;;;;;;;
91.43692016601562;0.068603515625;0.241943359375;1.191162109375;;;;;;;;;;;;;;;
91.4403076171875;-0.397216796875;0.02783203125;0.902099609375;;;;;;;;;;;;;;;
91.44366455078125;0.01318359375;0.195556640625;0.81591796875;;;;;;;;;;;;;;;
91.447021484375;0.024658203125;0.157958984375;1.060302734375;;;;;;;;;;;;;;;
91.45046997070312;-0.008544921875;-0.083740234375;1.00634765625;;;;;;;;;;;;;;;
91.45391845703125;0.1416015625;0.11669921875;1.282958984375;;;;;;;;;;;;;;;
91.45736694335938;-0.160400390625;0.143310546875;0.8662109375;;;;;;;;;;;;;;;
91.46075439453125;0.025634765625;0.341796875;0.91162109375;;;;;;;;;;;;;;;
91.46408081054688;-0.276611328125;0.016357421875;0.895751953125;;;;;;;;;;;;;;;
91.46746826171875;0.143310546875;-0.23583984375;1.125244140625;;;;;;;;;;;;;;;
91.4708251953125;-0.161865234375;0.11865234375;1.1650390625;;;;;;;;;;;;;;;
91.47418212890625;-0.114990234375;0.036376953125;0.8505859375;;;;;;;;;;;;;;;
91.47760009765625;0.101318359375;0.286865234375;1.057861328125;;;;;;;;;;;;;;;
91.48092651367188;-0.1318359375;0.112548828125;0.89404296875;;;;;;;;;;;;;;;
91.48434448242188;0.140625;0.096923828125;1.217041015625;;;;;;;;;;;;;;;
91.48770141601562;-0.309814453125;0.045166015625;0.96484375;;;;;;;;;;;;;;;
91.4910888671875;0.056884765625;0.018798828125;0.92626953125;;;;;;;;;;;;;;;
91.4945068359375;-0.262939453125;0.16552734375;0.90087890625;;;;;;;;;;;;;;;
91.49789428710938;0.094970703125;-0.04931640625;0.897216796875;;;;;;;;;;;;;;;
91.50128173828125;0.291748046875;0.18017578125;1.297119140625;;;;;;;;;;;;;;;
91.504638671875;-0.000732421875;0.123779296875;1.012451171875;;;;;;;;;;;;;;;
91.50811767578125;-0.0048828125;0.3544921875;1.0986328125;;;;;;;;;;;;;;;
91.51153564453125;-0.340576171875;0.0517578125;0.7685546875;;;;;;;;;;;;;;;
91.514892578125;0.15625;-0.033935546875;0.982177734375;;;;;;;;;;;;;;;
91.51824951171875;-0.067138671875;-0.015380859375;1.058837890625;;;;;;;;;;;;;;;
91.5216064453125;-0.084228515625;-0.079833984375;1.07275390625;;;;;;;;;;;;;;;
91.52493286132812;-0.119140625;0.133544921875;1.077880859375;;;;;;;;;;;;;;;
91.52838134765625;-0.146484375;0.11328125;0.79052734375;;;;;;;;;;;;;;;
91.53173828125;0.05712890625;0.38134765625;1.041259765625;;;;;;;;;;;;;;;
91.53518676757812;-0.08251953125;0.062255859375;0.979736328125;;;;;;;;;;;;;;;
91.53857421875;0.1220703125;0.0908203125;1.097900390625;;;;;;;;;;;;;;;
91.5419921875;-0.225830078125;0.01953125;0.97705078125;;;;;;;;;;;;;;;
91.54531860351562;-0.06201171875;-0.139892578125;0.833984375;;;;;;;;;;;;;;;
91.5487060546875;0.05419921875;0.246826171875;1.1533203125;;;;;;;;;;;;;;;
91.5521240234375;0.01611328125;-0.070068359375;1.0537109375;;;;;;;;;;;;;;;
91.55548095703125;-0.0830078125;0.3759765625;1.217529296875;;;;;;;;;;;;;;;
91.55889892578125;-0.23388671875;-0.0078125;0.87548828125;;;;;;;;;;;;;;;
91.56234741210938;0.030029296875;0.302978515625;0.88232421875;;;;;;;;;;;;;;;
91.56564331054688;-0.17822265625;0.10888671875;0.906982421875;;;;;;;;;;;;;;;
91.5689697265625;0.12451171875;-0.103271484375;1.085205078125;;;;;;;;;;;;;;;
91.57232666015625;-0.131103515625;0.196044921875;1.244384765625;;;;;;;;;;;;;;;
91.57565307617188;-0.077392578125;-0.03857421875;0.909912109375;;;;;;;;;;;;;;;
91.57901000976562;-0.138916015625;0.3505859375;0.964111328125;;;;;;;;;;;;;;;
91.5823974609375;-0.233642578125;-0.114990234375;0.839599609375;;;;;;;;;;;;;;;
91.5858154296875;0.048828125;-0.025146484375;1.14990234375;;;;;;;;;;;;;;;
91.58926391601562;-0.08447265625;0.0693359375;1.1259765625;;;;;;;;;;;;;;;
91.59262084960938;0.01416015625;0.12255859375;0.958740234375;;;;;;;;;;;;;;;
91.59609985351562;-0.127197265625;0.267333984375;0.982177734375;;;;;;;;;;;;;;;
91.59951782226562;-0.1435546875;0.014404296875;0.897216796875;;;;;;;;;;;;;;;
91.60284423828125;-0.035400390625;0.07763671875;1.199462890625;;;;;;;;;;;;;;;
91.60629272460938;-0.082763671875;-0.0849609375;1.02294921875;;;;;;;;;;;;;;;
91.60971069335938;0.0625;0.226806640625;1.03173828125;;;;;;;;;;;;;;;
91.61318969726562;-0.2490234375;0.089599609375;0.79443359375;;;;;;;;;;;;;;;
91.61666870117188;0.1181640625;0.091796875;0.989990234375;;;;;;;;;;;;;;;
91.62005615234375;0.054931640625;0.189453125;1.25390625;;;;;;;;;;;;;;;
91.62359619140625;-0.047607421875;-0.1337890625;1.069580078125;;;;;;;;;;;;;;;
91.626953125;-0.16650390625;0.219970703125;1.10595703125;;;;;;;;;;;;;;;
91.63027954101562;-0.235107421875;-0.19482421875;0.757568359375;;;;;;;;;;;;;;;
91.6336669921875;0.029052734375;0.10595703125;1.02685546875;;;;;;;;;;;;;;;
91.636962890625;-0.146728515625;-0.0224609375;0.957275390625;;;;;;;;;;;;;;;
91.640380859375;-0.0546875;0.1640625;1.108642578125;;;;;;;;;;;;;;;
91.643798828125;-0.174560546875;0.2197265625;1.055908203125;;;;;;;;;;;;;;;
91.64712524414062;-0.08251953125;0.001708984375;0.855224609375;;;;;;;;;;;;;;;
91.65057373046875;-0.02783203125;0.186279296875;1.06689453125;;;;;;;;;;;;;;;
91.65396118164062;-0.04541015625;-0.10009765625;0.978271484375;;;;;;;;;;;;;;;
91.6573486328125;-0.029296875;0.203125;1.179931640625;;;;;;;;;;;;;;;
91.66079711914062;-0.17236328125;-0.04736328125;0.924560546875;;;;;;;;;;;;;;;
91.66412353515625;0.111328125;0.056396484375;0.943359375;;;;;;;;;;;;;;;
91.66766357421875;-0.176513671875;0.2744140625;1.1181640625;;;;;;;;;;;;;;;
91.67111206054688;-0.0927734375;-0.091064453125;1.029296875;;;;;;;;;;;;;;;
91.67446899414062;-0.095703125;0.205810546875;1.220458984375;;;;;;;;;;;;;;;
91.6778564453125;0.012939453125;-0.251220703125;0.79736328125;;;;;;;;;;;;;;;
91.68130493164062;0.20068359375;0.422119140625;0.963134765625;;;;;;;;;;;;;;;
91.6846923828125;-0.184326171875;0.100341796875;0.84375;;;;;;;;;;;;;;;
91.68804931640625;0.124755859375;0.21484375;1.06591796875;;;;;;;;;;;;;;;
91.69137573242188;0.052001953125;0.0361328125;1.25537109375;;;;;;;;;;;;;;;
91.69476318359375;-0.19140625;-0.138916015625;0.9560546875;;;;;;;;;;;;;;;
91.69818115234375;-0.123779296875;0.0322265625;0.991455078125;;;;;;;;;;;;;;;
91.70156860351562;-0.153076171875;-0.094482421875;0.785888671875;;;;;;;;;;;;;;;
91.70498657226562;0.09716796875;0.261474609375;1.163330078125;;;;;;;;;;;;;;;
91.70834350585938;-0.0615234375;0.0302734375;1.0625;;;;;;;;;;;;;;;
91.71173095703125;0.21142578125;0.288818359375;1.09765625;;;;;;;;;;;;;;;
91.71514892578125;-0.3623046875;0.168212890625;0.946533203125;;;;;;;;;;;;;;;
91.718505859375;-0.194091796875;-0.008056640625;0.890380859375;;;;;;;;;;;;;;;
91.72183227539062;-0.097900390625;-0.043701171875;1.158203125;;;;;;;;;;;;;;;
91.72518920898438;0.1435546875;-0.21484375;1.05810546875;;;;;;;;;;;;;;;
91.72854614257812;-0.10986328125;0.41357421875;1.072509765625;;;;;;;;;;;;;;;
91.73193359375;-0.216796875;-0.033935546875;0.78759765625;;;;;;;;;;;;;;;
91.73529052734375;0.14501953125;0.314453125;1.080078125;;;;;;;;;;;;;;;
91.73861694335938;0.202392578125;0.047119140625;1.311767578125;;;;;;;;;;;;;;;
91.74197387695312;-0.362060546875;-0.135498046875;1.066650390625;;;;;;;;;;;;;;;
91.745361328125;-0.154541015625;-0.031982421875;1.10205078125;;;;;;;;;;;;;;;
91.74880981445312;-0.234619140625;-0.21337890625;0.72998046875;;;;;;;;;;;;;;;
91.75216674804688;0.121826171875;0.44287109375;1.0458984375;;;;;;;;;;;;;;;
91.75552368164062;-0.30419921875;0.0224609375;0.944091796875;;;;;;;;;;;;;;;
91.75894165039062;0.08251953125;0.29345703125;1.137451171875;;;;;;;;;;;;;;;
91.7623291015625;0.093994140625;0.11865234375;1.142578125;;;;;;;;;;;;;;;
91.76568603515625;-0.22705078125;-0.059326171875;0.8857421875;;;;;;;;;;;;;;;
91.76907348632812;-0.033447265625;0.009765625;1.024169921875;;;;;;;;;;;;;;;
91.77249145507812;-0.080078125;-0.272705078125;0.98876953125;;;;;;;;;;;;;;;
91.77578735351562;-0.020263671875;0.3818359375;1.214599609375;;;;;;;;;;;;;;;
91.77923583984375;-0.308837890625;-0.112060546875;0.85888671875;;;;;;;;;;;;;;;
91.7825927734375;0.321044921875;0.293212890625;1.055908203125;;;;;;;;;;;;;;;
91.78598022460938;-0.456787109375;0.164306640625;1.13232421875;;;;;;;;;;;;;;;
91.789306640625;-0.2509765625;-0.025146484375;1.029052734375;;;;;;;;;;;;;;;
91.79263305664062;-0.141357421875;-0.035888671875;1.182373046875;;;;;;;;;;;;;;;
91.79598999023438;0.104736328125;-0.298828125;0.827880859375;;;;;;;;;;;;;;;
91.79934692382812;0.08544921875;0.310302734375;0.990234375;;;;;;;;;;;;;;;
91.80267333984375;-0.251708984375;0.060546875;0.769287109375;;;;;;;;;;;;;;;
91.8060302734375;0.196044921875;0.364501953125;1.127685546875;;;;;;;;;;;;;;;
91.80935668945312;0.133056640625;0.02392578125;1.213623046875;;;;;;;;;;;;;;;
91.81277465820312;-0.10498046875;-0.031494140625;1.0546875;;;;;;;;;;;;;;;
91.81622314453125;-0.219482421875;-0.07373046875;1.01220703125;;;;;;;;;;;;;;;
91.81954956054688;-0.167236328125;0.012451171875;0.794921875;;;;;;;;;;;;;;;
91.822998046875;-0.014404296875;0.299560546875;1.121337890625;;;;;;;;;;;;;;;
91.82638549804688;-0.046630859375;-0.126953125;1.014404296875;;;;;;;;;;;;;;;
91.82977294921875;0.170654296875;0.325439453125;1.1689453125;;;;;;;;;;;;;;;
91.83316040039062;-0.193359375;0.142822265625;0.858154296875;;;;;;;;;;;;;;;
91.83651733398438;0.0791015625;0.166748046875;0.883544921875;;;;;;;;;;;;;;;
91.8399658203125;0.0478515625;-0.034912109375;1.1220703125;;;;;;;;;;;;;;;
91.8433837890625;0.10302734375;-0.2744140625;1.076904296875;;;;;;;;;;;;;;;
91.84671020507812;-0.118896484375;0.2294921875;1.073974609375;;;;;;;;;;;;;;;
91.85018920898438;-0.1845703125;-0.143310546875;0.768798828125;;;;;;;;;;;;;;;
91.853515625;0.046875;0.350830078125;1.06298828125;;;;;;;;;;;;;;;
91.85693359375;-0.224365234375;0.087646484375;1.08740234375;;;;;;;;;;;;;;;
91.86029052734375;-0.046875;0.037353515625;1.168701171875;;;;;;;;;;;;;;;
91.86358642578125;-0.1806640625;-0.00537109375;1.01806640625;;;;;;;;;;;;;;;
91.866943359375;-0.146240234375;-0.135009765625;0.776123046875;;;;;;;;;;;;;;;
91.87042236328125;0.1015625;0.288818359375;0.939453125;;;;;;;;;;;;;;;
91.873779296875;0.01953125;-0.001953125;0.94921875;;;;;;;;;;;;;;;
91.87713623046875;0.20703125;0.31103515625;1.281005859375;;;;;;;;;;;;;;;
91.88046264648438;-0.261474609375;-0.165283203125;1.02685546875;;;;;;;;;;;;;;;
91.88385009765625;0.05859375;-0.052978515625;0.96826171875;;;;;;;;;;;;;;;
91.88723754882812;-0.12939453125;0.10107421875;0.948486328125;;;;;;;;;;;;;;;
91.89065551757812;0.114501953125;0.236083984375;0.972900390625;;;;;;;;;;;;;;;
91.89404296875;0.030517578125;0.34716796875;1.14892578125;;;;;;;;;;;;;;;
91.89743041992188;-0.096435546875;-0.143798828125;0.92431640625;;;;;;;;;;;;;;;
91.90072631835938;0.00830078125;0.3193359375;1.059326171875;;;;;;;;;;;;;;;
91.90420532226562;-0.319580078125;0.0439453125;0.836669921875;;;;;;;;;;;;;;;
91.90762329101562;0.01025390625;0.09716796875;1.07373046875;;;;;;;;;;;;;;;
91.91094970703125;-0.101318359375;-0.026123046875;1.09326171875;;;;;;;;;;;;;;;
91.91433715820312;0.135009765625;-0.140869140625;1.06787109375;;;;;;;;;;;;;;;
91.91763305664062;-0.191162109375;0.2919921875;0.955810546875;;;;;;;;;;;;;;;
91.9210205078125;-0.179443359375;0.0888671875;0.74755859375;;;;;;;;;;;;;;;
91.92437744140625;0.101806640625;0.28857421875;1.183349609375;;;;;;;;;;;;;;;
91.92776489257812;-0.169921875;-0.132568359375;1.125732421875;;;;;;;;;;;;;;;
91.93112182617188;0.093505859375;-0.08642578125;1.149658203125;;;;;;;;;;;;;;;
91.93453979492188;-0.303955078125;-0.006103515625;0.978515625;;;;;;;;;;;;;;;
91.93795776367188;-0.028076171875;0.26708984375;0.8388671875;;;;;;;;;;;;;;;
91.94137573242188;-0.112548828125;0.323974609375;1.0498046875;;;;;;;;;;;;;;;
91.94476318359375;0.0146484375;-0.17724609375;1.02294921875;;;;;;;;;;;;;;;
91.94808959960938;-0.062744140625;0.20263671875;1.196533203125;;;;;;;;;;;;;;;
91.9515380859375;-0.2880859375;0.026123046875;0.82373046875;;;;;;;;;;;;;;;
91.9549560546875;0.224365234375;0.159912109375;0.908203125;;;;;;;;;;;;;;;
91.9583740234375;-0.05029296875;0.1513671875;1.00390625;;;;;;;;;;;;;;;
91.96182250976562;0.17822265625;-0.214599609375;1.147705078125;;;;;;;;;;;;;;;
91.96527099609375;-0.30712890625;0.21728515625;1.128173828125;;;;;;;;;;;;;;;
91.9686279296875;-0.22509765625;-0.213134765625;0.781005859375;;;;;;;;;;;;;;;
91.97195434570312;-0.113037109375;0.390625;1.01806640625;;;;;;;;;;;;;;;
91.97537231445312;-0.202880859375;-0.001220703125;1.013671875;;;;;;;;;;;;;;;
91.97872924804688;0.139892578125;0.091796875;1.207763671875;;;;;;;;;;;;;;;
91.982177734375;-0.1181640625;-0.02294921875;1.000732421875;;;;;;;;;;;;;;;
91.98556518554688;0.1513671875;0.088623046875;0.8525390625;;;;;;;;;;;;;;;
91.98898315429688;-0.206298828125;0.23974609375;0.94580078125;;;;;;;;;;;;;;;
91.99240112304688;-0.137451171875;-0.193115234375;0.8701171875;;;;;;;;;;;;;;;
91.99588012695312;0.117431640625;0.19482421875;1.291015625;;;;;;;;;;;;;;;
91.99923706054688;-0.162841796875;-0.165771484375;1.025634765625;;;;;;;;;;;;;;;
92.00259399414062;0.156494140625;0.10107421875;1.07470703125;;;;;;;;;;;;;;;
92.00601196289062;-0.117431640625;0.213134765625;0.90234375;;;;;;;;;;;;;;;
92.00930786132812;0.081298828125;0.356201171875;0.994873046875;;;;;;;;;;;;;;;
92.01266479492188;-0.11083984375;0.2080078125;1.084716796875;;;;;;;;;;;;;;;
92.01602172851562;0.0029296875;-0.23876953125;0.964599609375;;;;;;;;;;;;;;;
92.01943969726562;-0.15380859375;0.1357421875;1.099853515625;;;;;;;;;;;;;;;
92.02279663085938;-0.44970703125;-0.0478515625;0.719482421875;;;;;;;;;;;;;;;
92.02630615234375;0.00244140625;0.205322265625;1.1025390625;;;;;;;;;;;;;;;
92.0296630859375;-0.0263671875;0.084716796875;1.030517578125;;;;;;;;;;;;;;;
92.0330810546875;0.28515625;0.150390625;1.151611328125;;;;;;;;;;;;;;;
92.0364990234375;-0.132080078125;0.1611328125;0.9609375;;;;;;;;;;;;;;;
92.03988647460938;-0.085205078125;-0.040771484375;0.82568359375;;;;;;;;;;;;;;;
92.04330444335938;-0.16552734375;0.23095703125;1.077880859375;;;;;;;;;;;;;;;
92.04660034179688;-0.3095703125;-0.251708984375;1.072265625;;;;;;;;;;;;;;;
92.04998779296875;-0.009521484375;0.009033203125;1.20703125;;;;;;;;;;;;;;;
92.05337524414062;-0.148681640625;0.06640625;0.854736328125;;;;;;;;;;;;;;;
92.0567626953125;0.047607421875;0.418701171875;0.8701171875;;;;;;;;;;;;;;;
92.0601806640625;-0.11767578125;0.240966796875;0.977783203125;;;;;;;;;;;;;;;
92.06353759765625;0.1787109375;-0.211669921875;1.11669921875;;;;;;;;;;;;;;;
92.06689453125;-0.065185546875;0.127685546875;1.220458984375;;;;;;;;;;;;;;;
92.07040405273438;-0.26708984375;-0.12109375;0.87841796875;;;;;;;;;;;;;;;
92.07382202148438;-0.06884765625;0.2099609375;0.9931640625;;;;;;;;;;;;;;;
92.07720947265625;-0.1533203125;0.146240234375;0.928466796875;;;;;;;;;;;;;;;
92.08059692382812;0.087890625;0.038818359375;1.145263671875;;;;;;;;;;;;;;;
92.08395385742188;-0.193603515625;0.187255859375;1.11669921875;;;;;;;;;;;;;;;
92.08734130859375;-0.03173828125;-0.076171875;0.8798828125;;;;;;;;;;;;;;;
92.09072875976562;-0.154541015625;0.2978515625;0.951904296875;;;;;;;;;;;;;;;
92.09408569335938;-0.162841796875;-0.12841796875;0.99365234375;;;;;;;;;;;;;;;
92.0975341796875;0.027099609375;0.0947265625;1.258544921875;;;;;;;;;;;;;;;
92.10086059570312;-0.171875;0.016357421875;0.994384765625;;;;;;;;;;;;;;;
92.10418701171875;0.120361328125;0.25927734375;0.88330078125;;;;;;;;;;;;;;;
92.1075439453125;-0.1787109375;0.16552734375;0.866943359375;;;;;;;;;;;;;;;
92.11090087890625;0.06298828125;-0.1123046875;0.9697265625;;;;;;;;;;;;;;;
92.11428833007812;-0.0517578125;0.09326171875;1.261474609375;;;;;;;;;;;;;;;
92.11764526367188;-0.074462890625;-0.153076171875;1.075927734375;;;;;;;;;;;;;;;
92.1209716796875;-0.047119140625;0.177001953125;1.077880859375;;;;;;;;;;;;;;;
92.12435913085938;-0.150146484375;0.107177734375;0.80322265625;;;;;;;;;;;;;;;
92.12774658203125;0.123046875;0.41796875;0.999755859375;;;;;;;;;;;;;;;
92.13116455078125;-0.10986328125;0.16015625;1.02490234375;;;;;;;;;;;;;;;
92.13458251953125;0.07373046875;-0.10302734375;1.07421875;;;;;;;;;;;;;;;
92.137939453125;-0.20361328125;0.02783203125;1.00537109375;;;;;;;;;;;;;;;
92.14132690429688;-0.107421875;-0.0849609375;0.827880859375;;;;;;;;;;;;;;;
92.14474487304688;0.103515625;0.212158203125;1.136962890625;;;;;;;;;;;;;;;
92.14813232421875;-0.027099609375;-0.06298828125;1.035888671875;;;;;;;;;;;;;;;
92.15151977539062;0.049560546875;0.23046875;1.176513671875;;;;;;;;;;;;;;;
92.15487670898438;-0.192138671875;0.153076171875;0.891845703125;;;;;;;;;;;;;;;
92.15838623046875;0.054443359375;0.135986328125;0.87158203125;;;;;;;;;;;;;;;
92.16177368164062;-0.05517578125;0.15478515625;1.00390625;;;;;;;;;;;;;;;
92.16513061523438;-0.200927734375;-0.17529296875;1.01806640625;;;;;;;;;;;;;;;
92.16854858398438;0.1904296875;0.146484375;1.2978515625;;;;;;;;;;;;;;;
92.17196655273438;-0.182373046875;0.021240234375;0.8798828125;;;;;;;;;;;;;;;
92.17535400390625;0.160888671875;0.3720703125;0.8994140625;;;;;;;;;;;;;;;
92.17868041992188;-0.197265625;0.198974609375;0.847412109375;;;;;;;;;;;;;;;
92.18203735351562;0.22119140625;-0.063720703125;1.136474609375;;;;;;;;;;;;;;;
92.18539428710938;-0.012451171875;0.092529296875;1.18798828125;;;;;;;;;;;;;;;
92.18881225585938;-0.073486328125;-0.160400390625;0.89404296875;;;;;;;;;;;;;;;
92.19219970703125;0.0986328125;0.19873046875;1.052490234375;;;;;;;;;;;;;;;
92.19558715820312;-0.18994140625;0.041748046875;0.873046875;;;;;;;;;;;;;;;
92.19903564453125;0.102783203125;0.123779296875;1.21484375;;;;;;;;;;;;;;;
92.20242309570312;-0.215576171875;0.0693359375;1.02880859375;;;;;;;;;;;;;;;
92.20584106445312;0.169921875;0.173828125;0.943115234375;;;;;;;;;;;;;;;
92.20916748046875;-0.10693359375;0.247802734375;0.89990234375;;;;;;;;;;;;;;;
92.2125244140625;0.076171875;0.01171875;0.859130859375;;;;;;;;;;;;;;;
92.21591186523438;0.335693359375;0.094970703125;1.301025390625;;;;;;;;;;;;;;;
92.21932983398438;-0.072509765625;0.09130859375;1.044189453125;;;;;;;;;;;;;;;
92.22265625;-0.03662109375;0.202392578125;1.013427734375;;;;;;;;;;;;;;;
92.22613525390625;-0.3720703125;-0.0107421875;0.742431640625;;;;;;;;;;;;;;;
92.22952270507812;0.166015625;-0.04443359375;0.97119140625;;;;;;;;;;;;;;;
92.23284912109375;-0.037841796875;0.109130859375;1.19189453125;;;;;;;;;;;;;;;
92.23626708984375;-0.0615234375;0.050048828125;1.062744140625;;;;;;;;;;;;;;;
92.23968505859375;-0.0283203125;0.25341796875;1.12353515625;;;;;;;;;;;;;;;
92.24310302734375;-0.213134765625;0.05517578125;0.792236328125;;;;;;;;;;;;;;;
92.2464599609375;0.057373046875;0.214599609375;1.01806640625;;;;;;;;;;;;;;;
92.24990844726562;-0.12353515625;0.016357421875;0.950927734375;;;;;;;;;;;;;;;
92.25326538085938;0.12353515625;0.10546875;1.146484375;;;;;;;;;;;;;;;
92.25668334960938;-0.2529296875;0.0634765625;0.970947265625;;;;;;;;;;;;;;;
92.26007080078125;0.111328125;-0.10546875;0.84765625;;;;;;;;;;;;;;;
92.26345825195312;0.234619140625;0.286376953125;1.150634765625;;;;;;;;;;;;;;;
92.26678466796875;-0.039794921875;-0.05712890625;1.01904296875;;;;;;;;;;;;;;;
92.27032470703125;-0.031005859375;0.344482421875;1.26025390625;;;;;;;;;;;;;;;
92.273681640625;-0.332275390625;-0.05615234375;0.85791015625;;;;;;;;;;;;;;;
92.27706909179688;0.09375;0.31689453125;0.90966796875;;;;;;;;;;;;;;;
92.28048706054688;-0.202880859375;0.126953125;0.880859375;;;;;;;;;;;;;;;
92.283935546875;-0.1376953125;-0.085693359375;1.04248046875;;;;;;;;;;;;;;;
92.28726196289062;0.004638671875;0.106689453125;1.251953125;;;;;;;;;;;;;;;
92.29071044921875;-0.0390625;-0.056396484375;0.934814453125;;;;;;;;;;;;;;;
92.294189453125;0.083984375;0.32373046875;0.982177734375;;;;;;;;;;;;;;;
92.29751586914062;-0.22509765625;0.158935546875;0.799072265625;;;;;;;;;;;;;;;
92.3009033203125;0.082275390625;0.168212890625;1.140869140625;;;;;;;;;;;;;;;
92.3043212890625;-0.1962890625;0.05322265625;1.132080078125;;;;;;;;;;;;;;;
92.30776977539062;0.0205078125;-0.203369140625;0.970703125;;;;;;;;;;;;;;;
92.31118774414062;-0.01513671875;0.16796875;0.976806640625;;;;;;;;;;;;;;;
92.3145751953125;-0.12158203125;0.0224609375;0.881103515625;;;;;;;;;;;;;;;
92.31796264648438;0.03662109375;0.25732421875;1.190673828125;;;;;;;;;;;;;;;
92.32135009765625;-0.073974609375;-0.021240234375;1.015380859375;;;;;;;;;;;;;;;
92.32476806640625;0.049560546875;0.326904296875;1.026611328125;;;;;;;;;;;;;;;
92.32815551757812;-0.314697265625;0.14453125;0.78173828125;;;;;;;;;;;;;;;
92.33151245117188;0.266845703125;0.056884765625;0.865966796875;;;;;;;;;;;;;;;
92.33493041992188;0.1904296875;0.14404296875;1.255126953125;;;;;;;;;;;;;;;
92.33828735351562;-0.001220703125;-0.093017578125;1.094970703125;;;;;;;;;;;;;;;
92.34170532226562;-0.191162109375;0.259033203125;1.082763671875;;;;;;;;;;;;;;;
92.34506225585938;-0.31103515625;-0.204345703125;0.759521484375;;;;;;;;;;;;;;;
92.34848022460938;-0.02294921875;0.222900390625;0.96875;;;;;;;;;;;;;;;
92.351806640625;-0.145263671875;-0.000244140625;1.106689453125;;;;;;;;;;;;;;;
92.35525512695312;0.000244140625;0.140869140625;1.124267578125;;;;;;;;;;;;;;;
92.358642578125;-0.156005859375;0.181884765625;1.095947265625;;;;;;;;;;;;;;;
92.36203002929688;-0.10888671875;-0.022705078125;0.839599609375;;;;;;;;;;;;;;;
92.36544799804688;-0.110107421875;0.15771484375;1.049072265625;;;;;;;;;;;;;;;
92.3687744140625;-0.01953125;-0.1904296875;0.961669921875;;;;;;;;;;;;;;;
92.37222290039062;-0.030517578125;0.2314453125;1.1845703125;;;;;;;;;;;;;;;
92.37564086914062;-0.160888671875;0.033935546875;0.92333984375;;;;;;;;;;;;;;;
92.37899780273438;0.075439453125;0.1025390625;0.954833984375;;;;;;;;;;;;;;;
92.38247680664062;-0.211181640625;0.247314453125;1.0751953125;;;;;;;;;;;;;;;
92.38580322265625;-0.023681640625;-0.095458984375;1.036376953125;;;;;;;;;;;;;;;
92.38922119140625;-0.12646484375;0.21875;1.212158203125;;;;;;;;;;;;;;;
92.39254760742188;0.0;-0.30126953125;0.86474609375;;;;;;;;;;;;;;;
92.39596557617188;0.036376953125;0.403076171875;0.9794921875;;;;;;;;;;;;;;;
92.39935302734375;-0.36181640625;0.107421875;0.781494140625;;;;;;;;;;;;;;;
92.40277099609375;-0.052734375;0.211669921875;1.064697265625;;;;;;;;;;;;;;;
92.40609741210938;-0.02734375;0.0546875;1.188720703125;;;;;;;;;;;;;;;
92.40948486328125;0.023193359375;-0.142822265625;1.01318359375;;;;;;;;;;;;;;;
92.412841796875;-0.00146484375;0.122802734375;1.0068359375;;;;;;;;;;;;;;;
92.41619873046875;-0.14599609375;-0.154296875;0.813720703125;;;;;;;;;;;;;;;
92.419677734375;-0.019287109375;0.257080078125;1.12548828125;;;;;;;;;;;;;;;
92.42306518554688;-0.0478515625;0.013916015625;1.080810546875;;;;;;;;;;;;;;;
92.42645263671875;0.065673828125;0.015625;1.12060546875;;;;;;;;;;;;;;;
92.4298095703125;-0.29833984375;0.15478515625;0.879638671875;;;;;;;;;;;;;;;
92.43313598632812;-0.162353515625;0.01171875;0.888916015625;;;;;;;;;;;;;;;
92.4365234375;-0.05078125;0.103759765625;1.133544921875;;;;;;;;;;;;;;;
92.43988037109375;0.18408203125;-0.235107421875;1.0673828125;;;;;;;;;;;;;;;
92.443359375;0.155517578125;0.442138671875;1.11474609375;;;;;;;;;;;;;;;
92.44680786132812;-0.298828125;0.171875;0.778564453125;;;;;;;;;;;;;;;
92.45010375976562;0.07666015625;0.26220703125;1.08984375;;;;;;;;;;;;;;;
92.4534912109375;-0.10595703125;0.014892578125;1.191650390625;;;;;;;;;;;;;;;
92.45684814453125;-0.108642578125;-0.205322265625;1.095458984375;;;;;;;;;;;;;;;
92.46017456054688;-0.154052734375;0.02783203125;1.127685546875;;;;;;;;;;;;;;;
92.46365356445312;-0.153076171875;-0.1357421875;0.755859375;;;;;;;;;;;;;;;
92.467041015625;0.03173828125;0.46044921875;1.034423828125;;;;;;;;;;;;;;;
92.47036743164062;-0.4765625;0.066650390625;1.0595703125;;;;;;;;;;;;;;;
92.4737548828125;0.076904296875;0.20068359375;1.1904296875;;;;;;;;;;;;;;;
92.47714233398438;-0.128173828125;0.07421875;1.123291015625;;;;;;;;;;;;;;;
92.48052978515625;-0.06494140625;-0.105712890625;0.811767578125;;;;;;;;;;;;;;;
92.48388671875;-0.03955078125;0.115234375;1.02197265625;;;;;;;;;;;;;;;
92.48727416992188;-0.031005859375;-0.267333984375;0.963623046875;;;;;;;;;;;;;;;
92.49072265625;-0.021728515625;0.37744140625;1.21923828125;;;;;;;;;;;;;;;
92.49411010742188;-0.1689453125;-0.091064453125;0.89013671875;;;;;;;;;;;;;;;
92.49752807617188;0.17236328125;0.295166015625;1.07421875;;;;;;;;;;;;;;;
92.50091552734375;-0.489013671875;0.16015625;1.0595703125;;;;;;;;;;;;;;;
92.5042724609375;-0.2294921875;-0.00146484375;1.0341796875;;;;;;;;;;;;;;;
92.5076904296875;-0.08984375;-0.0712890625;1.15234375;;;;;;;;;;;;;;;
92.51101684570312;0.18017578125;-0.3115234375;0.8720703125;;;;;;;;;;;;;;;
92.51443481445312;0.1298828125;0.348876953125;1.005126953125;;;;;;;;;;;;;;;
92.51788330078125;-0.29541015625;0.142578125;0.7744140625;;;;;;;;;;;;;;;
92.52133178710938;0.068603515625;0.3828125;1.111328125;;;;;;;;;;;;;;;
92.524658203125;0.07177734375;-0.021484375;1.196533203125;;;;;;;;;;;;;;;
92.52804565429688;-0.081787109375;-0.058837890625;1.08935546875;;;;;;;;;;;;;;;
92.53143310546875;-0.0888671875;-0.09765625;0.99365234375;;;;;;;;;;;;;;;
92.53482055664062;-0.072998046875;0.02197265625;0.8251953125;;;;;;;;;;;;;;;
92.53823852539062;-0.069580078125;0.2763671875;1.0986328125;;;;;;;;;;;;;;;
92.54159545898438;-0.183349609375;-0.080810546875;1.0107421875;;;;;;;;;;;;;;;
92.54501342773438;0.1240234375;0.281494140625;1.205078125;;;;;;;;;;;;;;;
92.54849243164062;-0.187744140625;0.156494140625;0.89013671875;;;;;;;;;;;;;;;
92.5518798828125;-0.041748046875;0.17236328125;0.870361328125;;;;;;;;;;;;;;;
92.55532836914062;0.053466796875;0.024169921875;1.100341796875;;;;;;;;;;;;;;;
92.5587158203125;0.072998046875;-0.318603515625;1.08056640625;;;;;;;;;;;;;;;
92.56207275390625;-0.01123046875;0.258056640625;1.1181640625;;;;;;;;;;;;;;;
92.56552124023438;-0.1875;0.069091796875;0.772216796875;;;;;;;;;;;;;;;
92.56887817382812;-0.011962890625;0.3212890625;1.052490234375;;;;;;;;;;;;;;;
92.57229614257812;-0.14892578125;0.076904296875;1.065673828125;;;;;;;;;;;;;;;
92.57571411132812;0.046875;-0.11474609375;1.134521484375;;;;;;;;;;;;;;;
92.57904052734375;-0.0234375;0.004638671875;1.091796875;;;;;;;;;;;;;;;
92.58242797851562;-0.06689453125;-0.093017578125;0.824462890625;;;;;;;;;;;;;;;
92.58578491210938;-0.014892578125;0.409912109375;0.9404296875;;;;;;;;;;;;;;;
92.5892333984375;-0.075927734375;-0.00244140625;0.9306640625;;;;;;;;;;;;;;;
92.59262084960938;0.168212890625;0.23046875;1.276611328125;;;;;;;;;;;;;;;
92.59600830078125;-0.17626953125;0.08984375;1.06689453125;;;;;;;;;;;;;;;
92.59933471679688;0.091552734375;-0.006591796875;0.873779296875;;;;;;;;;;;;;;;
92.60272216796875;-0.144775390625;0.0869140625;0.940185546875;;;;;;;;;;;;;;;
92.60604858398438;0.082763671875;-0.358154296875;0.9580078125;;;;;;;;;;;;;;;
92.6094970703125;0.007080078125;0.339599609375;1.195556640625;;;;;;;;;;;;;;;
92.61288452148438;-0.07568359375;-0.1865234375;0.93896484375;;;;;;;;;;;;;;;
92.61627197265625;-0.0078125;0.363525390625;1.088134765625;;;;;;;;;;;;;;;
92.61972045898438;-0.33154296875;0.062255859375;0.945556640625;;;;;;;;;;;;;;;
92.623046875;0.007568359375;0.103515625;1.0537109375;;;;;;;;;;;;;;;
92.62649536132812;-0.065185546875;-0.011474609375;1.0927734375;;;;;;;;;;;;;;;
92.62979125976562;0.15283203125;-0.205322265625;0.9912109375;;;;;;;;;;;;;;;
92.63314819335938;-0.172119140625;0.31005859375;0.97705078125;;;;;;;;;;;;;;;
92.6365966796875;-0.072998046875;-0.013671875;0.759765625;;;;;;;;;;;;;;;
92.6400146484375;-0.075927734375;0.401611328125;1.189697265625;;;;;;;;;;;;;;;
92.6434326171875;-0.156982421875;-0.18603515625;1.109130859375;;;;;;;;;;;;;;;
92.64682006835938;0.027099609375;-0.036865234375;1.202392578125;;;;;;;;;;;;;;;
92.650146484375;-0.276123046875;0.0107421875;0.95654296875;;;;;;;;;;;;;;;
92.65353393554688;0.0126953125;0.211669921875;0.83056640625;;;;;;;;;;;;;;;
92.65695190429688;-0.123046875;0.32275390625;1.033935546875;;;;;;;;;;;;;;;
92.66030883789062;0.093017578125;-0.236083984375;1.010498046875;;;;;;;;;;;;;;;
92.66366577148438;-0.102783203125;0.304443359375;1.226318359375;;;;;;;;;;;;;;;
92.6669921875;-0.228759765625;0.03857421875;0.867919921875;;;;;;;;;;;;;;;
92.67037963867188;-0.05078125;0.203857421875;0.934814453125;;;;;;;;;;;;;;;
92.67376708984375;-0.108154296875;0.167236328125;0.971435546875;;;;;;;;;;;;;;;
92.6771240234375;0.17236328125;-0.21875;1.136962890625;;;;;;;;;;;;;;;
92.68051147460938;-0.175537109375;0.28759765625;1.146240234375;;;;;;;;;;;;;;;
92.68386840820312;-0.10400390625;-0.22021484375;0.822998046875;;;;;;;;;;;;;;;
92.68722534179688;-0.21923828125;0.41796875;1.003662109375;;;;;;;;;;;;;;;
92.69058227539062;-0.339111328125;-0.094482421875;0.97607421875;;;;;;;;;;;;;;;
92.69387817382812;0.107421875;-0.003662109375;1.209716796875;;;;;;;;;;;;;;;
92.69720458984375;-0.11865234375;0.095458984375;1.015869140625;;;;;;;;;;;;;;;
92.70065307617188;0.085205078125;0.156982421875;0.8876953125;;;;;;;;;;;;;;;
92.70401000976562;-0.235107421875;0.430908203125;0.916259765625;;;;;;;;;;;;;;;
92.70733642578125;-0.05615234375;-0.23095703125;0.9189453125;;;;;;;;;;;;;;;
92.710693359375;-0.050048828125;0.20068359375;1.2919921875;;;;;;;;;;;;;;;
92.71401977539062;-0.2548828125;-0.1650390625;1.03466796875;;;;;;;;;;;;;;;
92.71743774414062;0.10546875;0.145263671875;0.9169921875;;;;;;;;;;;;;;;
92.72085571289062;-0.1572265625;0.250732421875;0.8662109375;;;;;;;;;;;;;;;
92.72430419921875;0.10888671875;0.0390625;0.9736328125;;;;;;;;;;;;;;;
92.72775268554688;-0.1845703125;0.257568359375;1.21533203125;;;;;;;;;;;;;;;
92.73110961914062;-0.0400390625;-0.301025390625;1.01904296875;;;;;;;;;;;;;;;
92.7344970703125;-0.181884765625;0.327880859375;1.06396484375;;;;;;;;;;;;;;;
92.73794555664062;-0.319580078125;-0.212158203125;0.835205078125;;;;;;;;;;;;;;;
92.74142456054688;0.16650390625;0.283935546875;1.09619140625;;;;;;;;;;;;;;;
92.7447509765625;-0.044921875;-0.051513671875;1.017333984375;;;;;;;;;;;;;;;
92.74810791015625;0.224609375;0.253173828125;1.040283203125;;;;;;;;;;;;;;;
92.75146484375;-0.2197265625;0.114013671875;0.978271484375;;;;;;;;;;;;;;;
92.75497436523438;-0.043701171875;-0.107421875;0.805419921875;;;;;;;;;;;;;;;
92.75836181640625;-0.109619140625;0.22998046875;1.202392578125;;;;;;;;;;;;;;;
92.76171875;-0.458740234375;-0.2626953125;1.001708984375;;;;;;;;;;;;;;;
92.76513671875;0.199462890625;0.05810546875;1.259765625;;;;;;;;;;;;;;;
92.76846313476562;-0.140380859375;0.031005859375;0.89892578125;;;;;;;;;;;;;;;
92.77182006835938;0.1982421875;0.411865234375;0.8740234375;;;;;;;;;;;;;;;
92.77529907226562;-0.189208984375;0.203369140625;0.91357421875;;;;;;;;;;;;;;;
92.77862548828125;0.1669921875;-0.172607421875;1.0498046875;;;;;;;;;;;;;;;
92.78204345703125;-0.137939453125;0.179443359375;1.213623046875;;;;;;;;;;;;;;;
92.78543090820312;-0.332763671875;-0.108642578125;0.876708984375;;;;;;;;;;;;;;;
92.788818359375;0.003173828125;0.181396484375;0.997802734375;;;;;;;;;;;;;;;
92.79220581054688;-0.228759765625;0.109130859375;0.886962890625;;;;;;;;;;;;;;;
92.795654296875;0.206787109375;0.01708984375;1.157470703125;;;;;;;;;;;;;;;
92.79904174804688;-0.142822265625;0.152587890625;1.0986328125;;;;;;;;;;;;;;;
92.80239868164062;0.136962890625;0.04345703125;0.930908203125;;;;;;;;;;;;;;;
92.80575561523438;-0.2333984375;0.364013671875;0.947021484375;;;;;;;;;;;;;;;
92.80914306640625;-0.319580078125;-0.109130859375;0.9345703125;;;;;;;;;;;;;;;
92.8125;-0.000244140625;0.077880859375;1.25390625;;;;;;;;;;;;;;;
92.81588745117188;-0.074462890625;-0.07080078125;1.019287109375;;;;;;;;;;;;;;;
92.81927490234375;0.103271484375;0.281005859375;0.934326171875;;;;;;;;;;;;;;;
92.82260131835938;-0.18408203125;0.13330078125;0.82958984375;;;;;;;;;;;;;;;
92.825927734375;0.11181640625;-0.07861328125;0.96728515625;;;;;;;;;;;;;;;
92.82928466796875;0.012939453125;0.16064453125;1.250244140625;;;;;;;;;;;;;;;
92.83267211914062;-0.0625;-0.105712890625;1.08837890625;;;;;;;;;;;;;;;
92.8360595703125;-0.166259765625;0.162353515625;1.124755859375;;;;;;;;;;;;;;;
92.83944702148438;-0.163818359375;-0.005859375;0.82861328125;;;;;;;;;;;;;;;
92.84283447265625;0.007568359375;0.215087890625;1.003662109375;;;;;;;;;;;;;;;
92.84622192382812;-0.125244140625;0.12353515625;1.001708984375;;;;;;;;;;;;;;;
92.849609375;0.033203125;-0.0078125;1.0927734375;;;;;;;;;;;;;;;
92.85296630859375;-0.236572265625;0.217529296875;1.032470703125;;;;;;;;;;;;;;;
92.85638427734375;-0.0615234375;-0.150390625;0.83447265625;;;;;;;;;;;;;;;
92.85971069335938;0.12548828125;0.2587890625;1.12890625;;;;;;;;;;;;;;;
92.86306762695312;0.04638671875;-0.0029296875;1.039306640625;;;;;;;;;;;;;;;
92.86648559570312;-0.10595703125;0.382080078125;1.10595703125;;;;;;;;;;;;;;;
92.86990356445312;-0.153076171875;0.041259765625;0.894775390625;;;;;;;;;;;;;;;
92.87322998046875;-0.0087890625;-0.055908203125;0.918701171875;;;;;;;;;;;;;;;
92.8765869140625;-0.20751953125;0.114501953125;1.13232421875;;;;;;;;;;;;;;;
92.87994384765625;-0.10791015625;-0.1904296875;1.052001953125;;;;;;;;;;;;;;;
92.88333129882812;-0.023681640625;0.08447265625;1.25439453125;;;;;;;;;;;;;;;
92.88668823242188;0.053466796875;0.05615234375;0.85302734375;;;;;;;;;;;;;;;
92.89013671875;0.1806640625;0.429443359375;0.9482421875;;;;;;;;;;;;;;;
92.89361572265625;-0.20263671875;0.2705078125;0.841552734375;;;;;;;;;;;;;;;
92.89697265625;-0.016357421875;-0.143310546875;1.072265625;;;;;;;;;;;;;;;
92.90036010742188;-0.1318359375;0.01220703125;1.174560546875;;;;;;;;;;;;;;;
92.90371704101562;0.001220703125;-0.295654296875;0.9501953125;;;;;;;;;;;;;;;
92.90707397460938;-0.07666015625;0.2421875;1.047607421875;;;;;;;;;;;;;;;
92.91049194335938;-0.1357421875;0.05859375;0.876708984375;;;;;;;;;;;;;;;
92.91378784179688;0.10546875;0.286376953125;1.195068359375;;;;;;;;;;;;;;;
92.9171142578125;-0.088623046875;0.08935546875;1.03564453125;;;;;;;;;;;;;;;
92.9205322265625;0.17138671875;0.119384765625;1.0;;;;;;;;;;;;;;;
92.92388916015625;-0.139404296875;0.117431640625;0.87890625;;;;;;;;;;;;;;;
92.92730712890625;0.135498046875;-0.034423828125;0.851806640625;;;;;;;;;;;;;;;
92.9306640625;0.342529296875;0.194091796875;1.33154296875;;;;;;;;;;;;;;;
92.93405151367188;-0.210693359375;0.038818359375;1.04052734375;;;;;;;;;;;;;;;
92.93743896484375;-0.051513671875;0.2548828125;1.041259765625;;;;;;;;;;;;;;;
92.94082641601562;-0.173828125;-0.09521484375;0.748046875;;;;;;;;;;;;;;;
92.9442138671875;0.18798828125;0.05224609375;1.01513671875;;;;;;;;;;;;;;;
92.94766235351562;0.172119140625;0.042236328125;1.2197265625;;;;;;;;;;;;;;;
92.9510498046875;-0.164794921875;0.07666015625;1.04443359375;;;;;;;;;;;;;;;
92.95437622070312;0.10888671875;0.184814453125;1.175537109375;;;;;;;;;;;;;;;
92.95779418945312;-0.288818359375;-0.094970703125;0.785400390625;;;;;;;;;;;;;;;
92.961181640625;0.16845703125;0.28076171875;1.028564453125;;;;;;;;;;;;;;;
92.96466064453125;-0.08837890625;-0.0703125;0.94580078125;;;;;;;;;;;;;;;
92.96804809570312;0.138671875;0.234130859375;1.16943359375;;;;;;;;;;;;;;;
92.97140502929688;-0.19189453125;0.08984375;0.9541015625;;;;;;;;;;;;;;;
92.974853515625;0.171630859375;0.05322265625;0.90771484375;;;;;;;;;;;;;;;
92.9781494140625;0.326904296875;0.17138671875;1.171630859375;;;;;;;;;;;;;;;
92.98150634765625;-0.14697265625;0.03125;1.019775390625;;;;;;;;;;;;;;;
92.98489379882812;-0.1162109375;0.17236328125;1.23681640625;;;;;;;;;;;;;;;
92.98828125;-0.41259765625;-0.1123046875;0.81689453125;;;;;;;;;;;;;;;
92.99163818359375;0.180908203125;0.045654296875;0.947265625;;;;;;;;;;;;;;;
92.99502563476562;-0.1728515625;0.159423828125;0.834228515625;;;;;;;;;;;;;;;
92.9984130859375;0.04541015625;0.068115234375;0.993896484375;;;;;;;;;;;;;;;
93.00177001953125;0.337646484375;0.113525390625;1.317626953125;;;;;;;;;;;;;;;
93.00509643554688;-0.2451171875;-0.034912109375;0.888427734375;;;;;;;;;;;;;;;
93.00845336914062;0.09521484375;0.2294921875;0.995361328125;;;;;;;;;;;;;;;
93.0118408203125;-0.330810546875;0.193359375;0.779296875;;;;;;;;;;;;;;;
93.01519775390625;0.11328125;0.178955078125;1.101318359375;;;;;;;;;;;;;;;
93.0186767578125;-0.13720703125;-0.00830078125;1.13330078125;;;;;;;;;;;;;;;
93.02203369140625;0.085693359375;-0.243896484375;1.0185546875;;;;;;;;;;;;;;;
93.025390625;0.01953125;0.182373046875;1.05224609375;;;;;;;;;;;;;;;
93.02886962890625;-0.14697265625;0.16259765625;0.82470703125;;;;;;;;;;;;;;;
93.03231811523438;0.048828125;0.3564453125;1.19580078125;;;;;;;;;;;;;;;
93.03567504882812;-0.07177734375;-0.058349609375;0.99169921875;;;;;;;;;;;;;;;
93.0390625;0.1513671875;0.315673828125;1.0654296875;;;;;;;;;;;;;;;
93.04241943359375;-0.344970703125;0.0634765625;0.783447265625;;;;;;;;;;;;;;;
93.04586791992188;0.294677734375;0.10205078125;0.85009765625;;;;;;;;;;;;;;;
93.04922485351562;0.333984375;0.209716796875;1.278076171875;;;;;;;;;;;;;;;
93.05252075195312;-0.127685546875;-0.021484375;1.044189453125;;;;;;;;;;;;;;;
93.055908203125;-0.205078125;0.23583984375;1.136962890625;;;;;;;;;;;;;;;
93.05929565429688;-0.341796875;-0.2177734375;0.72802734375;;;;;;;;;;;;;;;
93.06277465820312;0.019287109375;0.369873046875;0.9833984375;;;;;;;;;;;;;;;
93.06619262695312;-0.188720703125;-0.026123046875;1.080810546875;;;;;;;;;;;;;;;
93.06951904296875;0.038330078125;0.1689453125;1.17333984375;;;;;;;;;;;;;;;
93.07293701171875;-0.158203125;0.1025390625;1.079833984375;;;;;;;;;;;;;;;
93.07638549804688;-0.1220703125;-0.015625;0.807373046875;;;;;;;;;;;;;;;
93.07974243164062;-0.09423828125;0.214111328125;1.027587890625;;;;;;;;;;;;;;;
93.08309936523438;-0.0654296875;-0.13037109375;0.92138671875;;;;;;;;;;;;;;;
93.08651733398438;0.00830078125;0.31005859375;1.204345703125;;;;;;;;;;;;;;;
93.08984375;-0.267578125;-0.09130859375;0.905029296875;;;;;;;;;;;;;;;
93.09317016601562;0.19873046875;0.06201171875;1.004638671875;;;;;;;;;;;;;;;
93.09658813476562;-0.089599609375;0.227294921875;1.050048828125;;;;;;;;;;;;;;;
93.09994506835938;-0.077880859375;-0.01513671875;1.00341796875;;;;;;;;;;;;;;;
93.10336303710938;-0.052734375;0.145263671875;1.20361328125;;;;;;;;;;;;;;;
93.10675048828125;-0.2021484375;-0.33642578125;0.88330078125;;;;;;;;;;;;;;;
93.11026000976562;0.029541015625;0.220703125;0.9814453125;;;;;;;;;;;;;;;
93.11358642578125;-0.233154296875;0.099853515625;0.74951171875;;;;;;;;;;;;;;;
93.11703491210938;0.084228515625;0.305908203125;1.090087890625;;;;;;;;;;;;;;;
93.12039184570312;-0.060791015625;0.1787109375;1.1943359375;;;;;;;;;;;;;;;
93.12371826171875;0.03662109375;-0.123046875;1.04931640625;;;;;;;;;;;;;;;
93.12710571289062;-0.064208984375;0.09228515625;1.009765625;;;;;;;;;;;;;;;
93.1304931640625;-0.1611328125;-0.04833984375;0.780517578125;;;;;;;;;;;;;;;
93.13388061523438;-0.02587890625;0.316650390625;1.169921875;;;;;;;;;;;;;;;
93.13735961914062;-0.090087890625;-0.0673828125;1.038818359375;;;;;;;;;;;;;;;
93.14068603515625;0.117431640625;0.07958984375;1.1396484375;;;;;;;;;;;;;;;
93.14404296875;-0.22705078125;0.138427734375;0.98681640625;;;;;;;;;;;;;;;
93.14739990234375;-0.11962890625;0.091552734375;0.84423828125;;;;;;;;;;;;;;;
93.15081787109375;-0.036865234375;0.243896484375;1.1337890625;;;;;;;;;;;;;;;
93.15420532226562;0.108154296875;-0.302978515625;0.979248046875;;;;;;;;;;;;;;;
93.15756225585938;0.027099609375;0.35888671875;1.136962890625;;;;;;;;;;;;;;;
93.1610107421875;-0.203857421875;-0.03955078125;0.750732421875;;;;;;;;;;;;;;;
93.16439819335938;0.0615234375;0.373291015625;0.9658203125;;;;;;;;;;;;;;;
93.16778564453125;-0.015380859375;0.05126953125;1.160888671875;;;;;;;;;;;;;;;
93.171142578125;-0.147216796875;-0.10205078125;1.104736328125;;;;;;;;;;;;;;;
93.17453002929688;-0.235595703125;0.12841796875;1.174560546875;;;;;;;;;;;;;;;
93.17794799804688;-0.14892578125;-0.206298828125;0.759765625;;;;;;;;;;;;;;;
93.18136596679688;-0.0869140625;0.50048828125;1.015625;;;;;;;;;;;;;;;
93.1846923828125;-0.324951171875;-0.120361328125;1.002685546875;;;;;;;;;;;;;;;
93.18801879882812;0.08349609375;0.308349609375;1.2578125;;;;;;;;;;;;;;;
93.19140625;-0.2744140625;0.00732421875;1.1005859375;;;;;;;;;;;;;;;
93.19479370117188;-0.039306640625;-0.0302734375;0.7998046875;;;;;;;;;;;;;;;
93.19821166992188;-0.0888671875;0.183837890625;1.012451171875;;;;;;;;;;;;;;;
93.20159912109375;0.0185546875;-0.208740234375;0.954345703125;;;;;;;;;;;;;;;
93.20498657226562;-0.14453125;0.423583984375;1.224609375;;;;;;;;;;;;;;;
93.2083740234375;-0.158447265625;-0.2734375;0.953857421875;;;;;;;;;;;;;;;
93.21182250976562;-0.011962890625;0.305908203125;1.062255859375;;;;;;;;;;;;;;;
93.21517944335938;-0.14697265625;0.0;1.022216796875;;;;;;;;;;;;;;;
93.21856689453125;-0.214599609375;0.11279296875;1.01220703125;;;;;;;;;;;;;;;
93.2220458984375;-0.08642578125;0.0146484375;1.150390625;;;;;;;;;;;;;;;
93.2254638671875;-0.06787109375;-0.1923828125;0.919677734375;;;;;;;;;;;;;;;
93.2288818359375;-0.052734375;0.286865234375;1.027587890625;;;;;;;;;;;;;;;
93.23223876953125;-0.342529296875;-0.046630859375;0.75390625;;;;;;;;;;;;;;;
93.23562622070312;0.11962890625;0.39990234375;1.134765625;;;;;;;;;;;;;;;
93.239013671875;-0.022705078125;-0.12548828125;1.19091796875;;;;;;;;;;;;;;;
93.24237060546875;-0.129638671875;-0.013916015625;1.126220703125;;;;;;;;;;;;;;;
93.24578857421875;-0.167236328125;-0.110595703125;1.018310546875;;;;;;;;;;;;;;;
93.24923706054688;-0.04150390625;-0.2060546875;0.811279296875;;;;;;;;;;;;;;;
93.2525634765625;-0.090087890625;0.3115234375;1.062744140625;;;;;;;;;;;;;;;
93.25601196289062;-0.074462890625;-0.226318359375;1.035400390625;;;;;;;;;;;;;;;
93.2593994140625;-0.008056640625;0.32373046875;1.2099609375;;;;;;;;;;;;;;;
93.2628173828125;-0.2314453125;0.1279296875;0.896728515625;;;;;;;;;;;;;;;
93.26620483398438;-0.120849609375;0.14306640625;0.9091796875;;;;;;;;;;;;;;;
93.2696533203125;-0.1181640625;-0.051513671875;1.028076171875;;;;;;;;;;;;;;;
93.27301025390625;0.20166015625;-0.367919921875;1.025146484375;;;;;;;;;;;;;;;
93.2764892578125;-0.062255859375;0.2568359375;1.150634765625;;;;;;;;;;;;;;;
93.27987670898438;-0.116455078125;-0.1044921875;0.81787109375;;;;;;;;;;;;;;;
93.283203125;-0.126220703125;0.471923828125;1.034912109375;;;;;;;;;;;;;;;
93.28656005859375;-0.201171875;0.05419921875;1.00048828125;;;;;;;;;;;;;;;
93.2899169921875;0.092041015625;0.024169921875;1.2080078125;;;;;;;;;;;;;;;
93.29336547851562;-0.197998046875;-0.08740234375;1.165771484375;;;;;;;;;;;;;;;
93.2967529296875;-0.02392578125;-0.006103515625;0.832275390625;;;;;;;;;;;;;;;
93.30014038085938;-0.113525390625;0.34375;0.92724609375;;;;;;;;;;;;;;;
93.30352783203125;0.0302734375;-0.15869140625;0.903076171875;;;;;;;;;;;;;;;
93.3070068359375;0.123046875;0.281982421875;1.283935546875;;;;;;;;;;;;;;;
93.3104248046875;-0.196533203125;0.05517578125;1.044189453125;;;;;;;;;;;;;;;
93.31387329101562;0.102783203125;0.102294921875;0.900390625;;;;;;;;;;;;;;;
93.31729125976562;-0.1328125;0.0859375;0.927734375;;;;;;;;;;;;;;;
93.32077026367188;0.078369140625;-0.21044921875;0.947265625;;;;;;;;;;;;;;;
93.32418823242188;0.044189453125;0.187255859375;1.189208984375;;;;;;;;;;;;;;;
93.32763671875;-0.011962890625;-0.243408203125;0.984130859375;;;;;;;;;;;;;;;
93.33102416992188;-0.041259765625;0.300048828125;1.065185546875;;;;;;;;;;;;;;;
93.33438110351562;-0.2451171875;0.01513671875;0.865966796875;;;;;;;;;;;;;;;
93.33773803710938;0.12353515625;0.212646484375;1.083740234375;;;;;;;;;;;;;;;
93.341064453125;-0.025634765625;-0.009765625;1.083984375;;;;;;;;;;;;;;;
93.344482421875;0.0595703125;-0.064453125;1.04150390625;;;;;;;;;;;;;;;
93.34783935546875;-0.14306640625;0.1953125;0.9345703125;;;;;;;;;;;;;;;
93.35116577148438;-0.011962890625;-0.042724609375;0.80078125;;;;;;;;;;;;;;;
93.35458374023438;0.15625;0.3212890625;1.199951171875;;;;;;;;;;;;;;;
93.35806274414062;-0.19775390625;-0.271728515625;1.064697265625;;;;;;;;;;;;;;;
93.36148071289062;0.0810546875;-0.075439453125;1.257568359375;;;;;;;;;;;;;;;
93.3648681640625;-0.253173828125;0.06201171875;0.917236328125;;;;;;;;;;;;;;;
93.36822509765625;0.083740234375;0.3271484375;0.863525390625;;;;;;;;;;;;;;;
93.3717041015625;-0.1044921875;0.31640625;0.95654296875;;;;;;;;;;;;;;;
93.37506103515625;-0.031494140625;-0.20166015625;1.01611328125;;;;;;;;;;;;;;;
93.37841796875;-0.07275390625;0.405029296875;1.239990234375;;;;;;;;;;;;;;;
93.3818359375;-0.2197265625;-0.10546875;0.90478515625;;;;;;;;;;;;;;;
93.38528442382812;0.0419921875;0.1376953125;0.9541015625;;;;;;;;;;;;;;;
93.38864135742188;-0.1630859375;0.076416015625;0.91796875;;;;;;;;;;;;;;;
93.3919677734375;0.196533203125;-0.129638671875;1.16357421875;;;;;;;;;;;;;;;
93.39544677734375;-0.1982421875;0.250732421875;1.11328125;;;;;;;;;;;;;;;
93.39877319335938;-0.006103515625;-0.201416015625;0.9130859375;;;;;;;;;;;;;;;
93.40216064453125;-0.26513671875;0.370361328125;0.9384765625;;;;;;;;;;;;;;;
93.40560913085938;-0.40576171875;-0.112548828125;0.91748046875;;;;;;;;;;;;;;;
93.40896606445312;0.241943359375;0.03857421875;1.24267578125;;;;;;;;;;;;;;;
93.41238403320312;-0.106201171875;0.055419921875;1.10498046875;;;;;;;;;;;;;;;
93.41574096679688;0.18310546875;0.1416015625;0.902587890625;;;;;;;;;;;;;;;
93.41909790039062;-0.250732421875;0.333984375;0.867431640625;;;;;;;;;;;;;;;
93.42254638671875;0.006103515625;-0.163818359375;0.890380859375;;;;;;;;;;;;;;;
93.4259033203125;0.002197265625;0.15625;1.2783203125;;;;;;;;;;;;;;;
93.42926025390625;-0.192138671875;-0.152099609375;1.063720703125;;;;;;;;;;;;;;;
93.43264770507812;0.08203125;0.168212890625;0.958251953125;;;;;;;;;;;;;;;
93.43606567382812;-0.212890625;0.1591796875;0.823974609375;;;;;;;;;;;;;;;
93.439453125;0.145263671875;0.05078125;0.99072265625;;;;;;;;;;;;;;;
93.44277954101562;-0.127685546875;0.20849609375;1.146484375;;;;;;;;;;;;;;;
93.44613647460938;0.066162109375;-0.219970703125;1.075439453125;;;;;;;;;;;;;;;
93.44949340820312;-0.253173828125;0.2802734375;1.014892578125;;;;;;;;;;;;;;;
93.45285034179688;-0.049072265625;-0.163818359375;0.7705078125;;;;;;;;;;;;;;;
93.45620727539062;0.29833984375;0.309814453125;1.128173828125;;;;;;;;;;;;;;;
93.4595947265625;-0.021484375;0.062744140625;0.99365234375;;;;;;;;;;;;;;;
93.46292114257812;0.182373046875;0.295654296875;1.115234375;;;;;;;;;;;;;;;
93.46636962890625;-0.3369140625;0.047119140625;0.917724609375;;;;;;;;;;;;;;;
93.4697265625;0.052978515625;-0.137939453125;0.81689453125;;;;;;;;;;;;;;;
93.4732666015625;-0.0078125;0.123046875;1.135986328125;;;;;;;;;;;;;;;
93.4766845703125;-0.279541015625;-0.146484375;0.982177734375;;;;;;;;;;;;;;;
93.48004150390625;0.2724609375;0.12939453125;1.311279296875;;;;;;;;;;;;;;;
93.48355102539062;-0.250732421875;0.072998046875;0.8798828125;;;;;;;;;;;;;;;
93.48696899414062;0.2158203125;0.432373046875;0.923095703125;;;;;;;;;;;;;;;
93.49032592773438;-0.2421875;0.236083984375;0.827392578125;;;;;;;;;;;;;;;
93.49365234375;0.075439453125;-0.054443359375;1.043701171875;;;;;;;;;;;;;;;
93.4970703125;-0.126708984375;0.0146484375;1.181884765625;;;;;;;;;;;;;;;
93.50039672851562;-0.11474609375;-0.2890625;0.943603515625;;;;;;;;;;;;;;;
93.50387573242188;0.00390625;0.1005859375;1.02587890625;;;;;;;;;;;;;;;
93.5072021484375;-0.154296875;0.048828125;0.836669921875;;;;;;;;;;;;;;;
93.51052856445312;0.15185546875;0.251220703125;1.214599609375;;;;;;;;;;;;;;;
93.51397705078125;-0.23681640625;0.19482421875;1.039306640625;;;;;;;;;;;;;;;
93.517333984375;0.135986328125;-0.122314453125;0.988525390625;;;;;;;;;;;;;;;
93.52069091796875;-0.234130859375;0.201904296875;0.863525390625;;;;;;;;;;;;;;;
93.5240478515625;-0.212890625;-0.159423828125;0.887939453125;;;;;;;;;;;;;;;
93.52734375;0.09521484375;-0.00927734375;1.258056640625;;;;;;;;;;;;;;;
93.53076171875;0.05224609375;0.051025390625;0.99169921875;;;;;;;;;;;;;;;
93.53408813476562;0.1904296875;0.389404296875;1.026123046875;;;;;;;;;;;;;;;
93.53750610351562;-0.294677734375;0.262451171875;0.766845703125;;;;;;;;;;;;;;;
93.5408935546875;0.056884765625;0.05419921875;0.935791015625;;;;;;;;;;;;;;;
93.54428100585938;-0.112548828125;0.025146484375;1.16357421875;;;;;;;;;;;;;;;
93.54763793945312;0.108154296875;-0.254638671875;1.12060546875;;;;;;;;;;;;;;;
93.55108642578125;-0.172607421875;0.157470703125;1.10986328125;;;;;;;;;;;;;;;
93.554443359375;-0.169677734375;-0.00048828125;0.768310546875;;;;;;;;;;;;;;;
93.55780029296875;-0.01025390625;0.37158203125;1.0341796875;;;;;;;;;;;;;;;
93.56118774414062;-0.176025390625;0.0625;1.0791015625;;;;;;;;;;;;;;;
93.56451416015625;0.06005859375;0.113525390625;1.128662109375;;;;;;;;;;;;;;;
93.56805419921875;-0.205322265625;0.127685546875;0.99755859375;;;;;;;;;;;;;;;
93.57138061523438;0.057861328125;-0.09521484375;0.835205078125;;;;;;;;;;;;;;;
93.57470703125;-0.018310546875;0.31884765625;1.11572265625;;;;;;;;;;;;;;;
93.57809448242188;-0.046142578125;0.021728515625;1.0078125;;;;;;;;;;;;;;;
93.58145141601562;-0.048583984375;0.334228515625;1.15673828125;;;;;;;;;;;;;;;
93.58480834960938;-0.245849609375;-0.06982421875;0.86572265625;;;;;;;;;;;;;;;
93.58822631835938;0.06884765625;0.00341796875;0.933349609375;;;;;;;;;;;;;;;
93.59158325195312;-0.231201171875;0.09716796875;1.059326171875;;;;;;;;;;;;;;;
93.59494018554688;-0.0224609375;0.02587890625;1.05078125;;;;;;;;;;;;;;;
93.59829711914062;-0.082763671875;0.16357421875;1.223388671875;;;;;;;;;;;;;;;
93.60165405273438;-0.0283203125;-0.053955078125;0.883544921875;;;;;;;;;;;;;;;
93.60507202148438;0.040771484375;0.314208984375;0.986572265625;;;;;;;;;;;;;;;
93.60842895507812;-0.21044921875;0.184326171875;0.796142578125;;;;;;;;;;;;;;;
93.61178588867188;0.084228515625;0.063232421875;1.09033203125;;;;;;;;;;;;;;;
93.61514282226562;-0.064453125;0.035888671875;1.138916015625;;;;;;;;;;;;;;;
93.61849975585938;0.0400390625;-0.1865234375;1.027099609375;;;;;;;;;;;;;;;
93.621826171875;-0.0400390625;0.240966796875;1.038330078125;;;;;;;;;;;;;;;
93.62518310546875;-0.164794921875;0.01416015625;0.85546875;;;;;;;;;;;;;;;
93.62850952148438;-0.03662109375;0.248779296875;1.187744140625;;;;;;;;;;;;;;;
93.6319580078125;-0.224365234375;-0.060546875;0.989990234375;;;;;;;;;;;;;;;
93.63534545898438;0.121826171875;0.326904296875;1.04931640625;;;;;;;;;;;;;;;
93.63882446289062;-0.182861328125;0.11865234375;0.80615234375;;;;;;;;;;;;;;;
93.6422119140625;-0.015380859375;0.156982421875;0.862548828125;;;;;;;;;;;;;;;
93.64553833007812;0.1806640625;0.14013671875;1.262939453125;;;;;;;;;;;;;;;
93.64892578125;-0.06640625;-0.095458984375;1.0498046875;;;;;;;;;;;;;;;
93.65237426757812;0.0791015625;0.21044921875;1.120361328125;;;;;;;;;;;;;;;
93.65576171875;-0.337158203125;0.097412109375;0.707275390625;;;;;;;;;;;;;;;
93.65914916992188;0.121337890625;0.276123046875;0.984619140625;;;;;;;;;;;;;;;
93.66250610351562;0.057373046875;0.048095703125;1.118408203125;;;;;;;;;;;;;;;
93.66583251953125;-0.004150390625;-0.1015625;1.1005859375;;;;;;;;;;;;;;;
93.66928100585938;0.001708984375;0.118896484375;1.136962890625;;;;;;;;;;;;;;;
93.67266845703125;-0.184326171875;-0.09375;0.78955078125;;;;;;;;;;;;;;;
93.67611694335938;-0.016357421875;0.353759765625;1.06689453125;;;;;;;;;;;;;;;
93.67950439453125;-0.115478515625;-0.099609375;0.97802734375;;;;;;;;;;;;;;;
93.68280029296875;0.120849609375;0.322998046875;1.19775390625;;;;;;;;;;;;;;;
93.686279296875;-0.22412109375;0.0986328125;0.920166015625;;;;;;;;;;;;;;;
93.68960571289062;0.20458984375;0.109619140625;0.7900390625;;;;;;;;;;;;;;;
93.6929931640625;0.22216796875;0.18603515625;1.107421875;;;;;;;;;;;;;;;
93.69631958007812;-0.08984375;-0.006591796875;1.001953125;;;;;;;;;;;;;;;
93.69973754882812;-0.12744140625;0.177001953125;1.284912109375;;;;;;;;;;;;;;;
93.703125;-0.40380859375;-0.27490234375;0.817626953125;;;;;;;;;;;;;;;
93.70654296875;0.126220703125;0.18994140625;0.990234375;;;;;;;;;;;;;;;
93.70989990234375;-0.207275390625;0.044921875;0.9384765625;;;;;;;;;;;;;;;
93.71328735351562;0.12255859375;0.302978515625;1.041748046875;;;;;;;;;;;;;;;
93.7166748046875;0.247314453125;0.13427734375;1.27197265625;;;;;;;;;;;;;;;
93.72006225585938;-0.183837890625;0.019287109375;0.923095703125;;;;;;;;;;;;;;;
93.723388671875;0.004150390625;0.052490234375;1.04541015625;;;;;;;;;;;;;;;
93.72677612304688;-0.233642578125;0.05517578125;0.76513671875;;;;;;;;;;;;;;;
93.7301025390625;0.010986328125;0.238037109375;1.140625;;;;;;;;;;;;;;;
93.7335205078125;-0.0888671875;-0.113525390625;1.069091796875;;;;;;;;;;;;;;;
93.73684692382812;0.099365234375;-0.05615234375;1.12841796875;;;;;;;;;;;;;;;
93.74020385742188;-0.130126953125;0.201904296875;1.01953125;;;;;;;;;;;;;;;
93.74359130859375;-0.1455078125;0.173828125;0.8359375;;;;;;;;;;;;;;;
93.74691772460938;-0.07177734375;0.2568359375;1.166015625;;;;;;;;;;;;;;;
93.75030517578125;-0.188232421875;-0.299560546875;0.968994140625;;;;;;;;;;;;;;;
93.75372314453125;0.0673828125;0.284912109375;1.119873046875;;;;;;;;;;;;;;;
93.757080078125;-0.21875;-0.080322265625;0.78076171875;;;;;;;;;;;;;;;
93.760498046875;0.1220703125;0.331298828125;0.91064453125;;;;;;;;;;;;;;;
93.7637939453125;0.128173828125;0.200439453125;1.168701171875;;;;;;;;;;;;;;;
93.76718139648438;-0.069091796875;0.02392578125;1.111083984375;;;;;;;;;;;;;;;
93.7705078125;-0.057373046875;0.067138671875;1.164794921875;;;;;;;;;;;;;;;
93.77389526367188;-0.235107421875;-0.313720703125;0.748779296875;;;;;;;;;;;;;;;
93.77737426757812;-0.0498046875;0.337890625;0.98388671875;;;;;;;;;;;;;;;
93.78079223632812;-0.101806640625;-0.073974609375;0.9931640625;;;;;;;;;;;;;;;
93.7841796875;0.18798828125;-0.0380859375;1.229248046875;;;;;;;;;;;;;;;
93.78753662109375;-0.164794921875;0.186767578125;1.076904296875;;;;;;;;;;;;;;;
93.79095458984375;-0.1044921875;0.0234375;0.834228515625;;;;;;;;;;;;;;;
93.79437255859375;-0.14794921875;0.326416015625;1.00634765625;;;;;;;;;;;;;;;
93.79782104492188;0.0634765625;-0.318603515625;0.939208984375;;;;;;;;;;;;;;;
93.80123901367188;0.00927734375;0.316162109375;1.194580078125;;;;;;;;;;;;;;;
93.80465698242188;-0.1220703125;0.012451171875;0.919189453125;;;;;;;;;;;;;;;
93.8079833984375;0.087646484375;0.271484375;0.9091796875;;;;;;;;;;;;;;;
93.8114013671875;-0.140380859375;0.15673828125;0.9970703125;;;;;;;;;;;;;;;
93.81475830078125;-0.0380859375;-0.0849609375;1.017333984375;;;;;;;;;;;;;;;
93.818115234375;-0.030517578125;0.06494140625;1.234619140625;;;;;;;;;;;;;;;
93.82147216796875;-0.085693359375;-0.310302734375;0.938232421875;;;;;;;;;;;;;;;
93.8248291015625;-0.082763671875;0.376708984375;0.959228515625;;;;;;;;;;;;;;;
93.8282470703125;-0.123291015625;0.074951171875;0.82861328125;;;;;;;;;;;;;;;
93.83163452148438;0.2705078125;0.362548828125;1.1318359375;;;;;;;;;;;;;;;
93.83493041992188;-0.045654296875;0.111083984375;1.157958984375;;;;;;;;;;;;;;;
93.83834838867188;-0.017333984375;-0.131591796875;0.974853515625;;;;;;;;;;;;;;;
93.84176635742188;-0.149169921875;0.038330078125;0.996337890625;;;;;;;;;;;;;;;
93.84512329101562;-0.09423828125;-0.16748046875;0.802490234375;;;;;;;;;;;;;;;
93.8485107421875;-0.0634765625;0.392333984375;1.12939453125;;;;;;;;;;;;;;;
93.85186767578125;-0.10302734375;-0.18212890625;1.013916015625;;;;;;;;;;;;;;;
93.85519409179688;0.075927734375;0.221435546875;1.205810546875;;;;;;;;;;;;;;;
93.858642578125;-0.223388671875;0.057861328125;0.960693359375;;;;;;;;;;;;;;;
93.86209106445312;-0.052734375;0.134521484375;0.875;;;;;;;;;;;;;;;
93.86544799804688;-0.096435546875;0.156494140625;1.050048828125;;;;;;;;;;;;;;;
93.86886596679688;0.145751953125;-0.385498046875;1.025146484375;;;;;;;;;;;;;;;
93.87222290039062;-0.10302734375;0.310302734375;1.157470703125;;;;;;;;;;;;;;;
93.87557983398438;-0.19921875;-0.034423828125;0.79345703125;;;;;;;;;;;;;;;
93.87893676757812;0.1884765625;0.414794921875;1.000244140625;;;;;;;;;;;;;;;
93.88232421875;-0.197265625;0.005615234375;1.0361328125;;;;;;;;;;;;;;;
93.88577270507812;0.107666015625;-0.081787109375;1.176025390625;;;;;;;;;;;;;;;
93.88909912109375;-0.2099609375;0.0673828125;1.143798828125;;;;;;;;;;;;;;;
93.892578125;-0.02783203125;-0.131103515625;0.818603515625;;;;;;;;;;;;;;;
93.89602661132812;-0.1572265625;0.456298828125;0.9404296875;;;;;;;;;;;;;;;
93.89947509765625;-0.159423828125;-0.1259765625;0.92236328125;;;;;;;;;;;;;;;
93.90277099609375;0.160400390625;0.25732421875;1.309814453125;;;;;;;;;;;;;;;
93.90618896484375;-0.3291015625;0.021728515625;1.020263671875;;;;;;;;;;;;;;;
93.90963745117188;-0.09033203125;0.0673828125;0.870849609375;;;;;;;;;;;;;;;
93.91299438476562;-0.234619140625;0.263916015625;0.919189453125;;;;;;;;;;;;;;;
93.91632080078125;0.125244140625;-0.232177734375;0.947509765625;;;;;;;;;;;;;;;
93.91970825195312;-0.049560546875;0.228515625;1.21630859375;;;;;;;;;;;;;;;
93.92318725585938;-0.048095703125;-0.11328125;0.98681640625;;;;;;;;;;;;;;;
93.926513671875;-0.08984375;0.347412109375;1.08837890625;;;;;;;;;;;;;;;
93.92987060546875;-0.583984375;0.031982421875;0.85791015625;;;;;;;;;;;;;;;
93.93331909179688;0.2021484375;-0.00244140625;1.07666015625;;;;;;;;;;;;;;;
93.93667602539062;-0.141845703125;0.058837890625;1.2265625;;;;;;;;;;;;;;;
93.94003295898438;0.156005859375;-0.09619140625;1.013671875;;;;;;;;;;;;;;;
93.9434814453125;-0.30078125;0.3740234375;0.9638671875;;;;;;;;;;;;;;;
93.9468994140625;-0.09716796875;-0.078125;0.756103515625;;;;;;;;;;;;;;;
93.95034790039062;0.196044921875;0.27734375;1.190185546875;;;;;;;;;;;;;;;
93.9537353515625;-0.4619140625;0.009033203125;1.012939453125;;;;;;;;;;;;;;;
93.95709228515625;0.443115234375;-0.046142578125;1.031005859375;;;;;;;;;;;;;;;
93.96044921875;-0.294189453125;0.094482421875;0.971435546875;;;;;;;;;;;;;;;
93.96377563476562;-0.028564453125;-0.140380859375;0.7705078125;;;;;;;;;;;;;;;
93.96713256835938;0.08203125;0.2900390625;1.09521484375;;;;;;;;;;;;;;;
93.97052001953125;-0.051513671875;-0.19091796875;1.008544921875;;;;;;;;;;;;;;;
93.97402954101562;0.02587890625;0.391845703125;1.23291015625;;;;;;;;;;;;;;;
93.97744750976562;-0.46826171875;-0.105712890625;0.9443359375;;;;;;;;;;;;;;;
93.9808349609375;-0.037841796875;0.1337890625;0.928466796875;;;;;;;;;;;;;;;
93.98419189453125;-0.223388671875;-0.004638671875;0.89111328125;;;;;;;;;;;;;;;
93.987548828125;0.258544921875;-0.093505859375;1.11279296875;;;;;;;;;;;;;;;
93.99093627929688;-0.268798828125;0.263671875;1.104248046875;;;;;;;;;;;;;;;
93.9942626953125;-0.056396484375;-0.091796875;0.8623046875;;;;;;;;;;;;;;;
93.9976806640625;-0.171142578125;0.342529296875;1.06884765625;;;;;;;;;;;;;;;
94.00106811523438;-0.47216796875;-0.130126953125;0.883544921875;;;;;;;;;;;;;;;
94.00448608398438;0.468505859375;-0.083251953125;1.2578125;;;;;;;;;;;;;;;
94.00784301757812;-0.174560546875;0.024658203125;1.06396484375;;;;;;;;;;;;;;;
94.01116943359375;0.1181640625;0.226318359375;0.921875;;;;;;;;;;;;;;;
94.01455688476562;-0.21142578125;0.31396484375;0.837646484375;;;;;;;;;;;;;;;
94.01803588867188;-0.181884765625;-0.04931640625;0.87744140625;;;;;;;;;;;;;;;
94.02142333984375;0.11669921875;0.130615234375;1.24560546875;;;;;;;;;;;;;;;
94.02487182617188;-0.11767578125;-0.024658203125;1.087646484375;;;;;;;;;;;;;;;
94.02825927734375;-0.00537109375;0.060302734375;0.9765625;;;;;;;;;;;;;;;
94.03164672851562;-0.17431640625;0.129150390625;0.823486328125;;;;;;;;;;;;;;;
94.03497314453125;0.08251953125;0.0517578125;0.97998046875;;;;;;;;;;;;;;;
94.03829956054688;0.003173828125;0.146484375;1.14599609375;;;;;;;;;;;;;;;
94.041748046875;0.02685546875;-0.1923828125;1.069580078125;;;;;;;;;;;;;;;
94.04510498046875;-0.223876953125;0.301513671875;1.058837890625;;;;;;;;;;;;;;;
94.0484619140625;-0.31884765625;-0.05517578125;0.843994140625;;;;;;;;;;;;;;;
94.0518798828125;0.1357421875;0.156005859375;1.119384765625;;;;;;;;;;;;;;;
94.05523681640625;0.02734375;-0.04541015625;1.03955078125;;;;;;;;;;;;;;;
94.05856323242188;0.095703125;0.2041015625;1.068603515625;;;;;;;;;;;;;;;
94.06192016601562;-0.10888671875;0.188720703125;0.94970703125;;;;;;;;;;;;;;;
94.06524658203125;-0.063720703125;-0.13037109375;0.77880859375;;;;;;;;;;;;;;;
94.06857299804688;-0.01708984375;0.269775390625;1.166748046875;;;;;;;;;;;;;;;
94.07196044921875;-0.219482421875;0.01806640625;1.045654296875;;;;;;;;;;;;;;;
94.07528686523438;0.0244140625;0.13330078125;1.158447265625;;;;;;;;;;;;;;;
94.07870483398438;-0.21435546875;-0.04931640625;0.879150390625;;;;;;;;;;;;;;;
94.08203125;0.1474609375;0.066650390625;0.890625;;;;;;;;;;;;;;;
94.08554077148438;-0.1123046875;0.17333984375;1.033447265625;;;;;;;;;;;;;;;
94.08895874023438;0.07177734375;-0.0888671875;1.039794921875;;;;;;;;;;;;;;;
94.09237670898438;-0.1220703125;0.293701171875;1.24658203125;;;;;;;;;;;;;;;
94.0958251953125;-0.157470703125;-0.16015625;0.874267578125;;;;;;;;;;;;;;;
94.09921264648438;0.12744140625;0.148193359375;1.0361328125;;;;;;;;;;;;;;;
94.10260009765625;-0.18310546875;0.042236328125;0.856689453125;;;;;;;;;;;;;;;
94.10610961914062;0.16357421875;0.20849609375;1.130859375;;;;;;;;;;;;;;;
94.1094970703125;-0.129638671875;0.130126953125;1.052978515625;;;;;;;;;;;;;;;
94.11279296875;0.1181640625;-0.15234375;0.961669921875;;;;;;;;;;;;;;;
94.11618041992188;-0.208251953125;0.1611328125;1.064208984375;;;;;;;;;;;;;;;
94.11962890625;-0.3095703125;-0.099609375;0.8828125;;;;;;;;;;;;;;;
94.12298583984375;0.25;-0.01513671875;1.29931640625;;;;;;;;;;;;;;;
94.12643432617188;-0.042236328125;0.079833984375;1.002685546875;;;;;;;;;;;;;;;
94.1298828125;0.220703125;0.36572265625;1.011474609375;;;;;;;;;;;;;;;
94.13333129882812;-0.225830078125;0.252685546875;0.771240234375;;;;;;;;;;;;;;;
94.13662719726562;-0.0185546875;0.054931640625;0.894775390625;;;;;;;;;;;;;;;
94.14007568359375;0.012939453125;-0.06103515625;1.221435546875;;;;;;;;;;;;;;;
94.14349365234375;-0.083984375;-0.2099609375;1.07080078125;;;;;;;;;;;;;;;
94.14688110351562;0.171142578125;0.091552734375;1.08984375;;;;;;;;;;;;;;;
94.1502685546875;-0.279541015625;0.048828125;0.805908203125;;;;;;;;;;;;;;;
94.1536865234375;0.042236328125;0.24609375;1.018798828125;;;;;;;;;;;;;;;
94.15707397460938;-0.056640625;0.029541015625;1.094482421875;;;;;;;;;;;;;;;
94.16046142578125;0.05810546875;0.14208984375;1.13623046875;;;;;;;;;;;;;;;
94.163818359375;-0.188232421875;0.170166015625;0.99951171875;;;;;;;;;;;;;;;
94.16717529296875;-0.33544921875;-0.06982421875;0.765625;;;;;;;;;;;;;;;
94.17059326171875;0.264892578125;0.2216796875;1.1728515625;;;;;;;;;;;;;;;
94.17398071289062;-0.074462890625;0.0576171875;0.99658203125;;;;;;;;;;;;;;;
94.1773681640625;0.18994140625;0.22802734375;1.180419921875;;;;;;;;;;;;;;;
94.18069458007812;-0.324951171875;0.112060546875;0.868896484375;;;;;;;;;;;;;;;
94.18402099609375;0.09912109375;-0.029052734375;0.899169921875;;;;;;;;;;;;;;;
94.18746948242188;-0.05224609375;0.093017578125;1.067626953125;;;;;;;;;;;;;;;
94.19082641601562;-0.0498046875;-0.17236328125;0.991943359375;;;;;;;;;;;;;;;
94.19418334960938;0.34033203125;0.168212890625;1.259521484375;;;;;;;;;;;;;;;
94.19760131835938;-0.23291015625;-0.01513671875;0.8525390625;;;;;;;;;;;;;;;
94.20101928710938;0.136474609375;0.291015625;0.990478515625;;;;;;;;;;;;;;;
94.20431518554688;-0.296142578125;0.127685546875;0.94384765625;;;;;;;;;;;;;;;
94.20770263671875;0.07275390625;0.09130859375;1.080322265625;;;;;;;;;;;;;;;
94.2110595703125;-0.07958984375;0.0791015625;1.1484375;;;;;;;;;;;;;;;
94.21453857421875;0.102294921875;-0.159423828125;0.85498046875;;;;;;;;;;;;;;;
94.21795654296875;0.27294921875;0.1923828125;1.07080078125;;;;;;;;;;;;;;;
94.22134399414062;-0.14306640625;0.201904296875;0.83935546875;;;;;;;;;;;;;;;
94.22482299804688;0.010986328125;0.250244140625;1.174560546875;;;;;;;;;;;;;;;
94.2281494140625;-0.118896484375;-0.028076171875;1.019775390625;;;;;;;;;;;;;;;
94.23150634765625;0.07080078125;-0.012451171875;1.034912109375;;;;;;;;;;;;;;;
94.23489379882812;-0.19189453125;0.041748046875;0.970703125;;;;;;;;;;;;;;;
94.23828125;-0.125;0.113525390625;0.850830078125;;;;;;;;;;;;;;;
94.24163818359375;0.3369140625;0.04833984375;1.3017578125;;;;;;;;;;;;;;;
94.24502563476562;-0.12890625;-0.03125;0.9716796875;;;;;;;;;;;;;;;
94.24832153320312;0.2216796875;0.318603515625;1.118896484375;;;;;;;;;;;;;;;
94.25173950195312;-0.231689453125;0.167724609375;0.749267578125;;;;;;;;;;;;;;;
94.25503540039062;-0.046875;0.3154296875;0.914306640625;;;;;;;;;;;;;;;
94.25833129882812;0.042236328125;-0.12548828125;1.1806640625;;;;;;;;;;;;;;;
94.26177978515625;-0.241455078125;-0.197998046875;1.08935546875;;;;;;;;;;;;;;;
94.26513671875;-0.0419921875;0.0458984375;1.114013671875;;;;;;;;;;;;;;;
94.26861572265625;-0.169189453125;0.031005859375;0.79638671875;;;;;;;;;;;;;;;
94.27200317382812;0.01123046875;0.470458984375;1.042236328125;;;;;;;;;;;;;;;
94.275390625;0.016845703125;0.01904296875;1.006591796875;;;;;;;;;;;;;;;
94.27886962890625;0.042236328125;0.26806640625;1.1962890625;;;;;;;;;;;;;;;
94.28228759765625;-0.28857421875;0.0478515625;0.941162109375;;;;;;;;;;;;;;;
94.28561401367188;-0.142578125;-0.07421875;0.82373046875;;;;;;;;;;;;;;;
94.28900146484375;0.0224609375;0.19384765625;1.0869140625;;;;;;;;;;;;;;;
94.29241943359375;-0.057861328125;-0.036376953125;1.002197265625;;;;;;;;;;;;;;;
94.29595947265625;0.05224609375;0.318603515625;1.236328125;;;;;;;;;;;;;;;
94.29934692382812;-0.276611328125;0.1259765625;0.854248046875;;;;;;;;;;;;;;;
94.30282592773438;0.084716796875;0.229248046875;0.96728515625;;;;;;;;;;;;;;;
94.30621337890625;-0.087158203125;0.052001953125;0.96142578125;;;;;;;;;;;;;;;
94.30950927734375;0.0791015625;-0.178955078125;1.0947265625;;;;;;;;;;;;;;;
94.31283569335938;-0.054931640625;0.107421875;1.205078125;;;;;;;;;;;;;;;
94.31622314453125;-0.10302734375;-0.0703125;0.904541015625;;;;;;;;;;;;;;;
94.31961059570312;-0.09228515625;0.48388671875;1.011962890625;;;;;;;;;;;;;;;
94.32315063476562;-0.21826171875;0.03857421875;0.83544921875;;;;;;;;;;;;;;;
94.3265380859375;0.11376953125;0.2353515625;1.123779296875;;;;;;;;;;;;;;;
94.32998657226562;-0.124755859375;-0.014892578125;1.056640625;;;;;;;;;;;;;;;
94.33343505859375;0.15576171875;-0.029541015625;0.936279296875;;;;;;;;;;;;;;;
94.33685302734375;-0.103759765625;0.204833984375;1.0029296875;;;;;;;;;;;;;;;
94.34017944335938;-0.140869140625;0.140625;0.858642578125;;;;;;;;;;;;;;;
94.34359741210938;-0.09912109375;0.2861328125;1.16455078125;;;;;;;;;;;;;;;
94.34695434570312;-0.11328125;-0.3251953125;0.98828125;;;;;;;;;;;;;;;
94.35037231445312;0.02783203125;0.1513671875;1.10302734375;;;;;;;;;;;;;;;
94.35385131835938;-0.264404296875;0.0087890625;0.9013671875;;;;;;;;;;;;;;;
94.35723876953125;0.107421875;0.280517578125;0.9150390625;;;;;;;;;;;;;;;
94.360595703125;-0.01611328125;0.162841796875;1.153076171875;;;;;;;;;;;;;;;
94.36398315429688;-0.01904296875;-0.066650390625;1.04833984375;;;;;;;;;;;;;;;
94.36737060546875;-0.118408203125;0.150390625;1.14599609375;;;;;;;;;;;;;;;
94.37078857421875;-0.24169921875;0.012939453125;0.782958984375;;;;;;;;;;;;;;;
94.37411499023438;-0.091552734375;0.41064453125;0.963623046875;;;;;;;;;;;;;;;
94.37744140625;-0.13134765625;-0.0263671875;1.028076171875;;;;;;;;;;;;;;;
94.38079833984375;0.180419921875;-0.036376953125;1.202392578125;;;;;;;;;;;;;;;
94.38412475585938;-0.149658203125;0.12939453125;1.170654296875;;;;;;;;;;;;;;;
94.38751220703125;-0.163818359375;-0.032958984375;0.810546875;;;;;;;;;;;;;;;
94.39096069335938;-0.089599609375;0.410888671875;1.008544921875;;;;;;;;;;;;;;;
94.3944091796875;-0.12451171875;-0.187744140625;0.930908203125;;;;;;;;;;;;;;;
94.39785766601562;0.0732421875;0.2861328125;1.20361328125;;;;;;;;;;;;;;;
94.4012451171875;-0.209228515625;-0.0302734375;0.95166015625;;;;;;;;;;;;;;;
94.40460205078125;0.1533203125;0.233154296875;0.87939453125;;;;;;;;;;;;;;;
94.40798950195312;-0.228759765625;0.159912109375;1.042724609375;;;;;;;;;;;;;;;
94.41134643554688;-0.136962890625;-0.093505859375;0.986328125;;;;;;;;;;;;;;;
94.41473388671875;-0.114501953125;0.089599609375;1.256103515625;;;;;;;;;;;;;;;
94.41812133789062;-0.10009765625;-0.126708984375;0.90087890625;;;;;;;;;;;;;;;
94.42153930664062;-0.05859375;0.4208984375;0.988525390625;;;;;;;;;;;;;;;
94.42495727539062;-0.162841796875;0.06787109375;0.871337890625;;;;;;;;;;;;;;;
94.4283447265625;0.2197265625;0.15869140625;1.1337890625;;;;;;;;;;;;;;;
94.43167114257812;-0.316650390625;0.12255859375;1.194580078125;;;;;;;;;;;;;;;
94.43502807617188;-0.287841796875;-0.17431640625;0.9521484375;;;;;;;;;;;;;;;
94.43838500976562;-0.173828125;0.24072265625;1.015625;;;;;;;;;;;;;;;
94.44180297851562;-0.0927734375;-0.18212890625;0.76953125;;;;;;;;;;;;;;;
94.4451904296875;0.06298828125;0.36572265625;1.13134765625;;;;;;;;;;;;;;;
94.44857788085938;-0.10888671875;-0.044189453125;1.041259765625;;;;;;;;;;;;;;;
94.45199584960938;0.127197265625;0.304443359375;1.00927734375;;;;;;;;;;;;;;;
94.45538330078125;-0.024658203125;0.091064453125;1.04638671875;;;;;;;;;;;;;;;
94.45880126953125;-0.26708984375;0.1103515625;0.845947265625;;;;;;;;;;;;;;;
94.462158203125;-0.127685546875;0.087646484375;1.193115234375;;;;;;;;;;;;;;;
94.46551513671875;-0.049072265625;-0.4365234375;1.03369140625;;;;;;;;;;;;;;;
94.46890258789062;-0.08642578125;0.249755859375;1.128173828125;;;;;;;;;;;;;;;
94.47225952148438;-0.132080078125;-0.09228515625;0.797119140625;;;;;;;;;;;;;;;
94.47567749023438;0.26220703125;0.539306640625;1.030517578125;;;;;;;;;;;;;;;
94.47900390625;-0.509033203125;0.219970703125;1.037841796875;;;;;;;;;;;;;;;
94.48239135742188;0.08935546875;-0.048095703125;1.0537109375;;;;;;;;;;;;;;;
94.48574829101562;-0.278076171875;-0.052001953125;1.171875;;;;;;;;;;;;;;;
94.4891357421875;-0.158447265625;-0.287109375;0.79736328125;;;;;;;;;;;;;;;
94.49252319335938;0.005126953125;0.328369140625;0.96630859375;;;;;;;;;;;;;;;
94.49588012695312;-0.264892578125;-0.087158203125;0.9287109375;;;;;;;;;;;;;;;
94.499267578125;0.25732421875;0.205322265625;1.247314453125;;;;;;;;;;;;;;;
94.50265502929688;-0.1103515625;0.125732421875;1.14208984375;;;;;;;;;;;;;;;
94.50604248046875;-0.1044921875;0.069580078125;0.896484375;;;;;;;;;;;;;;;
94.50942993164062;-0.209228515625;0.225341796875;0.902099609375;;;;;;;;;;;;;;;
94.51278686523438;-0.11181640625;-0.27392578125;0.963134765625;;;;;;;;;;;;;;;
94.51614379882812;-0.0556640625;0.19921875;1.166015625;;;;;;;;;;;;;;;
94.51953125;-0.02587890625;-0.11328125;0.97314453125;;;;;;;;;;;;;;;
94.52288818359375;0.2265625;0.306640625;1.019775390625;;;;;;;;;;;;;;;
94.52627563476562;-0.26171875;0.107177734375;0.906982421875;;;;;;;;;;;;;;;
94.52963256835938;-0.010498046875;0.02392578125;1.06005859375;;;;;;;;;;;;;;;
94.532958984375;-0.166259765625;-0.0205078125;1.19775390625;;;;;;;;;;;;;;;
94.53640747070312;0.048828125;-0.30224609375;1.037841796875;;;;;;;;;;;;;;;
94.53976440429688;-0.145263671875;0.291015625;0.958984375;;;;;;;;;;;;;;;
94.54315185546875;-0.25048828125;-0.071533203125;0.748779296875;;;;;;;;;;;;;;;
94.54656982421875;0.15087890625;0.234130859375;1.1953125;;;;;;;;;;;;;;;
94.54989624023438;-0.15234375;0.0732421875;1.09326171875;;;;;;;;;;;;;;;
94.55328369140625;-0.003662109375;-0.001953125;1.078369140625;;;;;;;;;;;;;;;
94.55670166015625;-0.22119140625;0.0625;0.919189453125;;;;;;;;;;;;;;;
94.56005859375;0.044189453125;-0.13525390625;0.79736328125;;;;;;;;;;;;;;;
94.56344604492188;-0.069580078125;0.24267578125;1.0830078125;;;;;;;;;;;;;;;
94.56680297851562;-0.02001953125;-0.0224609375;1.00927734375;;;;;;;;;;;;;;;
94.5701904296875;-0.055419921875;0.300537109375;1.166259765625;;;;;;;;;;;;;;;
94.57357788085938;-0.30712890625;-0.0439453125;0.88720703125;;;;;;;;;;;;;;;
94.57699584960938;0.08447265625;0.042236328125;0.962158203125;;;;;;;;;;;;;;;
94.58038330078125;-0.150390625;0.031005859375;1.0986328125;;;;;;;;;;;;;;;
94.58383178710938;0.162353515625;-0.065673828125;1.10595703125;;;;;;;;;;;;;;;
94.587158203125;-0.181640625;0.283935546875;1.101318359375;;;;;;;;;;;;;;;
94.59054565429688;-0.025634765625;-0.121337890625;0.771728515625;;;;;;;;;;;;;;;
94.5938720703125;0.087158203125;0.2646484375;1.076171875;;;;;;;;;;;;;;;
94.59719848632812;-0.276611328125;0.14501953125;0.956298828125;;;;;;;;;;;;;;;
94.6005859375;0.1435546875;-0.05419921875;1.134521484375;;;;;;;;;;;;;;;
94.60400390625;-0.2216796875;0.01806640625;1.107177734375;;;;;;;;;;;;;;;
94.60736083984375;0.07666015625;-0.264892578125;0.913330078125;;;;;;;;;;;;;;;
94.61080932617188;-0.1533203125;0.2470703125;0.953125;;;;;;;;;;;;;;;
94.6141357421875;-0.10595703125;-0.096923828125;0.89208984375;;;;;;;;;;;;;;;
94.61749267578125;0.013427734375;0.275146484375;1.262451171875;;;;;;;;;;;;;;;
94.62091064453125;-0.071044921875;-0.0244140625;1.052001953125;;;;;;;;;;;;;;;
94.62423706054688;0.084228515625;0.080078125;0.994873046875;;;;;;;;;;;;;;;
94.62765502929688;-0.171142578125;0.126708984375;0.83935546875;;;;;;;;;;;;;;;
94.63107299804688;0.02685546875;-0.041015625;0.97119140625;;;;;;;;;;;;;;;
94.63449096679688;-0.015380859375;0.093017578125;1.1787109375;;;;;;;;;;;;;;;
94.6378173828125;-0.00830078125;-0.204345703125;1.0576171875;;;;;;;;;;;;;;;
94.64126586914062;0.114990234375;0.2607421875;1.0732421875;;;;;;;;;;;;;;;
94.6446533203125;-0.40771484375;-0.050537109375;0.846923828125;;;;;;;;;;;;;;;
94.64797973632812;0.08544921875;0.114501953125;1.109619140625;;;;;;;;;;;;;;;
94.65142822265625;-0.07080078125;0.039794921875;1.12939453125;;;;;;;;;;;;;;;
94.65478515625;0.144775390625;0.16552734375;1.10009765625;;;;;;;;;;;;;;;
94.65823364257812;-0.2041015625;0.2021484375;0.9326171875;;;;;;;;;;;;;;;
94.66152954101562;-0.117919921875;-0.163818359375;0.778564453125;;;;;;;;;;;;;;;
94.66488647460938;-0.0791015625;0.28369140625;1.185546875;;;;;;;;;;;;;;;
94.66824340820312;-0.35205078125;-0.09423828125;0.958251953125;;;;;;;;;;;;;;;
94.67169189453125;-0.00146484375;0.110595703125;1.11865234375;;;;;;;;;;;;;;;
94.67520141601562;-0.180908203125;0.059326171875;0.87646484375;;;;;;;;;;;;;;;
94.6785888671875;0.19091796875;0.164306640625;0.917236328125;;;;;;;;;;;;;;;
94.68203735351562;-0.106689453125;0.176025390625;1.0537109375;;;;;;;;;;;;;;;
94.68536376953125;-0.010009765625;-0.212646484375;1.07080078125;;;;;;;;;;;;;;;
94.688720703125;-0.127197265625;0.134521484375;1.19384765625;;;;;;;;;;;;;;;
94.692138671875;-0.389892578125;-0.201904296875;0.8720703125;;;;;;;;;;;;;;;
94.69549560546875;0.13623046875;0.093017578125;1.001220703125;;;;;;;;;;;;;;;
94.698974609375;-0.185302734375;0.176025390625;1.02783203125;;;;;;;;;;;;;;;
94.702392578125;0.13818359375;0.161865234375;1.134521484375;;;;;;;;;;;;;;;
94.70584106445312;-0.232177734375;0.259521484375;1.0537109375;;;;;;;;;;;;;;;
94.709228515625;0.12158203125;-0.23291015625;0.79833984375;;;;;;;;;;;;;;;
94.71258544921875;-0.02880859375;0.173828125;1.06005859375;;;;;;;;;;;;;;;
94.7159423828125;-0.44775390625;-0.02685546875;0.8271484375;;;;;;;;;;;;;;;
94.71932983398438;0.52587890625;0.003173828125;1.147216796875;;;;;;;;;;;;;;;
94.72274780273438;-0.153564453125;0.04248046875;1.03515625;;;;;;;;;;;;;;;
94.72616577148438;0.29638671875;-0.015869140625;1.0078125;;;;;;;;;;;;;;;
94.72958374023438;-0.289794921875;0.26416015625;0.951416015625;;;;;;;;;;;;;;;
94.73291015625;-0.142822265625;0.0693359375;0.856201171875;;;;;;;;;;;;;;;
94.73626708984375;0.125732421875;0.27783203125;1.228515625;;;;;;;;;;;;;;;
94.73965454101562;-0.20263671875;-0.19287109375;1.106201171875;;;;;;;;;;;;;;;
94.74310302734375;0.025146484375;0.014892578125;1.08984375;;;;;;;;;;;;;;;
94.74652099609375;-0.25732421875;-0.00146484375;0.7783203125;;;;;;;;;;;;;;;
94.75;0.120849609375;0.303955078125;0.930908203125;;;;;;;;;;;;;;;
94.7532958984375;0.01904296875;0.12646484375;1.09423828125;;;;;;;;;;;;;;;
94.7567138671875;0.1484375;-0.135986328125;1.1376953125;;;;;;;;;;;;;;;
94.76004028320312;-0.034912109375;0.229736328125;1.08935546875;;;;;;;;;;;;;;;
94.763427734375;-0.395263671875;-0.149658203125;0.81396484375;;;;;;;;;;;;;;;
94.76687622070312;0.095458984375;0.15283203125;1.115966796875;;;;;;;;;;;;;;;
94.77029418945312;-0.09765625;-0.0546875;1.029296875;;;;;;;;;;;;;;;
94.773681640625;0.22314453125;0.409423828125;1.1328125;;;;;;;;;;;;;;;
94.77703857421875;-0.231689453125;0.202880859375;0.893798828125;;;;;;;;;;;;;;;
94.78042602539062;-0.068115234375;0.1044921875;0.8203125;;;;;;;;;;;;;;;
94.78384399414062;-0.151123046875;0.34375;1.046142578125;;;;;;;;;;;;;;;
94.7872314453125;-0.071533203125;-0.16259765625;1.0322265625;;;;;;;;;;;;;;;
94.79061889648438;0.091064453125;0.052734375;1.2548828125;;;;;;;;;;;;;;;
94.79400634765625;-0.176513671875;0.0263671875;0.874755859375;;;;;;;;;;;;;;;
94.79733276367188;0.113525390625;0.382080078125;0.990966796875;;;;;;;;;;;;;;;
94.80081176757812;-0.040771484375;0.220458984375;0.950439453125;;;;;;;;;;;;;;;
94.80422973632812;0.0634765625;-0.168701171875;1.091796875;;;;;;;;;;;;;;;
94.80764770507812;-0.115966796875;0.153076171875;1.22900390625;;;;;;;;;;;;;;;
94.81100463867188;-0.198974609375;-0.201904296875;0.897216796875;;;;;;;;;;;;;;;
94.81436157226562;0.09130859375;0.167724609375;1.067138671875;;;;;;;;;;;;;;;
94.81781005859375;-0.168212890625;0.185302734375;0.894287109375;;;;;;;;;;;;;;;
94.82119750976562;0.171630859375;0.36767578125;1.15478515625;;;;;;;;;;;;;;;
94.82452392578125;-0.177490234375;0.286865234375;0.9873046875;;;;;;;;;;;;;;;
94.82797241210938;0.142333984375;-0.083740234375;0.892333984375;;;;;;;;;;;;;;;
94.831298828125;-0.181640625;0.00732421875;0.96240234375;;;;;;;;;;;;;;;
94.83462524414062;-0.05908203125;-0.175537109375;0.85107421875;;;;;;;;;;;;;;;
94.83807373046875;0.245849609375;0.124755859375;1.280517578125;;;;;;;;;;;;;;;
94.84149169921875;-0.11572265625;0.01220703125;1.0068359375;;;;;;;;;;;;;;;
94.844970703125;0.106201171875;0.24560546875;1.110107421875;;;;;;;;;;;;;;;
94.84835815429688;-0.289794921875;0.186279296875;0.80712890625;;;;;;;;;;;;;;;
94.8516845703125;0.11962890625;0.2548828125;0.91357421875;;;;;;;;;;;;;;;
94.8551025390625;0.0390625;0.084716796875;1.136474609375;;;;;;;;;;;;;;;
94.85842895507812;0.107666015625;-0.2001953125;0.9970703125;;;;;;;;;;;;;;;
94.86178588867188;0.38037109375;0.142333984375;1.176513671875;;;;;;;;;;;;;;;
94.86526489257812;-0.218017578125;0.12744140625;0.803466796875;;;;;;;;;;;;;;;
94.86862182617188;-0.038818359375;0.4306640625;1.00341796875;;;;;;;;;;;;;;;
94.8720703125;-0.19921875;-0.00439453125;0.96728515625;;;;;;;;;;;;;;;
94.87548828125;0.15478515625;0.046875;1.170166015625;;;;;;;;;;;;;;;
94.87884521484375;-0.220703125;0.031494140625;1.030517578125;;;;;;;;;;;;;;;
94.8822021484375;-0.08544921875;0.03857421875;0.759521484375;;;;;;;;;;;;;;;
94.8856201171875;0.31298828125;0.157958984375;1.155029296875;;;;;;;;;;;;;;;
94.8890380859375;-0.02978515625;-0.017578125;0.992919921875;;;;;;;;;;;;;;;
94.8924560546875;0.129150390625;0.240234375;1.23095703125;;;;;;;;;;;;;;;
94.89578247070312;-0.31787109375;0.065185546875;0.8369140625;;;;;;;;;;;;;;;
94.89910888671875;0.092041015625;0.307373046875;0.837890625;;;;;;;;;;;;;;;
94.90243530273438;-0.141357421875;0.18603515625;0.961669921875;;;;;;;;;;;;;;;
94.9058837890625;0.173583984375;-0.0400390625;1.024169921875;;;;;;;;;;;;;;;
94.90924072265625;0.48388671875;0.109130859375;1.37255859375;;;;;;;;;;;;;;;
94.91275024414062;-0.179931640625;0.073486328125;0.900146484375;;;;;;;;;;;;;;;
94.9161376953125;-0.043212890625;0.279296875;1.018798828125;;;;;;;;;;;;;;;
94.91952514648438;-0.2646484375;0.031005859375;0.82568359375;;;;;;;;;;;;;;;
94.9228515625;0.1796875;-0.046875;1.09326171875;;;;;;;;;;;;;;;
94.92620849609375;-0.06689453125;0.116455078125;1.185791015625;;;;;;;;;;;;;;;
94.92962646484375;-0.063232421875;0.063720703125;0.900634765625;;;;;;;;;;;;;;;
94.93301391601562;0.15966796875;0.212890625;1.10205078125;;;;;;;;;;;;;;;
94.93643188476562;-0.297607421875;0.08984375;0.83251953125;;;;;;;;;;;;;;;
94.93978881835938;0.1513671875;0.201416015625;1.1943359375;;;;;;;;;;;;;;;
94.943115234375;-0.1005859375;0.01220703125;0.97412109375;;;;;;;;;;;;;;;
94.94647216796875;0.022705078125;0.205810546875;0.99609375;;;;;;;;;;;;;;;
94.94985961914062;-0.291259765625;0.010986328125;0.8857421875;;;;;;;;;;;;;;;
94.95315551757812;0.163330078125;0.027587890625;0.908935546875;;;;;;;;;;;;;;;
94.95648193359375;-0.056396484375;0.176513671875;1.35302734375;;;;;;;;;;;;;;;
94.9598388671875;-0.12451171875;-0.072509765625;1.028564453125;;;;;;;;;;;;;;;
94.9632568359375;-0.08349609375;0.38525390625;1.2099609375;;;;;;;;;;;;;;;
94.96658325195312;-0.406494140625;-0.070556640625;0.788818359375;;;;;;;;;;;;;;;
94.96994018554688;-0.057373046875;0.38037109375;0.94482421875;;;;;;;;;;;;;;;
94.97341918945312;-0.16943359375;-0.103271484375;1.014404296875;;;;;;;;;;;;;;;
94.97677612304688;0.35595703125;0.02587890625;1.012451171875;;;;;;;;;;;;;;;
94.98016357421875;0.2861328125;0.226806640625;1.2021484375;;;;;;;;;;;;;;;
94.98355102539062;-0.236083984375;0.0986328125;0.845947265625;;;;;;;;;;;;;;;
94.9869384765625;-0.244873046875;0.40380859375;1.06005859375;;;;;;;;;;;;;;;
94.99032592773438;-0.236083984375;-0.3232421875;0.94775390625;;;;;;;;;;;;;;;
94.99365234375;-0.05419921875;0.1826171875;1.178955078125;;;;;;;;;;;;;;;
94.99703979492188;-0.16357421875;-0.11767578125;0.979248046875;;;;;;;;;;;;;;;
95.00045776367188;0.12255859375;0.280029296875;0.875;;;;;;;;;;;;;;;
95.00384521484375;-0.0634765625;0.230224609375;1.01904296875;;;;;;;;;;;;;;;
95.0072021484375;-0.003173828125;0.04052734375;1.040771484375;;;;;;;;;;;;;;;
95.01065063476562;-0.1630859375;0.10400390625;1.23486328125;;;;;;;;;;;;;;;
95.01400756835938;-0.15771484375;-0.0625;0.941162109375;;;;;;;;;;;;;;;
95.01742553710938;-0.02685546875;0.24072265625;0.927490234375;;;;;;;;;;;;;;;
95.02084350585938;-0.1875;-0.046630859375;0.83447265625;;;;;;;;;;;;;;;
95.0242919921875;0.259033203125;-0.0400390625;1.1474609375;;;;;;;;;;;;;;;
95.0277099609375;0.125;0.236083984375;1.25439453125;;;;;;;;;;;;;;;
95.03103637695312;-0.068603515625;-0.026123046875;1.003662109375;;;;;;;;;;;;;;;
95.03439331054688;-0.282958984375;0.287109375;0.98828125;;;;;;;;;;;;;;;
95.03775024414062;-0.33154296875;-0.193115234375;0.785888671875;;;;;;;;;;;;;;;
95.04104614257812;0.01220703125;0.10400390625;1.098876953125;;;;;;;;;;;;;;;
95.04440307617188;-0.054931640625;0.005126953125;1.022216796875;;;;;;;;;;;;;;;
95.04779052734375;0.046875;0.162109375;1.05908203125;;;;;;;;;;;;;;;
95.05120849609375;-0.18115234375;0.16943359375;0.9462890625;;;;;;;;;;;;;;;
95.0546875;-0.1259765625;0.0244140625;0.889892578125;;;;;;;;;;;;;;;
95.05804443359375;-0.117431640625;0.101318359375;1.145263671875;;;;;;;;;;;;;;;
95.0614013671875;0.03759765625;-0.156005859375;1.071533203125;;;;;;;;;;;;;;;
95.06478881835938;-0.116943359375;0.2568359375;1.064208984375;;;;;;;;;;;;;;;
95.06814575195312;-0.21875;0.04541015625;0.8056640625;;;;;;;;;;;;;;;
95.07156372070312;0.165283203125;0.13525390625;1.015380859375;;;;;;;;;;;;;;;
95.07504272460938;-0.20751953125;0.197509765625;1.200439453125;;;;;;;;;;;;;;;
95.078369140625;-0.0361328125;-0.13623046875;1.107421875;;;;;;;;;;;;;;;
95.08169555664062;-0.267822265625;0.20263671875;1.1181640625;;;;;;;;;;;;;;;
95.08505249023438;-0.02587890625;-0.338134765625;0.765380859375;;;;;;;;;;;;;;;
95.08840942382812;-0.0185546875;0.39599609375;0.970703125;;;;;;;;;;;;;;;
95.09182739257812;-0.16943359375;0.0283203125;0.916259765625;;;;;;;;;;;;;;;
95.09524536132812;0.14111328125;0.23388671875;1.135009765625;;;;;;;;;;;;;;;
95.09857177734375;-0.12109375;0.104736328125;1.111328125;;;;;;;;;;;;;;;
95.10205078125;-0.103515625;-0.06103515625;0.884521484375;;;;;;;;;;;;;;;
95.10540771484375;-0.1826171875;0.158203125;1.009033203125;;;;;;;;;;;;;;;
95.10873413085938;-0.042724609375;-0.308837890625;0.958984375;;;;;;;;;;;;;;;
95.11221313476562;-0.03662109375;0.2451171875;1.1943359375;;;;;;;;;;;;;;;
95.1156005859375;-0.082275390625;-0.0341796875;0.955322265625;;;;;;;;;;;;;;;
95.11892700195312;0.19677734375;0.348388671875;1.0234375;;;;;;;;;;;;;;;
95.12234497070312;-0.46826171875;0.308349609375;0.89501953125;;;;;;;;;;;;;;;
95.12564086914062;0.03955078125;-0.0078125;1.01611328125;;;;;;;;;;;;;;;
95.1290283203125;-0.19384765625;-0.01513671875;1.204833984375;;;;;;;;;;;;;;;
95.13238525390625;0.1484375;-0.316162109375;1.021240234375;;;;;;;;;;;;;;;
95.13589477539062;-0.16357421875;0.30859375;0.98974609375;;;;;;;;;;;;;;;
95.13925170898438;-0.280517578125;-0.068603515625;0.788818359375;;;;;;;;;;;;;;;
95.14263916015625;0.164306640625;0.2236328125;1.18603515625;;;;;;;;;;;;;;;
95.14602661132812;0.096435546875;0.138671875;1.287841796875;;;;;;;;;;;;;;;
95.14947509765625;-0.2353515625;-0.009033203125;1.01708984375;;;;;;;;;;;;;;;
95.15283203125;-0.204833984375;0.1103515625;0.95751953125;;;;;;;;;;;;;;;
95.15621948242188;-0.21240234375;-0.13671875;0.788330078125;;;;;;;;;;;;;;;
95.15957641601562;0.059326171875;0.24755859375;1.10107421875;;;;;;;;;;;;;;;
95.16287231445312;-0.0263671875;-0.119384765625;1.02294921875;;;;;;;;;;;;;;;
95.16629028320312;0.19873046875;0.263427734375;1.15576171875;;;;;;;;;;;;;;;
95.16961669921875;-0.2392578125;0.0126953125;0.937255859375;;;;;;;;;;;;;;;
95.17303466796875;-0.060302734375;0.09765625;0.934326171875;;;;;;;;;;;;;;;
95.17645263671875;-0.06982421875;0.0654296875;1.114013671875;;;;;;;;;;;;;;;
95.1798095703125;0.086669921875;-0.25390625;1.077392578125;;;;;;;;;;;;;;;
95.1832275390625;-0.105712890625;0.330322265625;1.125;;;;;;;;;;;;;;;
95.18661499023438;-0.241455078125;-0.207763671875;0.759521484375;;;;;;;;;;;;;;;
95.18997192382812;0.212646484375;0.32275390625;1.088134765625;;;;;;;;;;;;;;;
95.19338989257812;-0.467041015625;0.09814453125;0.9453125;;;;;;;;;;;;;;;
95.19677734375;-0.18505859375;-0.05224609375;1.099609375;;;;;;;;;;;;;;;
95.20013427734375;-0.196533203125;-0.02490234375;1.116943359375;;;;;;;;;;;;;;;
95.2034912109375;0.061279296875;-0.211669921875;0.78466796875;;;;;;;;;;;;;;;
95.20693969726562;0.0;0.30908203125;0.96533203125;;;;;;;;;;;;;;;
95.21044921875;-0.10888671875;-0.02880859375;0.881103515625;;;;;;;;;;;;;;;
95.21389770507812;0.05859375;0.341552734375;1.2451171875;;;;;;;;;;;;;;;
95.21728515625;-0.05517578125;-0.049072265625;1.105224609375;;;;;;;;;;;;;;;
95.22067260742188;0.00634765625;-0.008056640625;0.9794921875;;;;;;;;;;;;;;;
95.22402954101562;-0.177001953125;0.010498046875;1.001708984375;;;;;;;;;;;;;;;
95.2274169921875;-0.021728515625;0.016357421875;0.934814453125;;;;;;;;;;;;;;;
95.2308349609375;0.015625;0.22119140625;1.182373046875;;;;;;;;;;;;;;;
95.23422241210938;-0.0107421875;-0.163330078125;0.9326171875;;;;;;;;;;;;;;;
95.23773193359375;0.20361328125;0.35498046875;1.0751953125;;;;;;;;;;;;;;;
95.2410888671875;-0.303955078125;0.248291015625;0.860595703125;;;;;;;;;;;;;;;
95.24453735351562;0.063232421875;0.09375;0.9814453125;;;;;;;;;;;;;;;
95.24789428710938;0.057373046875;-0.100341796875;1.18017578125;;;;;;;;;;;;;;;
95.2513427734375;0.05615234375;-0.27978515625;1.050537109375;;;;;;;;;;;;;;;
95.25466918945312;-0.11865234375;0.234375;0.96923828125;;;;;;;;;;;;;;;
95.25802612304688;-0.181396484375;-0.07861328125;0.7841796875;;;;;;;;;;;;;;;
95.26144409179688;0.02783203125;0.369384765625;1.17626953125;;;;;;;;;;;;;;;
95.264892578125;-0.221435546875;0.02490234375;1.176513671875;;;;;;;;;;;;;;;
95.26824951171875;-0.063232421875;0.080810546875;1.14697265625;;;;;;;;;;;;;;;
95.27163696289062;-0.20703125;0.0;0.8798828125;;;;;;;;;;;;;;;
95.27499389648438;0.127685546875;0.07080078125;0.790283203125;;;;;;;;;;;;;;;
95.2783203125;0.058837890625;0.237548828125;1.053955078125;;;;;;;;;;;;;;;
95.28179931640625;0.047119140625;-0.157958984375;1.07080078125;;;;;;;;;;;;;;;
95.28521728515625;0.07177734375;0.284912109375;1.2568359375;;;;;;;;;;;;;;;
95.28851318359375;-0.28857421875;-0.14404296875;0.896484375;;;;;;;;;;;;;;;
95.2918701171875;0.1044921875;0.153076171875;1.013916015625;;;;;;;;;;;;;;;
95.2952880859375;-0.048095703125;0.10888671875;1.021240234375;;;;;;;;;;;;;;;
95.29867553710938;0.125244140625;0.173828125;1.09912109375;;;;;;;;;;;;;;;
95.30206298828125;-0.12109375;0.312744140625;1.0810546875;;;;;;;;;;;;;;;
95.30538940429688;-0.118896484375;-0.1923828125;0.793701171875;;;;;;;;;;;;;;;
95.3087158203125;-0.099853515625;0.402587890625;1.03515625;;;;;;;;;;;;;;;
95.3121337890625;-0.262451171875;0.02587890625;0.8955078125;;;;;;;;;;;;;;;
95.3154296875;0.054931640625;0.0595703125;1.17919921875;;;;;;;;;;;;;;;
95.31881713867188;-0.199951171875;0.0234375;1.041259765625;;;;;;;;;;;;;;;
95.32220458984375;0.184326171875;-0.079833984375;0.9619140625;;;;;;;;;;;;;;;
95.32562255859375;-0.104736328125;0.31298828125;0.9345703125;;;;;;;;;;;;;;;
95.32901000976562;-0.10693359375;-0.080078125;0.86279296875;;;;;;;;;;;;;;;
95.3323974609375;0.0439453125;0.26513671875;1.25634765625;;;;;;;;;;;;;;;
95.335693359375;-0.142822265625;-0.187255859375;1.062255859375;;;;;;;;;;;;;;;
95.33908081054688;0.1298828125;0.047607421875;1.09326171875;;;;;;;;;;;;;;;
95.342529296875;-0.28955078125;0.10595703125;0.913330078125;;;;;;;;;;;;;;;
95.34588623046875;0.049560546875;0.28759765625;0.958740234375;;;;;;;;;;;;;;;
95.34927368164062;-0.13818359375;0.25;1.09765625;;;;;;;;;;;;;;;
95.35275268554688;0.11376953125;-0.228515625;0.97509765625;;;;;;;;;;;;;;;
95.35610961914062;-0.097900390625;0.201416015625;1.073486328125;;;;;;;;;;;;;;;
95.35952758789062;-0.28955078125;0.009765625;0.787109375;;;;;;;;;;;;;;;
95.36285400390625;0.151123046875;0.20068359375;1.07275390625;;;;;;;;;;;;;;;
95.36624145507812;-0.05517578125;0.069091796875;1.052490234375;;;;;;;;;;;;;;;
95.36956787109375;0.17041015625;-0.018798828125;1.16015625;;;;;;;;;;;;;;;
95.3729248046875;-0.359375;0.16845703125;0.980224609375;;;;;;;;;;;;;;;
95.3763427734375;-0.082763671875;-0.077392578125;0.80517578125;;;;;;;;;;;;;;;
95.37969970703125;-0.212158203125;0.2880859375;1.077392578125;;;;;;;;;;;;;;;
95.38311767578125;-0.109375;-0.150146484375;1.0205078125;;;;;;;;;;;;;;;
95.38650512695312;0.15869140625;0.160888671875;1.237060546875;;;;;;;;;;;;;;;
95.38983154296875;-0.114013671875;0.09375;0.880126953125;;;;;;;;;;;;;;;
95.39324951171875;0.15087890625;0.301513671875;0.85791015625;;;;;;;;;;;;;;;
95.39657592773438;-0.16796875;0.187255859375;0.964599609375;;;;;;;;;;;;;;;
95.39993286132812;0.0771484375;-0.293212890625;1.072021484375;;;;;;;;;;;;;;;
95.40335083007812;-0.148681640625;0.215576171875;1.246826171875;;;;;;;;;;;;;;;
95.40667724609375;-0.28857421875;-0.199951171875;0.88427734375;;;;;;;;;;;;;;;
95.4100341796875;0.060546875;0.221435546875;1.04736328125;;;;;;;;;;;;;;;
95.41339111328125;-0.155517578125;0.196533203125;0.906005859375;;;;;;;;;;;;;;;
95.41677856445312;0.168212890625;0.276123046875;1.1484375;;;;;;;;;;;;;;;
95.42010498046875;-0.163818359375;0.1513671875;1.011474609375;;;;;;;;;;;;;;;
95.4234619140625;0.06689453125;-0.101318359375;0.885009765625;;;;;;;;;;;;;;;
95.4267578125;-0.22265625;0.15869140625;1.0009765625;;;;;;;;;;;;;;;
95.43017578125;-0.304443359375;-0.09619140625;0.825927734375;;;;;;;;;;;;;;;
95.43350219726562;0.032958984375;0.076171875;1.23681640625;;;;;;;;;;;;;;;
95.43685913085938;-0.076416015625;-0.046875;1.0009765625;;;;;;;;;;;;;;;
95.44036865234375;0.218505859375;0.282958984375;1.08544921875;;;;;;;;;;;;;;;
95.4437255859375;-0.140380859375;0.21533203125;0.871826171875;;;;;;;;;;;;;;;
95.4471435546875;0.044677734375;-0.048095703125;0.912841796875;;;;;;;;;;;;;;;
95.45053100585938;-0.122802734375;0.186279296875;1.134033203125;;;;;;;;;;;;;;;
95.45391845703125;-0.088134765625;-0.32568359375;1.104248046875;;;;;;;;;;;;;;;
95.4573974609375;-0.099609375;0.064697265625;1.12451171875;;;;;;;;;;;;;;;
95.46072387695312;-0.177978515625;0.046875;0.78662109375;;;;;;;;;;;;;;;
95.46417236328125;0.007568359375;0.50341796875;0.97900390625;;;;;;;;;;;;;;;
95.46759033203125;-0.096435546875;0.129638671875;1.00927734375;;;;;;;;;;;;;;;
95.47097778320312;0.099365234375;-0.02978515625;1.063232421875;;;;;;;;;;;;;;;
95.47433471679688;-0.18017578125;0.1015625;1.065185546875;;;;;;;;;;;;;;;
95.4776611328125;-0.2587890625;-0.141845703125;0.821533203125;;;;;;;;;;;;;;;
95.48114013671875;-0.023193359375;0.176025390625;1.11767578125;;;;;;;;;;;;;;;
95.48455810546875;-0.0634765625;-0.057373046875;1.0048828125;;;;;;;;;;;;;;;
95.4879150390625;0.110595703125;0.26953125;1.199951171875;;;;;;;;;;;;;;;
95.49127197265625;-0.268798828125;0.12353515625;0.93896484375;;;;;;;;;;;;;;;
95.49468994140625;0.04052734375;0.1884765625;0.87890625;;;;;;;;;;;;;;;
95.498046875;-0.226318359375;0.261962890625;0.96923828125;;;;;;;;;;;;;;;
95.50137329101562;0.075927734375;-0.241455078125;1.0537109375;;;;;;;;;;;;;;;
95.50473022460938;-0.040771484375;0.127197265625;1.273193359375;;;;;;;;;;;;;;;
95.508056640625;-0.115966796875;0.0029296875;0.90234375;;;;;;;;;;;;;;;
95.51150512695312;-0.083984375;0.47314453125;0.89208984375;;;;;;;;;;;;;;;
95.51495361328125;-0.156494140625;0.054931640625;0.90234375;;;;;;;;;;;;;;;
95.51834106445312;0.04248046875;-0.14208984375;1.1015625;;;;;;;;;;;;;;;
95.52178955078125;-0.103759765625;0.078369140625;1.21728515625;;;;;;;;;;;;;;;
95.52517700195312;-0.0703125;-0.106689453125;0.947021484375;;;;;;;;;;;;;;;
95.52862548828125;-0.130859375;0.20849609375;1.019287109375;;;;;;;;;;;;;;;
95.53201293945312;-0.099365234375;0.085693359375;0.88330078125;;;;;;;;;;;;;;;
95.53543090820312;0.0537109375;0.358154296875;1.14306640625;;;;;;;;;;;;;;;
95.53884887695312;-0.109130859375;0.171875;1.032958984375;;;;;;;;;;;;;;;
95.54229736328125;0.015869140625;0.041259765625;0.97998046875;;;;;;;;;;;;;;;
95.54568481445312;-0.195556640625;0.0009765625;0.926025390625;;;;;;;;;;;;;;;
95.54904174804688;0.0654296875;-0.142578125;0.8896484375;;;;;;;;;;;;;;;
95.55239868164062;0.215576171875;0.156982421875;1.270263671875;;;;;;;;;;;;;;;
95.55575561523438;0.04150390625;-0.058349609375;1.0439453125;;;;;;;;;;;;;;;
95.55914306640625;-0.040283203125;0.45703125;1.169189453125;;;;;;;;;;;;;;;
95.56246948242188;-0.187255859375;-0.01171875;0.784912109375;;;;;;;;;;;;;;;
95.56591796875;0.0849609375;0.017822265625;0.96630859375;;;;;;;;;;;;;;;
95.56927490234375;-0.106201171875;-0.041015625;1.0556640625;;;;;;;;;;;;;;;
95.57266235351562;-0.1708984375;-0.06494140625;1.0546875;;;;;;;;;;;;;;;
95.57601928710938;-0.00927734375;0.122802734375;1.154296875;;;;;;;;;;;;;;;
95.5794677734375;-0.150634765625;0.042236328125;0.8271484375;;;;;;;;;;;;;;;
95.58279418945312;0.0810546875;0.38427734375;1.032958984375;;;;;;;;;;;;;;;
95.58624267578125;-0.148681640625;0.06396484375;0.91845703125;;;;;;;;;;;;;;;
95.58966064453125;0.125;0.069580078125;1.133544921875;;;;;;;;;;;;;;;
95.59310913085938;-0.15771484375;-0.0205078125;1.021484375;;;;;;;;;;;;;;;
95.59646606445312;0.044677734375;-0.084228515625;0.861328125;;;;;;;;;;;;;;;
95.59982299804688;-0.0927734375;0.189453125;1.144775390625;;;;;;;;;;;;;;;
95.60324096679688;-0.096435546875;-0.08642578125;1.01513671875;;;;;;;;;;;;;;;
95.60659790039062;-0.038330078125;0.244384765625;1.249267578125;;;;;;;;;;;;;;;
95.60995483398438;-0.15625;-0.079833984375;0.847900390625;;;;;;;;;;;;;;;
95.61334228515625;0.201171875;0.3720703125;0.901611328125;;;;;;;;;;;;;;;
95.61676025390625;-0.1513671875;0.181884765625;0.86865234375;;;;;;;;;;;;;;;
95.62017822265625;0.180908203125;0.052734375;1.005859375;;;;;;;;;;;;;;;
95.62356567382812;0.171142578125;0.01123046875;1.304443359375;;;;;;;;;;;;;;;
95.626953125;-0.14111328125;-0.078369140625;0.954833984375;;;;;;;;;;;;;;;
95.63037109375;-0.10498046875;0.1494140625;0.977294921875;;;;;;;;;;;;;;;
95.6337890625;-0.310791015625;-0.029052734375;0.775146484375;;;;;;;;;;;;;;;
95.63717651367188;0.20263671875;0.07421875;1.103271484375;;;;;;;;;;;;;;;
95.640625;-0.033203125;0.11474609375;1.13427734375;;;;;;;;;;;;;;;
95.64398193359375;0.0791015625;0.15185546875;1.04736328125;;;;;;;;;;;;;;;
95.64739990234375;-0.10302734375;0.19580078125;0.995361328125;;;;;;;;;;;;;;;
95.6507568359375;-0.180419921875;0.03173828125;0.83935546875;;;;;;;;;;;;;;;
95.65414428710938;0.01708984375;0.035888671875;1.171142578125;;;;;;;;;;;;;;;
95.65753173828125;-0.0439453125;-0.04345703125;1.01513671875;;;;;;;;;;;;;;;
95.66098022460938;0.19384765625;0.201904296875;1.062255859375;;;;;;;;;;;;;;;
95.664306640625;-0.281005859375;0.01611328125;0.804443359375;;;;;;;;;;;;;;;
95.66775512695312;0.29150390625;0.064453125;0.980224609375;;;;;;;;;;;;;;;
95.67111206054688;0.23828125;0.21044921875;1.24267578125;;;;;;;;;;;;;;;
95.67453002929688;-0.02392578125;-0.02587890625;1.064697265625;;;;;;;;;;;;;;;
95.6778564453125;-0.2119140625;0.271484375;1.171630859375;;;;;;;;;;;;;;;
95.68121337890625;-0.351318359375;-0.1708984375;0.752197265625;;;;;;;;;;;;;;;
95.68460083007812;0.06787109375;0.238525390625;0.96337890625;;;;;;;;;;;;;;;
95.68792724609375;-0.14013671875;-0.043701171875;0.921875;;;;;;;;;;;;;;;
95.69125366210938;0.08056640625;0.055908203125;1.145751953125;;;;;;;;;;;;;;;
95.69464111328125;-0.082275390625;0.113037109375;1.101806640625;;;;;;;;;;;;;;;
95.69808959960938;-0.06884765625;0.007568359375;0.8994140625;;;;;;;;;;;;;;;
95.70147705078125;-0.13818359375;0.26513671875;1.01025390625;;;;;;;;;;;;;;;
95.7049560546875;-0.0849609375;0.01513671875;0.946044921875;;;;;;;;;;;;;;;
95.70834350585938;-0.01318359375;0.208740234375;1.1884765625;;;;;;;;;;;;;;;
95.71170043945312;-0.28515625;-0.08154296875;0.93701171875;;;;;;;;;;;;;;;
95.71505737304688;0.211181640625;-0.094970703125;0.983642578125;;;;;;;;;;;;;;;
95.7183837890625;-0.135498046875;0.283203125;1.06298828125;;;;;;;;;;;;;;;
95.72183227539062;-0.062255859375;0.008544921875;0.985595703125;;;;;;;;;;;;;;;
95.72518920898438;-0.0546875;0.29638671875;1.216796875;;;;;;;;;;;;;;;
95.72860717773438;-0.042724609375;-0.231201171875;0.912109375;;;;;;;;;;;;;;;
95.73202514648438;0.0107421875;0.2744140625;0.942138671875;;;;;;;;;;;;;;;
95.73541259765625;-0.231201171875;0.104248046875;0.75390625;;;;;;;;;;;;;;;
95.73883056640625;0.213134765625;0.146728515625;1.074951171875;;;;;;;;;;;;;;;
95.74224853515625;-0.03759765625;0.1181640625;1.19384765625;;;;;;;;;;;;;;;
95.74569702148438;-0.00732421875;-0.131591796875;1.03564453125;;;;;;;;;;;;;;;
95.74911499023438;-0.14111328125;0.1181640625;1.003662109375;;;;;;;;;;;;;;;
95.75250244140625;-0.18017578125;-0.162109375;0.78759765625;;;;;;;;;;;;;;;
95.75579833984375;0.029296875;0.24462890625;1.086669921875;;;;;;;;;;;;;;;
95.75918579101562;-0.061767578125;0.03369140625;1.0703125;;;;;;;;;;;;;;;
95.7625732421875;0.076904296875;0.289794921875;1.133544921875;;;;;;;;;;;;;;;
95.76596069335938;-0.23291015625;0.23974609375;0.9345703125;;;;;;;;;;;;;;;
95.76934814453125;0.029296875;0.01123046875;0.83935546875;;;;;;;;;;;;;;;
95.772705078125;-0.07080078125;0.017333984375;1.130615234375;;;;;;;;;;;;;;;
95.77609252929688;0.106689453125;-0.363037109375;1.077392578125;;;;;;;;;;;;;;;
95.77947998046875;0.007568359375;0.353759765625;1.125244140625;;;;;;;;;;;;;;;
95.7828369140625;-0.21875;-0.081787109375;0.755615234375;;;;;;;;;;;;;;;
95.78622436523438;0.09716796875;0.312255859375;1.0341796875;;;;;;;;;;;;;;;
95.78955078125;0.0048828125;0.168701171875;1.1376953125;;;;;;;;;;;;;;;
95.79287719726562;0.01123046875;-0.048095703125;1.1083984375;;;;;;;;;;;;;;;
95.79638671875;-0.209228515625;0.11962890625;1.1552734375;;;;;;;;;;;;;;;
95.79983520507812;-0.204833984375;-0.36328125;0.796142578125;;;;;;;;;;;;;;;
95.80322265625;-0.06494140625;0.352783203125;0.96533203125;;;;;;;;;;;;;;;
95.80661010742188;-0.08203125;-0.0927734375;0.860107421875;;;;;;;;;;;;;;;
95.80996704101562;0.1279296875;0.3701171875;1.2080078125;;;;;;;;;;;;;;;
95.8133544921875;-0.1298828125;0.171630859375;1.091552734375;;;;;;;;;;;;;;;
95.8167724609375;0.04150390625;0.04052734375;0.971435546875;;;;;;;;;;;;;;;
95.8201904296875;-0.147705078125;0.0771484375;0.989990234375;;;;;;;;;;;;;;;
95.82363891601562;0.0234375;-0.25;0.9384765625;;;;;;;;;;;;;;;
95.82699584960938;-0.02197265625;0.217529296875;1.209716796875;;;;;;;;;;;;;;;
95.830322265625;-0.102783203125;-0.1689453125;0.9482421875;;;;;;;;;;;;;;;
95.83367919921875;0.0908203125;0.223388671875;1.091796875;;;;;;;;;;;;;;;
95.8370361328125;-0.47119140625;0.189453125;1.018798828125;;;;;;;;;;;;;;;
95.84051513671875;-0.191650390625;0.1220703125;0.9931640625;;;;;;;;;;;;;;;
95.84390258789062;-0.097900390625;0.048828125;1.152099609375;;;;;;;;;;;;;;;
95.84725952148438;0.19775390625;-0.269775390625;0.92822265625;;;;;;;;;;;;;;;
95.85064697265625;0.03955078125;0.243896484375;1.032958984375;;;;;;;;;;;;;;;
95.85406494140625;-0.2177734375;-0.013916015625;0.746337890625;;;;;;;;;;;;;;;
95.85739135742188;-0.046142578125;0.383056640625;1.153076171875;;;;;;;;;;;;;;;
95.86080932617188;-0.16064453125;-0.05712890625;1.205078125;;;;;;;;;;;;;;;
95.86419677734375;-0.162109375;-0.090087890625;1.10205078125;;;;;;;;;;;;;;;
95.86764526367188;-0.184814453125;-0.025390625;1.001953125;;;;;;;;;;;;;;;
95.87094116210938;-0.030029296875;0.051513671875;0.80908203125;;;;;;;;;;;;;;;
95.87435913085938;-0.04541015625;0.37939453125;1.083251953125;;;;;;;;;;;;;;;
95.87771606445312;-0.0126953125;-0.166259765625;1.0302734375;;;;;;;;;;;;;;;
95.88104248046875;0.10107421875;0.349609375;1.243408203125;;;;;;;;;;;;;;;
95.88442993164062;-0.371826171875;0.057373046875;0.9140625;;;;;;;;;;;;;;;
95.88790893554688;-0.053955078125;0.064697265625;0.8603515625;;;;;;;;;;;;;;;
95.89129638671875;-0.109619140625;0.076904296875;1.02685546875;;;;;;;;;;;;;;;
95.89468383789062;0.169921875;-0.343505859375;1.096435546875;;;;;;;;;;;;;;;
95.89804077148438;-0.199462890625;0.37841796875;1.16845703125;;;;;;;;;;;;;;;
95.90139770507812;-0.13720703125;-0.1845703125;0.79443359375;;;;;;;;;;;;;;;
95.90484619140625;-0.041015625;0.53271484375;1.070068359375;;;;;;;;;;;;;;;
95.90817260742188;-0.207763671875;-0.048095703125;1.082275390625;;;;;;;;;;;;;;;
95.91146850585938;-0.20166015625;0.0009765625;1.145751953125;;;;;;;;;;;;;;;
95.91482543945312;-0.161376953125;-0.203369140625;1.03564453125;;;;;;;;;;;;;;;
95.91815185546875;-0.035400390625;-0.05126953125;0.8271484375;;;;;;;;;;;;;;;
95.92160034179688;-0.058837890625;0.3505859375;0.96484375;;;;;;;;;;;;;;;
95.92498779296875;-0.084228515625;-0.011962890625;0.88427734375;;;;;;;;;;;;;;;
95.92840576171875;0.178466796875;0.377685546875;1.27587890625;;;;;;;;;;;;;;;
95.93182373046875;-0.1240234375;0.12060546875;1.12060546875;;;;;;;;;;;;;;;
95.93515014648438;-0.10107421875;0.036865234375;1.043701171875;;;;;;;;;;;;;;;
95.93850708007812;-0.10888671875;-0.033203125;0.9345703125;;;;;;;;;;;;;;;
95.94186401367188;-0.0205078125;-0.207275390625;0.9296875;;;;;;;;;;;;;;;
95.94525146484375;-0.02392578125;0.12939453125;1.14306640625;;;;;;;;;;;;;;;
95.94857788085938;-0.16015625;-0.233642578125;0.961181640625;;;;;;;;;;;;;;;
95.95196533203125;0.08642578125;0.36181640625;1.121826171875;;;;;;;;;;;;;;;
95.95535278320312;-0.415283203125;0.134521484375;0.830810546875;;;;;;;;;;;;;;;
95.95877075195312;-0.10107421875;0.257568359375;1.05908203125;;;;;;;;;;;;;;;
95.96212768554688;-0.1240234375;-0.106689453125;1.082275390625;;;;;;;;;;;;;;;
95.96554565429688;0.119873046875;-0.116943359375;0.98828125;;;;;;;;;;;;;;;
95.968994140625;-0.01416015625;0.13134765625;1.00439453125;;;;;;;;;;;;;;;
95.972412109375;-0.070556640625;-0.0869140625;0.802001953125;;;;;;;;;;;;;;;
95.97576904296875;-0.10791015625;0.380615234375;1.178955078125;;;;;;;;;;;;;;;
95.9791259765625;-0.1044921875;-0.110595703125;1.10693359375;;;;;;;;;;;;;;;
95.98248291015625;0.0068359375;0.076171875;1.238037109375;;;;;;;;;;;;;;;
95.98590087890625;-0.20556640625;-0.06005859375;0.95361328125;;;;;;;;;;;;;;;
95.98931884765625;0.007080078125;0.3134765625;0.821044921875;;;;;;;;;;;;;;;
95.99273681640625;-0.037841796875;0.28125;0.99609375;;;;;;;;;;;;;;;
95.99615478515625;0.09130859375;-0.20263671875;0.99658203125;;;;;;;;;;;;;;;
95.99951171875;-0.02001953125;0.17919921875;1.277099609375;;;;;;;;;;;;;;;
96.00283813476562;-0.235107421875;-0.024658203125;0.904541015625;;;;;;;;;;;;;;;
96.0062255859375;0.083984375;0.172607421875;0.92578125;;;;;;;;;;;;;;;
96.00961303710938;-0.114990234375;0.15234375;0.927734375;;;;;;;;;;;;;;;
96.01303100585938;0.156494140625;-0.119873046875;1.1025390625;;;;;;;;;;;;;;;
96.01641845703125;-0.119873046875;0.259521484375;1.113525390625;;;;;;;;;;;;;;;
96.01980590820312;0.015380859375;-0.12841796875;0.867431640625;;;;;;;;;;;;;;;
96.023193359375;-0.186279296875;0.359619140625;1.022216796875;;;;;;;;;;;;;;;
96.02658081054688;-0.160888671875;-0.103759765625;0.94384765625;;;;;;;;;;;;;;;
96.030029296875;0.160400390625;0.034423828125;1.228515625;;;;;;;;;;;;;;;
96.03341674804688;-0.051513671875;-0.01318359375;1.02099609375;;;;;;;;;;;;;;;
96.03680419921875;0.144775390625;0.248779296875;0.90234375;;;;;;;;;;;;;;;
96.04025268554688;-0.0732421875;0.271484375;0.87255859375;;;;;;;;;;;;;;;
96.04360961914062;-0.000732421875;0.007568359375;0.91455078125;;;;;;;;;;;;;;;
96.04702758789062;0.052734375;0.117431640625;1.287841796875;;;;;;;;;;;;;;;
96.0504150390625;-0.19873046875;-0.33837890625;1.0810546875;;;;;;;;;;;;;;;
96.05377197265625;0.091064453125;0.00830078125;1.120849609375;;;;;;;;;;;;;;;
96.05718994140625;-0.236083984375;0.13525390625;0.812255859375;;;;;;;;;;;;;;;
96.06057739257812;0.20654296875;0.537353515625;0.953857421875;;;;;;;;;;;;;;;
96.06396484375;-0.005126953125;0.275634765625;1.03759765625;;;;;;;;;;;;;;;
96.06741333007812;0.043212890625;-0.133056640625;1.035400390625;;;;;;;;;;;;;;;
96.07080078125;-0.201416015625;0.30810546875;1.0791015625;;;;;;;;;;;;;;;
96.07424926757812;-0.186767578125;-0.184326171875;0.80810546875;;;;;;;;;;;;;;;
96.07763671875;0.145751953125;0.206298828125;1.106689453125;;;;;;;;;;;;;;;
96.08102416992188;-0.042724609375;-0.00927734375;1.008544921875;;;;;;;;;;;;;;;
96.08447265625;0.091796875;0.208740234375;1.204833984375;;;;;;;;;;;;;;;
96.08786010742188;-0.227783203125;0.14794921875;0.94482421875;;;;;;;;;;;;;;;
96.09124755859375;0.000244140625;-0.088623046875;0.83740234375;;;;;;;;;;;;;;;
96.0946044921875;-0.144775390625;0.1787109375;0.98779296875;;;;;;;;;;;;;;;
96.09799194335938;-0.23095703125;-0.177490234375;1.003662109375;;;;;;;;;;;;;;;
96.10134887695312;0.22265625;0.105224609375;1.300048828125;;;;;;;;;;;;;;;
96.10467529296875;-0.158447265625;0.128662109375;0.897705078125;;;;;;;;;;;;;;;
96.1080322265625;0.1103515625;0.31591796875;0.904296875;;;;;;;;;;;;;;;
96.11141967773438;-0.256591796875;0.265380859375;0.86083984375;;;;;;;;;;;;;;;
96.11480712890625;0.163818359375;-0.280517578125;1.006103515625;;;;;;;;;;;;;;;
96.11813354492188;-0.126708984375;0.115966796875;1.2294921875;;;;;;;;;;;;;;;
96.12167358398438;-0.079833984375;-0.189697265625;0.904541015625;;;;;;;;;;;;;;;
96.1251220703125;0.08642578125;0.28515625;0.99658203125;;;;;;;;;;;;;;;
96.12847900390625;-0.142578125;0.1708984375;0.851806640625;;;;;;;;;;;;;;;
96.13186645507812;0.0869140625;0.17236328125;1.169677734375;;;;;;;;;;;;;;;
96.13525390625;-0.18505859375;0.140380859375;1.1083984375;;;;;;;;;;;;;;;
96.13858032226562;0.071533203125;-0.07666015625;0.962646484375;;;;;;;;;;;;;;;
96.14208984375;-0.2861328125;0.166259765625;0.90478515625;;;;;;;;;;;;;;;
96.14544677734375;0.212158203125;-0.1015625;0.80517578125;;;;;;;;;;;;;;;
96.14883422851562;0.49169921875;0.22314453125;1.2822265625;;;;;;;;;;;;;;;
96.1522216796875;0.012939453125;0.140869140625;1.0361328125;;;;;;;;;;;;;;;
96.15560913085938;-0.037353515625;0.36181640625;1.010498046875;;;;;;;;;;;;;;;
96.15902709960938;-0.321533203125;0.009033203125;0.8017578125;;;;;;;;;;;;;;;
96.16244506835938;0.115478515625;-0.0546875;0.892333984375;;;;;;;;;;;;;;;
96.16574096679688;-0.009521484375;0.048095703125;1.239501953125;;;;;;;;;;;;;;;
96.16912841796875;-0.27001953125;-0.125;1.02392578125;;;;;;;;;;;;;;;
96.17245483398438;0.146484375;0.1142578125;1.158935546875;;;;;;;;;;;;;;;
96.17587280273438;-0.14208984375;0.113037109375;0.795654296875;;;;;;;;;;;;;;;
96.17922973632812;0.148193359375;0.495361328125;0.993896484375;;;;;;;;;;;;;;;
96.18258666992188;-0.22412109375;0.197509765625;0.9443359375;;;;;;;;;;;;;;;
96.1859130859375;0.126953125;-0.016357421875;1.10302734375;;;;;;;;;;;;;;;
96.18927001953125;-0.2548828125;-0.040771484375;1.042724609375;;;;;;;;;;;;;;;
96.19265747070312;-0.121826171875;-0.284912109375;0.7998046875;;;;;;;;;;;;;;;
96.196044921875;-0.016357421875;0.20849609375;1.095703125;;;;;;;;;;;;;;;
96.19943237304688;0.020263671875;0.098388671875;0.97900390625;;;;;;;;;;;;;;;
96.20278930664062;0.104248046875;0.46435546875;1.265380859375;;;;;;;;;;;;;;;
96.20614624023438;-0.260009765625;0.105712890625;0.895263671875;;;;;;;;;;;;;;;
96.20956420898438;0.129638671875;0.1875;0.90771484375;;;;;;;;;;;;;;;
96.21295166015625;-0.28369140625;0.127685546875;0.861572265625;;;;;;;;;;;;;;;
96.21646118164062;-0.154296875;-0.210693359375;1.025390625;;;;;;;;;;;;;;;
96.21975708007812;0.025634765625;0.053955078125;1.26513671875;;;;;;;;;;;;;;;
96.22320556640625;-0.019287109375;-0.032470703125;0.94384765625;;;;;;;;;;;;;;;
96.22659301757812;0.11328125;0.432861328125;0.9658203125;;;;;;;;;;;;;;;
96.22994995117188;-0.271728515625;0.22509765625;0.79736328125;;;;;;;;;;;;;;;
96.23333740234375;0.151123046875;0.047119140625;1.117919921875;;;;;;;;;;;;;;;
96.2366943359375;-0.149169921875;0.023193359375;1.157470703125;;;;;;;;;;;;;;;
96.24002075195312;0.0537109375;-0.25927734375;1.04296875;;;;;;;;;;;;;;;
96.24343872070312;-0.25830078125;0.176513671875;1.05126953125;;;;;;;;;;;;;;;
96.24673461914062;-0.171142578125;0.04541015625;0.82568359375;;;;;;;;;;;;;;;
96.2501220703125;-0.021728515625;0.336669921875;1.1669921875;;;;;;;;;;;;;;;
96.25363159179688;-0.042724609375;-0.025634765625;1.048095703125;;;;;;;;;;;;;;;
96.257080078125;0.117919921875;0.2255859375;1.052001953125;;;;;;;;;;;;;;;
96.26055908203125;-0.27587890625;0.085205078125;0.833251953125;;;;;;;;;;;;;;;
96.263916015625;0.130615234375;0.0615234375;0.888427734375;;;;;;;;;;;;;;;
96.26727294921875;-0.075927734375;0.1943359375;1.23291015625;;;;;;;;;;;;;;;
96.2706298828125;-0.0205078125;-0.01611328125;1.068603515625;;;;;;;;;;;;;;;
96.27395629882812;-0.183837890625;0.266357421875;1.06298828125;;;;;;;;;;;;;;;
96.27731323242188;-0.262939453125;-0.140869140625;0.77197265625;;;;;;;;;;;;;;;
96.28076171875;0.00732421875;0.085693359375;0.956787109375;;;;;;;;;;;;;;;
96.28411865234375;-0.16357421875;0.024169921875;1.15869140625;;;;;;;;;;;;;;;
96.28756713867188;-0.00927734375;0.103515625;1.126220703125;;;;;;;;;;;;;;;
96.29092407226562;-0.2109375;0.1982421875;1.12451171875;;;;;;;;;;;;;;;
96.29440307617188;-0.054931640625;-0.080078125;0.8095703125;;;;;;;;;;;;;;;
96.29782104492188;-0.056396484375;0.2822265625;1.021728515625;;;;;;;;;;;;;;;
96.30130004882812;-0.0556640625;0.00732421875;0.908935546875;;;;;;;;;;;;;;;
96.3046875;0.033935546875;0.162841796875;1.184326171875;;;;;;;;;;;;;;;
96.30807495117188;-0.223876953125;-0.01953125;0.9853515625;;;;;;;;;;;;;;;
96.3114013671875;0.14013671875;-0.043212890625;0.926025390625;;;;;;;;;;;;;;;
96.3148193359375;0.068359375;0.25439453125;1.086181640625;;;;;;;;;;;;;;;
96.3182373046875;-0.05810546875;-0.0478515625;0.9970703125;;;;;;;;;;;;;;;
96.32156372070312;-0.087646484375;0.183837890625;1.22509765625;;;;;;;;;;;;;;;
96.32498168945312;-0.33056640625;-0.1240234375;0.85107421875;;;;;;;;;;;;;;;
96.32833862304688;0.15380859375;0.4140625;0.9814453125;;;;;;;;;;;;;;;
96.33172607421875;-0.201416015625;0.115478515625;0.772216796875;;;;;;;;;;;;;;;
96.33514404296875;0.136962890625;0.181640625;1.026123046875;;;;;;;;;;;;;;;
96.3385009765625;0.162109375;-0.0146484375;1.282958984375;;;;;;;;;;;;;;;
96.34188842773438;-0.1611328125;-0.167724609375;0.9970703125;;;;;;;;;;;;;;;
96.34536743164062;0.006103515625;0.11865234375;1.00830078125;;;;;;;;;;;;;;;
96.34881591796875;-0.2470703125;0.104248046875;0.7509765625;;;;;;;;;;;;;;;
96.35223388671875;0.1220703125;0.296630859375;1.119384765625;;;;;;;;;;;;;;;
96.35562133789062;-0.0341796875;0.0419921875;1.08837890625;;;;;;;;;;;;;;;
96.3590087890625;0.086669921875;-0.00537109375;1.12744140625;;;;;;;;;;;;;;;
96.36239624023438;-0.074462890625;0.087158203125;0.98828125;;;;;;;;;;;;;;;
96.36575317382812;-0.171142578125;-0.013671875;0.842529296875;;;;;;;;;;;;;;;
96.36911010742188;0.040771484375;0.12158203125;1.124755859375;;;;;;;;;;;;;;;
96.37246704101562;0.033447265625;-0.115966796875;0.974609375;;;;;;;;;;;;;;;
96.37582397460938;0.181884765625;0.375;1.142822265625;;;;;;;;;;;;;;;
96.37921142578125;-0.28955078125;0.14111328125;0.765380859375;;;;;;;;;;;;;;;
96.38259887695312;0.2353515625;0.2626953125;0.873779296875;;;;;;;;;;;;;;;
96.38595581054688;0.1826171875;0.08154296875;1.181884765625;;;;;;;;;;;;;;;
96.38931274414062;-0.043212890625;-0.058349609375;1.0966796875;;;;;;;;;;;;;;;
96.39273071289062;-0.167724609375;0.03662109375;1.179931640625;;;;;;;;;;;;;;;
96.39605712890625;-0.281494140625;-0.248291015625;0.7470703125;;;;;;;;;;;;;;;
96.3994140625;0.0556640625;0.25146484375;0.977294921875;;;;;;;;;;;;;;;
96.40283203125;-0.163818359375;0.041259765625;1.005126953125;;;;;;;;;;;;;;;
96.40625;0.153076171875;0.326904296875;1.184326171875;;;;;;;;;;;;;;;
96.40966796875;0.02734375;0.232177734375;1.150390625;;;;;;;;;;;;;;;
96.41302490234375;-0.12890625;0.01806640625;0.841064453125;;;;;;;;;;;;;;;
96.41641235351562;-0.083740234375;-0.00537109375;1.013916015625;;;;;;;;;;;;;;;
96.41983032226562;-0.048095703125;-0.16796875;0.89892578125;;;;;;;;;;;;;;;
96.42318725585938;0.035400390625;0.2236328125;1.20361328125;;;;;;;;;;;;;;;
96.42666625976562;-0.242919921875;-0.08056640625;0.951171875;;;;;;;;;;;;;;;
96.4300537109375;0.13330078125;0.109130859375;1.041015625;;;;;;;;;;;;;;;
96.43350219726562;-0.201416015625;0.2421875;1.0048828125;;;;;;;;;;;;;;;
96.43695068359375;-0.07177734375;0.146240234375;0.980224609375;;;;;;;;;;;;;;;
96.4404296875;-0.01953125;0.129150390625;1.1845703125;;;;;;;;;;;;;;;
96.44381713867188;-0.1845703125;-0.30517578125;0.9228515625;;;;;;;;;;;;;;;
96.44717407226562;0.01416015625;0.216064453125;0.99169921875;;;;;;;;;;;;;;;
96.4505615234375;-0.19287109375;0.021484375;0.74462890625;;;;;;;;;;;;;;;
96.45391845703125;0.2197265625;0.301025390625;1.118408203125;;;;;;;;;;;;;;;
96.45733642578125;-0.033935546875;0.03466796875;1.15087890625;;;;;;;;;;;;;;;
96.460693359375;0.016845703125;-0.01904296875;1.114990234375;;;;;;;;;;;;;;;
96.46414184570312;-0.1611328125;-0.002685546875;1.0283203125;;;;;;;;;;;;;;;
96.46746826171875;-0.145263671875;-0.025634765625;0.7841796875;;;;;;;;;;;;;;;
96.47091674804688;-0.00146484375;0.3076171875;1.06787109375;;;;;;;;;;;;;;;
96.474365234375;-0.146484375;-0.151123046875;0.98046875;;;;;;;;;;;;;;;
96.477783203125;0.167724609375;0.048095703125;1.2294921875;;;;;;;;;;;;;;;
96.48123168945312;-0.262451171875;0.069580078125;0.900146484375;;;;;;;;;;;;;;;
96.484619140625;-0.057373046875;0.151611328125;0.837890625;;;;;;;;;;;;;;;
96.48800659179688;-0.039794921875;0.15185546875;1.077880859375;;;;;;;;;;;;;;;
96.49142456054688;0.109375;-0.292724609375;1.034912109375;;;;;;;;;;;;;;;
96.494873046875;-0.090576171875;0.274169921875;1.13623046875;;;;;;;;;;;;;;;
96.49835205078125;-0.154052734375;0.038818359375;0.77734375;;;;;;;;;;;;;;;
96.50164794921875;0.03173828125;0.3388671875;0.966552734375;;;;;;;;;;;;;;;
96.50506591796875;-0.144775390625;0.03759765625;1.0302734375;;;;;;;;;;;;;;;
96.50857543945312;0.134765625;-0.173095703125;1.141845703125;;;;;;;;;;;;;;;
96.51193237304688;-0.104736328125;0.02490234375;1.162841796875;;;;;;;;;;;;;;;
96.5152587890625;-0.047119140625;-0.108154296875;0.830810546875;;;;;;;;;;;;;;;
96.51870727539062;-0.114501953125;0.44970703125;0.960205078125;;;;;;;;;;;;;;;
96.52206420898438;-0.085693359375;0.009033203125;0.89892578125;;;;;;;;;;;;;;;
96.52545166015625;0.155517578125;0.27294921875;1.2548828125;;;;;;;;;;;;;;;
96.52886962890625;-0.102783203125;0.048583984375;1.09130859375;;;;;;;;;;;;;;;
96.53216552734375;0.156982421875;-0.035888671875;0.859130859375;;;;;;;;;;;;;;;
96.53558349609375;-0.0517578125;0.07568359375;0.95068359375;;;;;;;;;;;;;;;
96.53903198242188;0.0087890625;-0.260498046875;0.920654296875;;;;;;;;;;;;;;;
96.54238891601562;-0.036376953125;0.281982421875;1.212890625;;;;;;;;;;;;;;;
96.5457763671875;-0.10791015625;-0.18359375;0.9580078125;;;;;;;;;;;;;;;
96.54913330078125;0.000244140625;0.361328125;1.092041015625;;;;;;;;;;;;;;;
96.55255126953125;-0.273681640625;0.060791015625;0.9296875;;;;;;;;;;;;;;;
96.555908203125;-0.02294921875;0.150390625;1.010498046875;;;;;;;;;;;;;;;
96.55923461914062;-0.0146484375;0.014892578125;1.106689453125;;;;;;;;;;;;;;;
96.56265258789062;0.03955078125;-0.193603515625;0.993896484375;;;;;;;;;;;;;;;
96.56597900390625;-0.106201171875;0.231689453125;0.99658203125;;;;;;;;;;;;;;;
96.5693359375;-0.09326171875;-0.04931640625;0.772216796875;;;;;;;;;;;;;;;
96.57272338867188;0.16064453125;0.384033203125;1.20361328125;;;;;;;;;;;;;;;
96.57611083984375;-0.327880859375;-0.137939453125;1.0849609375;;;;;;;;;;;;;;;
96.57940673828125;0.0263671875;0.019775390625;1.18701171875;;;;;;;;;;;;;;;
96.58279418945312;-0.235107421875;0.04638671875;1.00048828125;;;;;;;;;;;;;;;
96.58621215820312;0.041748046875;0.129638671875;0.80078125;;;;;;;;;;;;;;;
96.58956909179688;-0.089111328125;0.356689453125;1.02685546875;;;;;;;;;;;;;;;
96.59295654296875;-0.098388671875;-0.2880859375;1.0009765625;;;;;;;;;;;;;;;
96.59640502929688;-0.08740234375;0.310302734375;1.268310546875;;;;;;;;;;;;;;;
96.59979248046875;-0.321044921875;-0.086669921875;0.88037109375;;;;;;;;;;;;;;;
96.60324096679688;-0.123046875;0.2275390625;0.879150390625;;;;;;;;;;;;;;;
96.60665893554688;-0.094970703125;0.06787109375;0.94921875;;;;;;;;;;;;;;;
96.610107421875;0.1982421875;-0.135498046875;1.11083984375;;;;;;;;;;;;;;;
96.61349487304688;-0.161865234375;0.313232421875;1.17431640625;;;;;;;;;;;;;;;
96.61688232421875;-0.079345703125;-0.153076171875;0.85400390625;;;;;;;;;;;;;;;
96.6202392578125;-0.205322265625;0.349853515625;1.088623046875;;;;;;;;;;;;;;;
96.62353515625;-0.4560546875;-0.118896484375;0.951904296875;;;;;;;;;;;;;;;
96.626953125;0.082763671875;-0.03466796875;1.187744140625;;;;;;;;;;;;;;;
96.63027954101562;-0.123779296875;0.030029296875;1.12890625;;;;;;;;;;;;;;;
96.6336669921875;0.1591796875;0.216796875;0.897216796875;;;;;;;;;;;;;;;
96.63711547851562;-0.27294921875;0.490966796875;0.9267578125;;;;;;;;;;;;;;;
96.64044189453125;-0.062744140625;-0.177978515625;0.84228515625;;;;;;;;;;;;;;;
96.64382934570312;0.001708984375;0.1494140625;1.2685546875;;;;;;;;;;;;;;;
96.64715576171875;-0.05322265625;-0.216796875;1.09423828125;;;;;;;;;;;;;;;
96.65057373046875;0.026123046875;0.136962890625;0.933837890625;;;;;;;;;;;;;;;
96.654052734375;-0.115234375;0.1435546875;0.876708984375;;;;;;;;;;;;;;;
96.65740966796875;0.039794921875;0.0498046875;0.964599609375;;;;;;;;;;;;;;;
96.6607666015625;-0.24169921875;0.252197265625;1.202392578125;;;;;;;;;;;;;;;
96.6641845703125;-0.035400390625;-0.260498046875;0.99951171875;;;;;;;;;;;;;;;
96.66754150390625;-0.14404296875;0.413330078125;1.0986328125;;;;;;;;;;;;;;;
96.67095947265625;-0.212158203125;-0.18310546875;0.85595703125;;;;;;;;;;;;;;;
96.67440795898438;-0.015869140625;0.243896484375;1.081298828125;;;;;;;;;;;;;;;
96.6778564453125;-0.098388671875;-0.18505859375;1.0146484375;;;;;;;;;;;;;;;
96.68124389648438;0.170654296875;0.219970703125;1.0576171875;;;;;;;;;;;;;;;
96.68463134765625;-0.197509765625;0.113037109375;0.981201171875;;;;;;;;;;;;;;;
96.68795776367188;-0.014404296875;-0.0927734375;0.8212890625;;;;;;;;;;;;;;;
96.6912841796875;-0.052734375;0.34326171875;1.156494140625;;;;;;;;;;;;;;;
96.69467163085938;-0.1142578125;-0.2333984375;1.04833984375;;;;;;;;;;;;;;;
96.69805908203125;0.00830078125;0.1552734375;1.2685546875;;;;;;;;;;;;;;;
96.70147705078125;-0.190673828125;-0.0625;0.9033203125;;;;;;;;;;;;;;;
96.704833984375;0.113037109375;0.40087890625;0.888916015625;;;;;;;;;;;;;;;
96.70819091796875;-0.196533203125;0.216552734375;0.8984375;;;;;;;;;;;;;;;
96.71151733398438;0.008056640625;-0.175537109375;1.021240234375;;;;;;;;;;;;;;;
96.71481323242188;-0.17236328125;0.175537109375;1.21728515625;;;;;;;;;;;;;;;
96.71823120117188;-0.02392578125;-0.1259765625;0.94921875;;;;;;;;;;;;;;;
96.72161865234375;0.09619140625;0.22998046875;1.005615234375;;;;;;;;;;;;;;;
96.72494506835938;-0.17138671875;0.053955078125;0.855712890625;;;;;;;;;;;;;;;
96.72836303710938;0.124267578125;0.114501953125;1.141845703125;;;;;;;;;;;;;;;
96.73171997070312;-0.160400390625;0.1494140625;1.0810546875;;;;;;;;;;;;;;;
96.735107421875;0.11865234375;-0.210693359375;0.972900390625;;;;;;;;;;;;;;;
96.7384033203125;-0.2900390625;0.21826171875;0.923828125;;;;;;;;;;;;;;;
96.74185180664062;-0.227783203125;-0.0693359375;0.91845703125;;;;;;;;;;;;;;;
96.7452392578125;0.04248046875;0.06689453125;1.250244140625;;;;;;;;;;;;;;;
96.74862670898438;0.023681640625;0.0322265625;1.05029296875;;;;;;;;;;;;;;;
96.7520751953125;0.1220703125;0.30859375;0.980224609375;;;;;;;;;;;;;;;
96.7554931640625;-0.176513671875;0.2802734375;0.814208984375;;;;;;;;;;;;;;;
96.7589111328125;0.0859375;-0.068603515625;0.856201171875;;;;;;;;;;;;;;;
96.7623291015625;-0.066162109375;0.059814453125;1.250244140625;;;;;;;;;;;;;;;
96.76577758789062;-0.03759765625;-0.208251953125;1.120849609375;;;;;;;;;;;;;;;
96.76919555664062;-0.157958984375;0.153564453125;1.0673828125;;;;;;;;;;;;;;;
96.7725830078125;-0.169189453125;0.068359375;0.828857421875;;;;;;;;;;;;;;;
96.7760009765625;0.01611328125;0.237060546875;0.974609375;;;;;;;;;;;;;;;
96.77938842773438;-0.1689453125;0.16845703125;1.122802734375;;;;;;;;;;;;;;;
96.7828369140625;0.039794921875;-0.11962890625;1.09375;;;;;;;;;;;;;;;
96.78616333007812;-0.154296875;0.189208984375;1.06201171875;;;;;;;;;;;;;;;
96.78955078125;-0.06591796875;-0.186279296875;0.8388671875;;;;;;;;;;;;;;;
96.79293823242188;0.05908203125;0.2880859375;1.102783203125;;;;;;;;;;;;;;;
96.79629516601562;-0.065185546875;0.008544921875;1.00830078125;;;;;;;;;;;;;;;
96.79971313476562;0.018798828125;0.277587890625;1.131103515625;;;;;;;;;;;;;;;
96.8031005859375;-0.285400390625;0.069091796875;0.925048828125;;;;;;;;;;;;;;;
96.80654907226562;0.08740234375;-0.106689453125;0.88916015625;;;;;;;;;;;;;;;
96.80990600585938;-0.17138671875;0.200439453125;1.086181640625;;;;;;;;;;;;;;;
96.81320190429688;-0.1298828125;-0.11474609375;1.02099609375;;;;;;;;;;;;;;;
96.81655883789062;0.082763671875;0.12255859375;1.28515625;;;;;;;;;;;;;;;
96.81997680664062;-0.08154296875;-0.0166015625;0.889892578125;;;;;;;;;;;;;;;
96.82345581054688;0.12548828125;0.302001953125;0.9580078125;;;;;;;;;;;;;;;
96.82693481445312;-0.302490234375;0.207763671875;0.806396484375;;;;;;;;;;;;;;;
96.83035278320312;0.1474609375;-0.070556640625;1.056396484375;;;;;;;;;;;;;;;
96.83367919921875;-0.08154296875;0.086669921875;1.17236328125;;;;;;;;;;;;;;;
96.83709716796875;-0.018310546875;-0.223876953125;1.001708984375;;;;;;;;;;;;;;;
96.8404541015625;0.0732421875;0.177734375;1.032958984375;;;;;;;;;;;;;;;
96.84378051757812;-0.192626953125;0.05224609375;0.82861328125;;;;;;;;;;;;;;;
96.84713745117188;0.077880859375;0.23779296875;1.17626953125;;;;;;;;;;;;;;;
96.8504638671875;-0.251708984375;0.018798828125;1.0595703125;;;;;;;;;;;;;;;
96.85391235351562;0.129638671875;0.1865234375;1.058837890625;;;;;;;;;;;;;;;
96.85726928710938;-0.257080078125;0.162109375;0.8291015625;;;;;;;;;;;;;;;
96.860595703125;-0.180419921875;0.0302734375;0.792724609375;;;;;;;;;;;;;;;
96.86395263671875;0.467041015625;0.163818359375;1.296142578125;;;;;;;;;;;;;;;
96.86734008789062;-0.15576171875;0.080322265625;1.031982421875;;;;;;;;;;;;;;;
96.8707275390625;0.1982421875;0.2802734375;1.08837890625;;;;;;;;;;;;;;;
96.8741455078125;-0.412353515625;0.184326171875;0.739990234375;;;;;;;;;;;;;;;
96.8775634765625;0.176513671875;0.07080078125;0.96435546875;;;;;;;;;;;;;;;
96.88095092773438;0.006103515625;-0.0068359375;1.134521484375;;;;;;;;;;;;;;;
96.88436889648438;-0.057373046875;-0.291748046875;1.097412109375;;;;;;;;;;;;;;;
96.8876953125;0.08349609375;0.144775390625;1.142822265625;;;;;;;;;;;;;;;
96.89108276367188;-0.21337890625;0.049072265625;0.775634765625;;;;;;;;;;;;;;;
96.89447021484375;0.11376953125;0.47900390625;1.031494140625;;;;;;;;;;;;;;;
96.8978271484375;-0.164306640625;0.03564453125;1.0068359375;;;;;;;;;;;;;;;
96.9012451171875;0.22021484375;0.15185546875;1.2197265625;;;;;;;;;;;;;;;
96.90457153320312;-0.332275390625;0.0908203125;0.97412109375;;;;;;;;;;;;;;;
96.90805053710938;0.186279296875;-0.140625;0.781982421875;;;;;;;;;;;;;;;
96.91146850585938;0.16943359375;0.21435546875;1.106201171875;;;;;;;;;;;;;;;
96.91482543945312;-0.008544921875;0.081787109375;0.96484375;;;;;;;;;;;;;;;
96.918212890625;-0.05810546875;0.341064453125;1.22705078125;;;;;;;;;;;;;;;
96.92160034179688;-0.32470703125;-0.154541015625;0.882080078125;;;;;;;;;;;;;;;
96.92495727539062;0.09912109375;0.0751953125;0.966796875;;;;;;;;;;;;;;;
96.92831420898438;-0.19091796875;-0.013427734375;0.948974609375;;;;;;;;;;;;;;;
96.93170166015625;0.031494140625;0.147216796875;1.02734375;;;;;;;;;;;;;;;
96.93502807617188;0.201904296875;0.1279296875;1.281494140625;;;;;;;;;;;;;;;
96.93838500976562;-0.158935546875;-0.020263671875;0.913330078125;;;;;;;;;;;;;;;
96.94174194335938;0.02197265625;0.145263671875;1.030517578125;;;;;;;;;;;;;;;
96.94509887695312;-0.271240234375;0.113037109375;0.730224609375;;;;;;;;;;;;;;;
96.948486328125;0.10986328125;0.1689453125;1.0947265625;;;;;;;;;;;;;;;
96.95181274414062;-0.066162109375;-0.033203125;1.073486328125;;;;;;;;;;;;;;;
96.95516967773438;0.104248046875;-0.144287109375;1.13427734375;;;;;;;;;;;;;;;
96.95858764648438;-0.076416015625;0.158203125;1.031982421875;;;;;;;;;;;;;;;
96.9619140625;-0.199462890625;0.099365234375;0.8330078125;;;;;;;;;;;;;;;
96.96530151367188;-0.013916015625;0.261962890625;1.14501953125;;;;;;;;;;;;;;;
96.96859741210938;-0.1884765625;-0.207275390625;0.995849609375;;;;;;;;;;;;;;;
96.97195434570312;0.1220703125;0.306396484375;1.13330078125;;;;;;;;;;;;;;;
96.975341796875;-0.2578125;0.018310546875;0.77880859375;;;;;;;;;;;;;;;
96.97866821289062;0.014404296875;0.24853515625;0.863525390625;;;;;;;;;;;;;;;
96.98214721679688;0.016357421875;0.14404296875;1.170166015625;;;;;;;;;;;;;;;
96.98550415039062;-0.001708984375;-0.065185546875;1.079833984375;;;;;;;;;;;;;;;
96.98886108398438;0.01806640625;0.137939453125;1.144775390625;;;;;;;;;;;;;;;
96.9923095703125;-0.25927734375;0.0673828125;0.77294921875;;;;;;;;;;;;;;;
96.99566650390625;-0.0302734375;0.28076171875;0.954833984375;;;;;;;;;;;;;;;
96.9990234375;-0.12646484375;0.003662109375;1.018798828125;;;;;;;;;;;;;;;
97.00247192382812;0.142333984375;-0.125244140625;1.166259765625;;;;;;;;;;;;;;;
97.00576782226562;-0.1181640625;0.157958984375;1.119384765625;;;;;;;;;;;;;;;
97.0091552734375;-0.093994140625;-0.020751953125;0.82861328125;;;;;;;;;;;;;;;
97.01248168945312;-0.112548828125;0.455078125;1.014892578125;;;;;;;;;;;;;;;
97.01589965820312;-0.064208984375;-0.088623046875;0.92041015625;;;;;;;;;;;;;;;
97.01934814453125;0.138916015625;0.240966796875;1.221923828125;;;;;;;;;;;;;;;
97.022705078125;-0.217529296875;0.00390625;0.94482421875;;;;;;;;;;;;;;;
97.02609252929688;0.208984375;0.131103515625;0.81982421875;;;;;;;;;;;;;;;
97.02951049804688;0.038330078125;0.21044921875;1.070556640625;;;;;;;;;;;;;;;
97.03286743164062;-0.135498046875;-0.0791015625;0.97314453125;;;;;;;;;;;;;;;
97.0362548828125;-0.14599609375;0.20458984375;1.25244140625;;;;;;;;;;;;;;;
97.03961181640625;-0.214111328125;-0.290283203125;0.889892578125;;;;;;;;;;;;;;;
97.04296875;0.037109375;0.30322265625;1.017578125;;;;;;;;;;;;;;;
97.04641723632812;-0.270263671875;0.058837890625;0.888427734375;;;;;;;;;;;;;;;
97.04974365234375;0.240478515625;0.296142578125;1.065185546875;;;;;;;;;;;;;;;
97.05316162109375;-0.06982421875;0.07373046875;1.244140625;;;;;;;;;;;;;;;
97.0565185546875;-0.147705078125;-0.15234375;0.9599609375;;;;;;;;;;;;;;;
97.05984497070312;-0.091796875;0.160400390625;1.046630859375;;;;;;;;;;;;;;;
97.063232421875;-0.128173828125;0.012939453125;0.764404296875;;;;;;;;;;;;;;;
97.06658935546875;-0.088134765625;0.420654296875;1.11962890625;;;;;;;;;;;;;;;
97.070068359375;-0.137451171875;-0.1826171875;1.0556640625;;;;;;;;;;;;;;;
97.07345581054688;0.12158203125;0.108642578125;1.203369140625;;;;;;;;;;;;;;;
97.07684326171875;-0.32080078125;0.100341796875;1.061279296875;;;;;;;;;;;;;;;
97.0802001953125;-0.223388671875;0.10107421875;0.834228515625;;;;;;;;;;;;;;;
97.08358764648438;-0.054931640625;0.186279296875;1.084228515625;;;;;;;;;;;;;;;
97.0870361328125;0.14404296875;-0.3046875;0.96533203125;;;;;;;;;;;;;;;
97.09039306640625;0.02392578125;0.369384765625;1.166259765625;;;;;;;;;;;;;;;
97.09381103515625;-0.218017578125;-0.04541015625;0.79931640625;;;;;;;;;;;;;;;
97.09719848632812;0.0703125;0.4189453125;0.96533203125;;;;;;;;;;;;;;;
97.1005859375;-0.289306640625;0.046875;1.106201171875;;;;;;;;;;;;;;;
97.10394287109375;-0.08984375;-0.1181640625;1.110595703125;;;;;;;;;;;;;;;
97.1072998046875;-0.2158203125;0.0205078125;1.186767578125;;;;;;;;;;;;;;;
97.11065673828125;-0.103759765625;-0.201904296875;0.782470703125;;;;;;;;;;;;;;;
97.114013671875;-0.0771484375;0.4521484375;0.97705078125;;;;;;;;;;;;;;;
97.11734008789062;-0.212158203125;0.0009765625;0.97021484375;;;;;;;;;;;;;;;
97.12078857421875;0.1279296875;0.34326171875;1.219970703125;;;;;;;;;;;;;;;
97.1241455078125;-0.1962890625;0.107177734375;1.150634765625;;;;;;;;;;;;;;;
97.1275634765625;-0.1962890625;-0.071044921875;0.865478515625;;;;;;;;;;;;;;;
97.1309814453125;-0.174560546875;0.1826171875;0.985107421875;;;;;;;;;;;;;;;
97.13436889648438;-0.017578125;-0.26513671875;0.90625;;;;;;;;;;;;;;;
97.1378173828125;-0.040283203125;0.32177734375;1.189697265625;;;;;;;;;;;;;;;
97.14120483398438;-0.0693359375;-0.0361328125;0.976806640625;;;;;;;;;;;;;;;
97.14462280273438;0.037353515625;0.410888671875;1.096923828125;;;;;;;;;;;;;;;
97.14801025390625;-0.356201171875;0.052734375;0.9482421875;;;;;;;;;;;;;;;
97.15139770507812;-0.110107421875;-0.0087890625;1.001708984375;;;;;;;;;;;;;;;
97.15478515625;-0.0947265625;-0.123291015625;1.253662109375;;;;;;;;;;;;;;;
97.15817260742188;0.0302734375;-0.1904296875;0.98681640625;;;;;;;;;;;;;;;
97.16152954101562;-0.13671875;0.326904296875;1.00830078125;;;;;;;;;;;;;;;
97.16488647460938;-0.298583984375;0.08740234375;0.8212890625;;;;;;;;;;;;;;;
97.16830444335938;0.077392578125;0.4169921875;1.142578125;;;;;;;;;;;;;;;
97.17160034179688;-0.25830078125;0.13232421875;1.115478515625;;;;;;;;;;;;;;;
97.17495727539062;0.052001953125;-0.0849609375;1.0234375;;;;;;;;;;;;;;;
97.1783447265625;-0.2216796875;-0.070068359375;0.99755859375;;;;;;;;;;;;;;;
97.18173217773438;0.035888671875;-0.19140625;0.8212890625;;;;;;;;;;;;;;;
97.18505859375;-0.111083984375;0.355224609375;1.09765625;;;;;;;;;;;;;;;
97.18844604492188;-0.070068359375;-0.189208984375;1.00732421875;;;;;;;;;;;;;;;
97.19186401367188;-0.02197265625;0.274169921875;1.236083984375;;;;;;;;;;;;;;;
97.19522094726562;-0.202880859375;0.062255859375;0.97314453125;;;;;;;;;;;;;;;
97.19863891601562;-0.101806640625;0.16552734375;0.8740234375;;;;;;;;;;;;;;;
97.2020263671875;-0.072265625;0.052490234375;0.990478515625;;;;;;;;;;;;;;;
97.20535278320312;0.13671875;-0.317626953125;1.046875;;;;;;;;;;;;;;;
97.208740234375;-0.05419921875;0.25439453125;1.15576171875;;;;;;;;;;;;;;;
97.21212768554688;-0.070068359375;-0.165283203125;0.837158203125;;;;;;;;;;;;;;;
97.21548461914062;-0.11767578125;0.431640625;1.016845703125;;;;;;;;;;;;;;;
97.2188720703125;-0.2119140625;0.091064453125;1.017578125;;;;;;;;;;;;;;;
97.22222900390625;-0.005126953125;0.09423828125;1.182373046875;;;;;;;;;;;;;;;
97.22561645507812;-0.143798828125;-0.109130859375;1.158203125;;;;;;;;;;;;;;;
97.22909545898438;-0.00244140625;-0.0380859375;0.88671875;;;;;;;;;;;;;;;
97.232421875;-0.098388671875;0.30078125;0.930419921875;;;;;;;;;;;;;;;
97.23583984375;-0.134521484375;-0.0869140625;0.841064453125;;;;;;;;;;;;;;;
97.23919677734375;0.126220703125;0.28173828125;1.283447265625;;;;;;;;;;;;;;;
97.24264526367188;-0.181640625;0.10302734375;1.107177734375;;;;;;;;;;;;;;;
97.24606323242188;-0.0009765625;0.10009765625;0.943359375;;;;;;;;;;;;;;;
97.24945068359375;-0.200927734375;0.00341796875;0.8681640625;;;;;;;;;;;;;;;
97.25289916992188;0.107421875;-0.159423828125;0.933349609375;;;;;;;;;;;;;;;
97.25628662109375;-0.038818359375;0.1826171875;1.195556640625;;;;;;;;;;;;;;;
97.25958251953125;0.00537109375;-0.07763671875;1.004150390625;;;;;;;;;;;;;;;
97.26287841796875;-0.084716796875;0.312255859375;1.12109375;;;;;;;;;;;;;;;
97.26629638671875;-0.287841796875;-0.00439453125;0.88525390625;;;;;;;;;;;;;;;
97.26971435546875;0.098876953125;0.06298828125;1.06005859375;;;;;;;;;;;;;;;
97.27313232421875;-0.052734375;-0.066162109375;1.02783203125;;;;;;;;;;;;;;;
97.2764892578125;0.085693359375;0.00244140625;1.087158203125;;;;;;;;;;;;;;;
97.27987670898438;-0.1787109375;0.309814453125;0.97802734375;;;;;;;;;;;;;;;
97.28323364257812;-0.047119140625;-0.072998046875;0.7841796875;;;;;;;;;;;;;;;
97.28659057617188;0.1044921875;0.29541015625;1.150146484375;;;;;;;;;;;;;;;
97.29000854492188;-0.19287109375;0.064697265625;1.062255859375;;;;;;;;;;;;;;;
97.29342651367188;0.14892578125;-0.0087890625;1.112060546875;;;;;;;;;;;;;;;
97.2967529296875;-0.166259765625;0.0439453125;0.953125;;;;;;;;;;;;;;;
97.30014038085938;0.04833984375;-0.126953125;0.864501953125;;;;;;;;;;;;;;;
97.30352783203125;-0.141845703125;0.324462890625;1.081298828125;;;;;;;;;;;;;;;
97.30685424804688;-0.052001953125;-0.2265625;0.9912109375;;;;;;;;;;;;;;;
97.31024169921875;-0.0498046875;0.367919921875;1.257080078125;;;;;;;;;;;;;;;
97.31362915039062;-0.198486328125;-0.109375;0.91650390625;;;;;;;;;;;;;;;
97.31695556640625;0.1123046875;0.17138671875;0.9482421875;;;;;;;;;;;;;;;
97.32028198242188;-0.1689453125;0.124267578125;0.892333984375;;;;;;;;;;;;;;;
97.32369995117188;0.09765625;-0.050048828125;1.086669921875;;;;;;;;;;;;;;;
97.32705688476562;-0.15380859375;0.185546875;1.142578125;;;;;;;;;;;;;;;
97.33047485351562;-0.035888671875;-0.22119140625;0.93212890625;;;;;;;;;;;;;;;
97.33395385742188;-0.200439453125;0.2734375;1.07666015625;;;;;;;;;;;;;;;
97.33734130859375;-0.456787109375;-0.068359375;0.81787109375;;;;;;;;;;;;;;;
97.34066772460938;0.5029296875;0.067626953125;1.27783203125;;;;;;;;;;;;;;;
97.343994140625;-0.10107421875;0.15869140625;1.085205078125;;;;;;;;;;;;;;;
97.347412109375;0.21044921875;0.184326171875;0.974365234375;;;;;;;;;;;;;;;
97.35073852539062;-0.28369140625;0.2958984375;0.85302734375;;;;;;;;;;;;;;;
97.35406494140625;0.112060546875;-0.15283203125;0.80908203125;;;;;;;;;;;;;;;
97.35748291015625;0.131103515625;0.061767578125;1.25390625;;;;;;;;;;;;;;;
97.36090087890625;-0.307861328125;-0.17431640625;1.03759765625;;;;;;;;;;;;;;;
97.3642578125;-0.01318359375;0.197998046875;1.003662109375;;;;;;;;;;;;;;;
97.36764526367188;-0.2783203125;0.200927734375;0.80517578125;;;;;;;;;;;;;;;
97.37100219726562;0.1455078125;0.207763671875;0.96142578125;;;;;;;;;;;;;;;
97.37442016601562;-0.13134765625;0.127197265625;1.125244140625;;;;;;;;;;;;;;;
97.37783813476562;0.117431640625;-0.203125;1.113525390625;;;;;;;;;;;;;;;
97.3812255859375;-0.23583984375;0.198974609375;1.0576171875;;;;;;;;;;;;;;;
97.38461303710938;-0.521484375;-0.17041015625;0.780517578125;;;;;;;;;;;;;;;
97.38803100585938;0.2919921875;0.193603515625;1.09423828125;;;;;;;;;;;;;;;
97.39138793945312;-0.05517578125;0.09716796875;0.9755859375;;;;;;;;;;;;;;;
97.39474487304688;0.287353515625;0.2880859375;1.128662109375;;;;;;;;;;;;;;;
97.39816284179688;-0.3486328125;0.287353515625;0.958251953125;;;;;;;;;;;;;;;
97.40158081054688;0.11376953125;-0.1220703125;0.851318359375;;;;;;;;;;;;;;;
97.40493774414062;0.049560546875;0.119873046875;1.094970703125;;;;;;;;;;;;;;;
97.40829467773438;-0.2587890625;-0.15576171875;1.005126953125;;;;;;;;;;;;;;;
97.41177368164062;0.208740234375;0.06591796875;1.310791015625;;;;;;;;;;;;;;;
97.41513061523438;-0.272705078125;0.07958984375;0.901611328125;;;;;;;;;;;;;;;
97.41854858398438;0.190673828125;0.16162109375;0.90625;;;;;;;;;;;;;;;
97.421875;-0.21826171875;0.242919921875;1.01904296875;;;;;;;;;;;;;;;
97.42532348632812;-0.017822265625;-0.05224609375;1.010498046875;;;;;;;;;;;;;;;
97.42877197265625;0.004150390625;0.301513671875;1.193603515625;;;;;;;;;;;;;;;
97.43218994140625;-0.05224609375;-0.18408203125;0.932861328125;;;;;;;;;;;;;;;
97.43551635742188;0.09130859375;0.04736328125;1.0400390625;;;;;;;;;;;;;;;
97.43893432617188;-0.173095703125;0.074462890625;0.8203125;;;;;;;;;;;;;;;
97.44235229492188;0.102783203125;0.290771484375;1.077392578125;;;;;;;;;;;;;;;
97.44570922851562;-0.14013671875;0.1279296875;1.10107421875;;;;;;;;;;;;;;;
97.4490966796875;0.01025390625;-0.175537109375;1.028564453125;;;;;;;;;;;;;;;
97.45248413085938;-0.128173828125;0.11865234375;0.98828125;;;;;;;;;;;;;;;
97.45590209960938;-0.15283203125;-0.058837890625;0.879150390625;;;;;;;;;;;;;;;
97.45928955078125;0.093505859375;0.07421875;1.222900390625;;;;;;;;;;;;;;;
97.46270751953125;0.0400390625;0.046142578125;1.02197265625;;;;;;;;;;;;;;;
97.466064453125;0.142578125;0.4189453125;1.037109375;;;;;;;;;;;;;;;
97.46945190429688;-0.23046875;0.2861328125;0.78515625;;;;;;;;;;;;;;;
97.47283935546875;0.012939453125;0.011962890625;0.903076171875;;;;;;;;;;;;;;;
97.476318359375;-0.0927734375;-0.001708984375;1.16943359375;;;;;;;;;;;;;;;
97.47967529296875;-0.001708984375;-0.22021484375;1.09619140625;;;;;;;;;;;;;;;
97.4830322265625;-0.08056640625;0.093505859375;1.142822265625;;;;;;;;;;;;;;;
97.48635864257812;-0.160888671875;0.039794921875;0.803466796875;;;;;;;;;;;;;;;
97.48974609375;0.01611328125;0.497314453125;0.998291015625;;;;;;;;;;;;;;;
97.49313354492188;-0.04638671875;0.12109375;1.037353515625;;;;;;;;;;;;;;;
97.4964599609375;0.112060546875;0.010986328125;1.187744140625;;;;;;;;;;;;;;;
97.4998779296875;-0.25390625;-0.0048828125;1.039306640625;;;;;;;;;;;;;;;
97.5032958984375;-0.2509765625;-0.143310546875;0.787841796875;;;;;;;;;;;;;;;
97.50668334960938;0.091552734375;0.318603515625;1.102294921875;;;;;;;;;;;;;;;
97.51007080078125;-0.082275390625;0.134765625;1.00830078125;;;;;;;;;;;;;;;
97.513427734375;0.099853515625;0.32373046875;1.178955078125;;;;;;;;;;;;;;;
97.51678466796875;-0.256591796875;0.212890625;0.897216796875;;;;;;;;;;;;;;;
97.52020263671875;0.068115234375;-0.0087890625;0.951416015625;;;;;;;;;;;;;;;
97.5235595703125;-0.1630859375;0.02978515625;0.998779296875;;;;;;;;;;;;;;;
97.52694702148438;-0.018310546875;-0.227294921875;0.998779296875;;;;;;;;;;;;;;;
97.53048706054688;0.134765625;0.07958984375;1.3046875;;;;;;;;;;;;;;;
97.53384399414062;-0.20361328125;0.00927734375;0.925537109375;;;;;;;;;;;;;;;
97.53726196289062;0.04296875;0.293212890625;0.991455078125;;;;;;;;;;;;;;;
97.54067993164062;-0.281005859375;0.180419921875;0.90673828125;;;;;;;;;;;;;;;
97.5440673828125;0.093017578125;0.1533203125;1.061279296875;;;;;;;;;;;;;;;
97.54751586914062;0.024169921875;0.10302734375;1.1689453125;;;;;;;;;;;;;;;
97.55084228515625;-0.015869140625;-0.203369140625;0.9443359375;;;;;;;;;;;;;;;
97.55422973632812;0.103271484375;0.181884765625;1.07861328125;;;;;;;;;;;;;;;
97.55764770507812;-0.2783203125;0.208740234375;0.8154296875;;;;;;;;;;;;;;;
97.56097412109375;0.021240234375;0.26171875;1.1171875;;;;;;;;;;;;;;;
97.56439208984375;-0.149658203125;-0.122314453125;1.024169921875;;;;;;;;;;;;;;;
97.56781005859375;0.083251953125;-0.133544921875;1.099853515625;;;;;;;;;;;;;;;
97.57122802734375;-0.18017578125;0.061279296875;0.936279296875;;;;;;;;;;;;;;;
97.57464599609375;0.004150390625;0.198486328125;0.833740234375;;;;;;;;;;;;;;;
97.57797241210938;0.19482421875;0.173095703125;1.248291015625;;;;;;;;;;;;;;;
97.581298828125;-0.164794921875;-0.010498046875;0.996826171875;;;;;;;;;;;;;;;
97.58468627929688;0.10107421875;0.1591796875;1.189453125;;;;;;;;;;;;;;;
97.58804321289062;-0.3427734375;0.080078125;0.738037109375;;;;;;;;;;;;;;;
97.59136962890625;0.069580078125;0.21630859375;0.90234375;;;;;;;;;;;;;;;
97.59478759765625;0.05029296875;-0.02099609375;1.1103515625;;;;;;;;;;;;;;;
97.59808349609375;-0.047607421875;-0.162841796875;1.090576171875;;;;;;;;;;;;;;;
97.60147094726562;0.042236328125;0.19580078125;1.17333984375;;;;;;;;;;;;;;;
97.60488891601562;-0.165771484375;-0.00390625;0.814453125;;;;;;;;;;;;;;;
97.60833740234375;-0.026123046875;0.46142578125;1.032958984375;;;;;;;;;;;;;;;
97.61175537109375;-0.0986328125;-0.068359375;0.9541015625;;;;;;;;;;;;;;;
97.6151123046875;0.046142578125;0.23583984375;1.2197265625;;;;;;;;;;;;;;;
97.6185302734375;-0.268798828125;-0.037841796875;0.965087890625;;;;;;;;;;;;;;;
97.62197875976562;-0.02392578125;0.07177734375;0.789794921875;;;;;;;;;;;;;;;
97.62533569335938;0.237548828125;0.25341796875;1.11083984375;;;;;;;;;;;;;;;
97.62875366210938;-0.197998046875;0.050537109375;0.94091796875;;;;;;;;;;;;;;;
97.63214111328125;0.125244140625;0.231201171875;1.2724609375;;;;;;;;;;;;;;;
97.63552856445312;-0.3212890625;-0.314208984375;0.910888671875;;;;;;;;;;;;;;;
97.63888549804688;0.093505859375;0.195068359375;1.004638671875;;;;;;;;;;;;;;;
97.64224243164062;-0.02392578125;-0.041748046875;0.94482421875;;;;;;;;;;;;;;;
97.64556884765625;-0.00537109375;-0.16259765625;0.996826171875;;;;;;;;;;;;;;;
97.64898681640625;0.136962890625;0.1396484375;1.27197265625;;;;;;;;;;;;;;;
97.65234375;-0.154052734375;0.00146484375;0.941162109375;;;;;;;;;;;;;;;
97.65567016601562;-0.037109375;0.466552734375;1.044921875;;;;;;;;;;;;;;;
97.6590576171875;-0.18505859375;-0.03125;0.760986328125;;;;;;;;;;;;;;;
97.66250610351562;0.2099609375;0.303955078125;1.09912109375;;;;;;;;;;;;;;;
97.6658935546875;-0.0498046875;-0.0361328125;1.100341796875;;;;;;;;;;;;;;;
97.66928100585938;-0.070556640625;0.02978515625;0.994384765625;;;;;;;;;;;;;;;
97.67263793945312;-0.156005859375;0.169921875;1.02734375;;;;;;;;;;;;;;;
97.67596435546875;-0.16943359375;0.109619140625;0.827880859375;;;;;;;;;;;;;;;
97.67938232421875;-0.055908203125;0.2431640625;1.16357421875;;;;;;;;;;;;;;;
97.6827392578125;-0.068359375;-0.36767578125;0.99462890625;;;;;;;;;;;;;;;
97.68609619140625;0.017578125;0.171630859375;1.166748046875;;;;;;;;;;;;;;;
97.6895751953125;-0.244140625;-0.0009765625;0.883544921875;;;;;;;;;;;;;;;
97.6929931640625;0.058837890625;0.310302734375;0.919189453125;;;;;;;;;;;;;;;
97.69635009765625;-0.080322265625;0.1435546875;1.09423828125;;;;;;;;;;;;;;;
97.69970703125;-0.030517578125;-0.06787109375;1.069580078125;;;;;;;;;;;;;;;
97.70306396484375;-0.175048828125;0.03564453125;1.1845703125;;;;;;;;;;;;;;;
97.70645141601562;-0.189697265625;-0.133544921875;0.804443359375;;;;;;;;;;;;;;;
97.7098388671875;0.005126953125;0.35986328125;0.931640625;;;;;;;;;;;;;;;
97.71322631835938;-0.076904296875;0.091552734375;0.954833984375;;;;;;;;;;;;;;;
97.716552734375;0.14404296875;0.083740234375;1.23046875;;;;;;;;;;;;;;;
97.71987915039062;-0.21533203125;0.158203125;1.159912109375;;;;;;;;;;;;;;;
97.7232666015625;-0.121337890625;-0.09130859375;0.861328125;;;;;;;;;;;;;;;
97.72665405273438;-0.174072265625;0.28857421875;0.967041015625;;;;;;;;;;;;;;;
97.73001098632812;-0.02197265625;-0.232666015625;0.905517578125;;;;;;;;;;;;;;;
97.73333740234375;0.037109375;0.3076171875;1.192626953125;;;;;;;;;;;;;;;
97.7366943359375;-0.144775390625;0.061767578125;0.953857421875;;;;;;;;;;;;;;;
97.74005126953125;0.16650390625;0.25927734375;0.905029296875;;;;;;;;;;;;;;;
97.74337768554688;-0.195068359375;0.154541015625;0.947021484375;;;;;;;;;;;;;;;
97.74679565429688;-0.044921875;-0.0576171875;0.980224609375;;;;;;;;;;;;;;;
97.75018310546875;-0.0810546875;0.06298828125;1.218994140625;;;;;;;;;;;;;;;
97.7535400390625;-0.021240234375;-0.2607421875;0.999267578125;;;;;;;;;;;;;;;
97.75689697265625;-0.05419921875;0.35693359375;0.997314453125;;;;;;;;;;;;;;;
97.76031494140625;-0.197509765625;0.104736328125;0.802978515625;;;;;;;;;;;;;;;
97.763671875;0.188232421875;0.31591796875;1.11572265625;;;;;;;;;;;;;;;
97.76712036132812;-0.119384765625;0.134521484375;1.13720703125;;;;;;;;;;;;;;;
97.7705078125;-0.095458984375;-0.13427734375;1.01416015625;;;;;;;;;;;;;;;
97.77386474609375;-0.1123046875;0.186767578125;1.00732421875;;;;;;;;;;;;;;;
97.7772216796875;-0.028076171875;-0.11083984375;0.81103515625;;;;;;;;;;;;;;;
97.7806396484375;0.136474609375;0.4521484375;1.093017578125;;;;;;;;;;;;;;;
97.78408813476562;-0.137451171875;0.06298828125;1.016845703125;;;;;;;;;;;;;;;
97.7874755859375;0.070068359375;0.235107421875;1.23974609375;;;;;;;;;;;;;;;
97.79080200195312;-0.138427734375;0.00634765625;1.0185546875;;;;;;;;;;;;;;;
97.79421997070312;-0.134033203125;-0.03125;0.8349609375;;;;;;;;;;;;;;;
97.79757690429688;-0.04296875;0.1259765625;1.007080078125;;;;;;;;;;;;;;;
97.80096435546875;0.019775390625;-0.22265625;1.01513671875;;;;;;;;;;;;;;;
97.80429077148438;-0.04638671875;0.426513671875;1.160400390625;;;;;;;;;;;;;;;
97.80770874023438;-0.10205078125;0.031982421875;0.797607421875;;;;;;;;;;;;;;;
97.81109619140625;0.194091796875;0.33056640625;1.02978515625;;;;;;;;;;;;;;;
97.81448364257812;-0.376708984375;0.14599609375;1.019287109375;;;;;;;;;;;;;;;
97.81781005859375;0.007080078125;-0.183837890625;1.054931640625;;;;;;;;;;;;;;;
97.8211669921875;-0.166259765625;0.033203125;1.183837890625;;;;;;;;;;;;;;;
97.8245849609375;0.052001953125;-0.27197265625;0.85498046875;;;;;;;;;;;;;;;
97.82797241210938;-0.109619140625;0.547119140625;0.9755859375;;;;;;;;;;;;;;;
97.83132934570312;-0.223388671875;-0.01806640625;0.88623046875;;;;;;;;;;;;;;;
97.83462524414062;0.07666015625;0.357666015625;1.24853515625;;;;;;;;;;;;;;;
97.83798217773438;-0.094482421875;-0.0751953125;1.18701171875;;;;;;;;;;;;;;;
97.84136962890625;-0.085693359375;-0.044921875;0.883544921875;;;;;;;;;;;;;;;
97.8447265625;-0.04345703125;0.0576171875;0.93896484375;;;;;;;;;;;;;;;
97.84811401367188;-0.02978515625;-0.12646484375;0.892578125;;;;;;;;;;;;;;;
97.85150146484375;-0.010986328125;0.29052734375;1.194580078125;;;;;;;;;;;;;;;
97.85488891601562;-0.11474609375;-0.02880859375;0.990234375;;;;;;;;;;;;;;;
97.85830688476562;-0.000244140625;0.40283203125;1.0166015625;;;;;;;;;;;;;;;
97.86166381835938;-0.254638671875;-0.03369140625;0.9453125;;;;;;;;;;;;;;;
97.86505126953125;-0.0908203125;0.0654296875;1.001220703125;;;;;;;;;;;;;;;
97.86856079101562;-0.02685546875;-0.12353515625;1.224365234375;;;;;;;;;;;;;;;
97.8719482421875;0.055908203125;-0.051513671875;1.026611328125;;;;;;;;;;;;;;;
97.8753662109375;-0.100341796875;0.33740234375;1.033447265625;;;;;;;;;;;;;;;
97.87872314453125;-0.240966796875;-0.0634765625;0.769287109375;;;;;;;;;;;;;;;
97.882080078125;0.080322265625;0.37158203125;1.112060546875;;;;;;;;;;;;;;;
97.88558959960938;-0.1474609375;0.087890625;1.095458984375;;;;;;;;;;;;;;;
97.88888549804688;-0.139404296875;0.0361328125;1.068115234375;;;;;;;;;;;;;;;
97.89227294921875;-0.1708984375;-0.00830078125;0.980224609375;;;;;;;;;;;;;;;
97.89569091796875;0.04736328125;-0.132568359375;0.840087890625;;;;;;;;;;;;;;;
97.89910888671875;-0.04443359375;0.34716796875;1.0693359375;;;;;;;;;;;;;;;
97.90252685546875;-0.1025390625;-0.281005859375;0.99560546875;;;;;;;;;;;;;;;
97.9058837890625;-0.02392578125;0.30322265625;1.224609375;;;;;;;;;;;;;;;
97.90921020507812;-0.240478515625;-0.052490234375;0.93603515625;;;;;;;;;;;;;;;
97.91268920898438;0.112548828125;0.07666015625;0.93701171875;;;;;;;;;;;;;;;
97.91598510742188;-0.175537109375;0.05517578125;0.89599609375;;;;;;;;;;;;;;;
97.91940307617188;0.1220703125;-0.031494140625;1.082275390625;;;;;;;;;;;;;;;
97.92288208007812;-0.209228515625;0.37646484375;1.119140625;;;;;;;;;;;;;;;
97.92620849609375;0.064208984375;-0.194091796875;0.930419921875;;;;;;;;;;;;;;;
97.92953491210938;0.043701171875;0.28564453125;1.053466796875;;;;;;;;;;;;;;;
97.93295288085938;-0.26416015625;0.115966796875;0.916259765625;;;;;;;;;;;;;;;
97.93624877929688;0.131103515625;-0.049072265625;1.10693359375;;;;;;;;;;;;;;;
97.93963623046875;-0.150146484375;0.083984375;1.1162109375;;;;;;;;;;;;;;;
97.94305419921875;0.114501953125;-0.233642578125;0.9326171875;;;;;;;;;;;;;;;
97.94647216796875;-0.17822265625;0.389892578125;0.939208984375;;;;;;;;;;;;;;;
97.94989013671875;-0.0703125;-0.120361328125;0.85400390625;;;;;;;;;;;;;;;
97.9532470703125;-0.04150390625;0.294921875;1.25927734375;;;;;;;;;;;;;;;
97.95663452148438;-0.055908203125;-0.135986328125;1.111328125;;;;;;;;;;;;;;;
97.9600830078125;0.097900390625;0.075927734375;1.026611328125;;;;;;;;;;;;;;;
97.96347045898438;-0.1650390625;0.009765625;0.823974609375;;;;;;;;;;;;;;;
97.96682739257812;0.07177734375;0.135009765625;0.909912109375;;;;;;;;;;;;;;;
97.9703369140625;-0.06103515625;0.281982421875;1.1494140625;;;;;;;;;;;;;;;
97.97369384765625;-0.008544921875;-0.0380859375;1.071044921875;;;;;;;;;;;;;;;
97.9771728515625;-0.197265625;0.212890625;1.10791015625;;;;;;;;;;;;;;;
97.98056030273438;-0.281005859375;-0.232177734375;0.833740234375;;;;;;;;;;;;;;;
97.98388671875;0.152587890625;0.01806640625;1.08349609375;;;;;;;;;;;;;;;
97.98727416992188;-0.0810546875;0.064208984375;1.118896484375;;;;;;;;;;;;;;;
97.99057006835938;0.13134765625;0.2353515625;1.131591796875;;;;;;;;;;;;;;;
97.99392700195312;-0.238037109375;0.28466796875;0.9619140625;;;;;;;;;;;;;;;
97.99728393554688;0.00244140625;-0.117431640625;0.7626953125;;;;;;;;;;;;;;;
98.00067138671875;-0.093017578125;0.176513671875;1.137939453125;;;;;;;;;;;;;;;
98.00418090820312;-0.294189453125;-0.080322265625;1.00341796875;;;;;;;;;;;;;;;
98.007568359375;0.143798828125;0.02197265625;1.18359375;;;;;;;;;;;;;;;
98.01095581054688;-0.23046875;0.13916015625;0.9140625;;;;;;;;;;;;;;;
98.01437377929688;0.142822265625;0.0380859375;0.91357421875;;;;;;;;;;;;;;;
98.017822265625;-0.12646484375;0.2509765625;1.0205078125;;;;;;;;;;;;;;;
98.021240234375;-0.013427734375;-0.155029296875;1.02001953125;;;;;;;;;;;;;;;
98.02456665039062;-0.115478515625;0.255859375;1.221435546875;;;;;;;;;;;;;;;
98.0279541015625;-0.38232421875;-0.205322265625;0.9130859375;;;;;;;;;;;;;;;
98.03134155273438;0.1279296875;0.183837890625;1.001953125;;;;;;;;;;;;;;;
98.03475952148438;-0.207275390625;0.251708984375;0.84326171875;;;;;;;;;;;;;;;
98.03817749023438;0.1474609375;0.14404296875;1.091064453125;;;;;;;;;;;;;;;
98.0416259765625;-0.20068359375;0.298828125;1.112060546875;;;;;;;;;;;;;;;
98.04498291015625;0.093017578125;-0.335693359375;1.0048828125;;;;;;;;;;;;;;;
98.04840087890625;-0.133056640625;0.119873046875;1.04052734375;;;;;;;;;;;;;;;
98.05181884765625;-0.349609375;-0.075927734375;0.748779296875;;;;;;;;;;;;;;;
98.05517578125;0.5771484375;0.173095703125;1.323974609375;;;;;;;;;;;;;;;
98.05853271484375;-0.11767578125;0.183349609375;1.0390625;;;;;;;;;;;;;;;
98.06192016601562;0.193603515625;0.045654296875;1.0556640625;;;;;;;;;;;;;;;
98.06524658203125;-0.302001953125;0.11767578125;0.94482421875;;;;;;;;;;;;;;;
98.06866455078125;-0.108154296875;-0.049560546875;0.81005859375;;;;;;;;;;;;;;;
98.07211303710938;0.220703125;0.106201171875;1.220703125;;;;;;;;;;;;;;;
98.075439453125;-0.287109375;-0.171875;1.0615234375;;;;;;;;;;;;;;;
98.078857421875;0.232666015625;0.181640625;1.115478515625;;;;;;;;;;;;;;;
98.08230590820312;-0.322021484375;0.229248046875;0.7734375;;;;;;;;;;;;;;;
98.085693359375;0.203857421875;0.35302734375;0.903564453125;;;;;;;;;;;;;;;
98.08905029296875;-0.05322265625;-0.004150390625;1.077392578125;;;;;;;;;;;;;;;
98.092529296875;0.177490234375;-0.272705078125;1.15673828125;;;;;;;;;;;;;;;
98.09600830078125;-0.226318359375;0.017822265625;1.125732421875;;;;;;;;;;;;;;;
98.09945678710938;-0.467041015625;-0.049560546875;0.745361328125;;;;;;;;;;;;;;;
98.10287475585938;0.393310546875;0.21484375;1.12744140625;;;;;;;;;;;;;;;
98.10623168945312;-0.09130859375;0.23828125;0.98974609375;;;;;;;;;;;;;;;
98.10955810546875;0.300048828125;0.25146484375;1.212890625;;;;;;;;;;;;;;;
98.11300659179688;-0.399169921875;0.198486328125;0.89892578125;;;;;;;;;;;;;;;
98.1163330078125;0.184326171875;-0.04296875;0.800048828125;;;;;;;;;;;;;;;
98.11968994140625;-0.08154296875;0.011474609375;1.03759765625;;;;;;;;;;;;;;;
98.12310791015625;-0.123046875;-0.24365234375;0.9228515625;;;;;;;;;;;;;;;
98.1265869140625;0.446044921875;0.070556640625;1.248291015625;;;;;;;;;;;;;;;
98.12994384765625;-0.152587890625;0.13818359375;0.891357421875;;;;;;;;;;;;;;;
98.13333129882812;0.165283203125;0.351318359375;1.015625;;;;;;;;;;;;;;;
98.13668823242188;-0.299560546875;0.23388671875;0.9189453125;;;;;;;;;;;;;;;
98.14010620117188;0.11083984375;0.10546875;1.060791015625;;;;;;;;;;;;;;;
98.14349365234375;-0.019775390625;0.093505859375;1.152587890625;;;;;;;;;;;;;;;
98.14682006835938;-0.2412109375;-0.295166015625;0.966064453125;;;;;;;;;;;;;;;
98.15023803710938;0.011962890625;0.161376953125;1.0400390625;;;;;;;;;;;;;;;
98.15353393554688;-0.09912109375;0.21875;0.8037109375;;;;;;;;;;;;;;;
98.15695190429688;0.228515625;0.340087890625;1.117919921875;;;;;;;;;;;;;;;
98.16030883789062;-0.062255859375;-0.02685546875;1.038330078125;;;;;;;;;;;;;;;
98.16363525390625;0.042236328125;-0.082763671875;1.101318359375;;;;;;;;;;;;;;;
98.16702270507812;-0.2470703125;0.056640625;0.948486328125;;;;;;;;;;;;;;;
98.17041015625;-0.105224609375;0.031982421875;0.82861328125;;;;;;;;;;;;;;;
98.17373657226562;0.182373046875;0.095458984375;1.20556640625;;;;;;;;;;;;;;;
98.1771240234375;0.047607421875;0.020751953125;1.025390625;;;;;;;;;;;;;;;
98.18057250976562;0.067138671875;0.25830078125;1.156982421875;;;;;;;;;;;;;;;
98.18389892578125;-0.34130859375;0.07958984375;0.766357421875;;;;;;;;;;;;;;;
98.18731689453125;-0.048583984375;0.17529296875;0.89013671875;;;;;;;;;;;;;;;
98.19061279296875;0.033935546875;0.10009765625;1.09228515625;;;;;;;;;;;;;;;
98.19400024414062;-0.058837890625;-0.139892578125;1.132568359375;;;;;;;;;;;;;;;
98.19754028320312;-0.021728515625;0.176513671875;1.1640625;;;;;;;;;;;;;;;
98.20089721679688;-0.152587890625;0.099609375;0.84619140625;;;;;;;;;;;;;;;
98.20437622070312;-0.121826171875;0.421630859375;0.9404296875;;;;;;;;;;;;;;;
98.207763671875;-0.00537109375;-0.075927734375;0.993408203125;;;;;;;;;;;;;;;
98.21109008789062;0.01513671875;-0.17626953125;1.19189453125;;;;;;;;;;;;;;;
98.21450805664062;-0.205322265625;0.072998046875;1.07763671875;;;;;;;;;;;;;;;
98.21783447265625;-0.1064453125;0.035400390625;0.825927734375;;;;;;;;;;;;;;;
98.22125244140625;0.00146484375;0.340576171875;1.066650390625;;;;;;;;;;;;;;;
98.2247314453125;-0.113037109375;0.00830078125;1.01025390625;;;;;;;;;;;;;;;
98.22811889648438;0.008056640625;0.200927734375;1.2158203125;;;;;;;;;;;;;;;
98.23150634765625;-0.200927734375;0.0302734375;0.93359375;;;;;;;;;;;;;;;
98.23489379882812;0.02783203125;0.08544921875;0.8818359375;;;;;;;;;;;;;;;
98.23822021484375;-0.138916015625;0.13330078125;0.927978515625;;;;;;;;;;;;;;;
98.24160766601562;0.122802734375;-0.093017578125;1.0078125;;;;;;;;;;;;;;;
98.24502563476562;0.019775390625;0.216552734375;1.3076171875;;;;;;;;;;;;;;;
98.24847412109375;-0.06201171875;-0.143798828125;0.96240234375;;;;;;;;;;;;;;;
98.2518310546875;-0.06982421875;0.396728515625;1.027587890625;;;;;;;;;;;;;;;
98.25518798828125;-0.187744140625;0.01806640625;0.814208984375;;;;;;;;;;;;;;;
98.25851440429688;0.143798828125;0.293212890625;1.076171875;;;;;;;;;;;;;;;
98.26190185546875;-0.051513671875;0.03564453125;1.09423828125;;;;;;;;;;;;;;;
98.26522827148438;0.10107421875;-0.04736328125;0.96142578125;;;;;;;;;;;;;;;
98.2686767578125;-0.00537109375;0.218505859375;1.065673828125;;;;;;;;;;;;;;;
98.2720947265625;-0.161865234375;0.11767578125;0.8212890625;;;;;;;;;;;;;;;
98.27545166015625;-0.0849609375;0.35400390625;1.13134765625;;;;;;;;;;;;;;;
98.27886962890625;-0.110595703125;-0.3125;0.989013671875;;;;;;;;;;;;;;;
98.28237915039062;0.07958984375;0.142333984375;1.162353515625;;;;;;;;;;;;;;;
98.2857666015625;-0.248291015625;0.001708984375;0.908203125;;;;;;;;;;;;;;;
98.28915405273438;0.059326171875;0.24755859375;0.876953125;;;;;;;;;;;;;;;
98.29251098632812;0.02001953125;0.173828125;1.171875;;;;;;;;;;;;;;;
98.29595947265625;-0.09375;-0.08642578125;1.03076171875;;;;;;;;;;;;;;;
98.29937744140625;-0.0810546875;0.14990234375;1.172119140625;;;;;;;;;;;;;;;
98.30270385742188;-0.226806640625;0.01220703125;0.779541015625;;;;;;;;;;;;;;;
98.30609130859375;0.10009765625;0.462158203125;0.900390625;;;;;;;;;;;;;;;
98.30938720703125;-0.08447265625;0.024169921875;1.01806640625;;;;;;;;;;;;;;;
98.312744140625;0.0537109375;-0.024658203125;1.172607421875;;;;;;;;;;;;;;;
98.31613159179688;-0.0947265625;0.089599609375;1.217529296875;;;;;;;;;;;;;;;
98.3194580078125;-0.224609375;-0.048095703125;0.800537109375;;;;;;;;;;;;;;;
98.3228759765625;-0.034912109375;0.317138671875;0.988037109375;;;;;;;;;;;;;;;
98.32620239257812;-0.1484375;-0.114013671875;0.8857421875;;;;;;;;;;;;;;;
98.32962036132812;0.097900390625;0.109375;1.200439453125;;;;;;;;;;;;;;;
98.33306884765625;-0.21337890625;0.078857421875;0.97802734375;;;;;;;;;;;;;;;
98.33645629882812;0.1044921875;0.201904296875;0.863037109375;;;;;;;;;;;;;;;
98.33984375;-0.03564453125;0.28125;1.0634765625;;;;;;;;;;;;;;;
98.34323120117188;-0.274658203125;-0.062255859375;0.89892578125;;;;;;;;;;;;;;;
98.34658813476562;-0.0302734375;-0.024658203125;1.251953125;;;;;;;;;;;;;;;
98.3499755859375;-0.152587890625;-0.123046875;0.9453125;;;;;;;;;;;;;;;
98.35342407226562;0.077392578125;0.30419921875;0.93212890625;;;;;;;;;;;;;;;
98.35684204101562;-0.192138671875;0.07421875;0.8212890625;;;;;;;;;;;;;;;
98.3603515625;0.282470703125;0.1298828125;1.099609375;;;;;;;;;;;;;;;
98.36370849609375;-0.27197265625;0.205322265625;1.376220703125;;;;;;;;;;;;;;;
98.36709594726562;-0.26171875;-0.138427734375;0.974365234375;;;;;;;;;;;;;;;
98.37054443359375;-0.205322265625;0.2294921875;1.054443359375;;;;;;;;;;;;;;;
98.37387084960938;-0.165771484375;-0.1748046875;0.75;;;;;;;;;;;;;;;
98.37725830078125;0.067138671875;0.376220703125;1.080810546875;;;;;;;;;;;;;;;
98.380615234375;-0.08935546875;-0.08349609375;1.059814453125;;;;;;;;;;;;;;;
98.38400268554688;0.13232421875;0.224365234375;1.017822265625;;;;;;;;;;;;;;;
98.38739013671875;0.05029296875;0.18505859375;1.0361328125;;;;;;;;;;;;;;;
98.39083862304688;-0.158203125;0.138427734375;0.867919921875;;;;;;;;;;;;;;;
98.39419555664062;-0.169677734375;0.137451171875;1.1513671875;;;;;;;;;;;;;;;
98.3975830078125;-0.047607421875;-0.428955078125;1.013427734375;;;;;;;;;;;;;;;
98.40093994140625;-0.11669921875;0.267333984375;1.1513671875;;;;;;;;;;;;;;;
98.40426635742188;-0.116943359375;-0.05224609375;0.8203125;;;;;;;;;;;;;;;
98.40768432617188;0.191162109375;0.428466796875;0.963134765625;;;;;;;;;;;;;;;
98.4110107421875;-0.16259765625;0.211181640625;1.067138671875;;;;;;;;;;;;;;;
98.41448974609375;-0.07421875;-0.060302734375;1.062744140625;;;;;;;;;;;;;;;
98.4178466796875;-0.231689453125;0.044189453125;1.205810546875;;;;;;;;;;;;;;;
98.42120361328125;-0.085205078125;-0.198974609375;0.844970703125;;;;;;;;;;;;;;;
98.42459106445312;-0.126708984375;0.39697265625;0.985595703125;;;;;;;;;;;;;;;
98.42794799804688;-0.241455078125;-0.09375;0.89453125;;;;;;;;;;;;;;;
98.43130493164062;0.11279296875;0.09814453125;1.228515625;;;;;;;;;;;;;;;
98.43475341796875;-0.077880859375;0.072021484375;1.1787109375;;;;;;;;;;;;;;;
98.43817138671875;-0.044677734375;0.0859375;0.89111328125;;;;;;;;;;;;;;;
98.44155883789062;-0.0986328125;0.240234375;0.953125;;;;;;;;;;;;;;;
98.44503784179688;-0.080810546875;-0.228759765625;0.904052734375;;;;;;;;;;;;;;;
98.44845581054688;-0.04296875;0.223388671875;1.203369140625;;;;;;;;;;;;;;;
98.45187377929688;-0.096923828125;-0.048828125;0.980224609375;;;;;;;;;;;;;;;
98.45526123046875;0.0966796875;0.260009765625;0.990478515625;;;;;;;;;;;;;;;
98.45858764648438;-0.19580078125;0.1748046875;0.929931640625;;;;;;;;;;;;;;;
98.4620361328125;-0.0439453125;0.0146484375;0.985595703125;;;;;;;;;;;;;;;
98.46542358398438;-0.060791015625;0.018310546875;1.214111328125;;;;;;;;;;;;;;;
98.46875;-0.034912109375;-0.25146484375;1.05712890625;;;;;;;;;;;;;;;
98.47210693359375;-0.095947265625;0.3251953125;1.028564453125;;;;;;;;;;;;;;;
98.47549438476562;-0.226318359375;-0.05615234375;0.7734375;;;;;;;;;;;;;;;
98.47885131835938;0.17236328125;0.2353515625;1.1494140625;;;;;;;;;;;;;;;
98.48223876953125;-0.26708984375;0.101318359375;1.075927734375;;;;;;;;;;;;;;;
98.485595703125;-0.11474609375;-0.053466796875;1.081298828125;;;;;;;;;;;;;;;
98.48907470703125;-0.220458984375;0.094970703125;0.99169921875;;;;;;;;;;;;;;;
98.492431640625;0.0234375;-0.279052734375;0.778564453125;;;;;;;;;;;;;;;
98.49588012695312;-0.026611328125;0.343017578125;1.070068359375;;;;;;;;;;;;;;;
98.49929809570312;-0.150146484375;-0.028076171875;1.000244140625;;;;;;;;;;;;;;;
98.50262451171875;0.01123046875;0.314697265625;1.160400390625;;;;;;;;;;;;;;;
98.50607299804688;-0.288330078125;0.013671875;0.954345703125;;;;;;;;;;;;;;;
98.50942993164062;0.0380859375;0.028564453125;0.911376953125;;;;;;;;;;;;;;;
98.5128173828125;-0.14453125;0.061279296875;1.089111328125;;;;;;;;;;;;;;;
98.5162353515625;0.10205078125;-0.264404296875;1.06884765625;;;;;;;;;;;;;;;
98.51956176757812;-0.18798828125;0.366943359375;1.15234375;;;;;;;;;;;;;;;
98.52291870117188;-0.026611328125;-0.180908203125;0.796630859375;;;;;;;;;;;;;;;
98.52633666992188;0.142333984375;0.345458984375;1.064453125;;;;;;;;;;;;;;;
98.52963256835938;-0.596923828125;0.155517578125;0.85888671875;;;;;;;;;;;;;;;
98.53302001953125;0.303955078125;-0.038330078125;1.078857421875;;;;;;;;;;;;;;;
98.53640747070312;-0.21337890625;0.085693359375;1.1435546875;;;;;;;;;;;;;;;
98.53982543945312;0.1865234375;-0.275390625;0.9326171875;;;;;;;;;;;;;;;
98.54324340820312;-0.158203125;0.302001953125;0.98095703125;;;;;;;;;;;;;;;
98.54656982421875;-0.191162109375;-0.166015625;0.871337890625;;;;;;;;;;;;;;;
98.5499267578125;0.083251953125;0.201904296875;1.25537109375;;;;;;;;;;;;;;;
98.55340576171875;-0.2392578125;-0.015625;1.16259765625;;;;;;;;;;;;;;;
98.5567626953125;-0.02734375;0.13134765625;0.9736328125;;;;;;;;;;;;;;;
98.56011962890625;-0.205810546875;0.160400390625;0.861572265625;;;;;;;;;;;;;;;
98.5635986328125;0.060791015625;0.00830078125;0.897705078125;;;;;;;;;;;;;;;
98.56707763671875;-0.0380859375;0.09765625;1.1484375;;;;;;;;;;;;;;;
98.57061767578125;0.08837890625;-0.2177734375;1.06982421875;;;;;;;;;;;;;;;
98.57403564453125;0.284912109375;0.229248046875;1.1240234375;;;;;;;;;;;;;;;
98.577392578125;-0.56591796875;-0.12255859375;0.82421875;;;;;;;;;;;;;;;
98.58071899414062;0.15673828125;0.057373046875;1.04833984375;;;;;;;;;;;;;;;
98.5841064453125;-0.0859375;0.049072265625;1.152099609375;;;;;;;;;;;;;;;
98.58743286132812;0.159423828125;0.18505859375;1.107177734375;;;;;;;;;;;;;;;
98.5908203125;-0.183837890625;0.265869140625;1.01171875;;;;;;;;;;;;;;;
98.59417724609375;-0.277099609375;-0.124267578125;0.761474609375;;;;;;;;;;;;;;;
98.59762573242188;0.084716796875;0.378173828125;1.122802734375;;;;;;;;;;;;;;;
98.60101318359375;-0.3720703125;-0.0576171875;0.969970703125;;;;;;;;;;;;;;;
98.6043701171875;0.027099609375;-0.02685546875;1.142578125;;;;;;;;;;;;;;;
98.60775756835938;-0.28076171875;-0.001953125;0.921630859375;;;;;;;;;;;;;;;
98.61114501953125;0.171142578125;-0.00927734375;0.868896484375;;;;;;;;;;;;;;;
98.61456298828125;-0.026611328125;0.238037109375;1.033935546875;;;;;;;;;;;;;;;
98.61795043945312;-0.028564453125;-0.15869140625;1.01025390625;;;;;;;;;;;;;;;
98.62130737304688;0.022705078125;0.310302734375;1.235595703125;;;;;;;;;;;;;;;
98.62466430664062;-0.26025390625;-0.146240234375;0.9697265625;;;;;;;;;;;;;;;
98.62802124023438;0.048828125;0.07421875;0.982177734375;;;;;;;;;;;;;;;
98.6314697265625;-0.155029296875;0.091796875;0.990234375;;;;;;;;;;;;;;;
98.63482666015625;0.084228515625;0.063720703125;1.043212890625;;;;;;;;;;;;;;;
98.63824462890625;0.04296875;0.210693359375;1.14697265625;;;;;;;;;;;;;;;
98.64166259765625;-0.001220703125;-0.228271484375;0.8642578125;;;;;;;;;;;;;;;
98.64505004882812;-0.00927734375;0.281982421875;1.04150390625;;;;;;;;;;;;;;;
98.64834594726562;-0.458740234375;0.1259765625;0.8203125;;;;;;;;;;;;;;;
98.65179443359375;0.398681640625;0.06298828125;1.11962890625;;;;;;;;;;;;;;;
98.6551513671875;-0.0830078125;0.011474609375;1.06787109375;;;;;;;;;;;;;;;
98.65847778320312;0.196044921875;-0.11474609375;1.010986328125;;;;;;;;;;;;;;;
98.66195678710938;-0.146728515625;0.18994140625;0.934814453125;;;;;;;;;;;;;;;
98.66534423828125;-0.122802734375;0.02490234375;0.836181640625;;;;;;;;;;;;;;;
98.66864013671875;0.10986328125;0.2734375;1.226806640625;;;;;;;;;;;;;;;
98.67205810546875;-0.166748046875;-0.0947265625;1.10595703125;;;;;;;;;;;;;;;
98.67538452148438;0.08056640625;0.147705078125;1.1123046875;;;;;;;;;;;;;;;
98.67877197265625;-0.304931640625;0.056396484375;0.80322265625;;;;;;;;;;;;;;;
98.68215942382812;0.1455078125;0.279296875;0.859619140625;;;;;;;;;;;;;;;
98.68563842773438;0.13916015625;0.120361328125;1.1015625;;;;;;;;;;;;;;;
98.68899536132812;0.115966796875;-0.219482421875;1.134521484375;;;;;;;;;;;;;;;
98.6923828125;0.039306640625;0.215087890625;1.14013671875;;;;;;;;;;;;;;;
98.69570922851562;-0.31787109375;-0.13427734375;0.813232421875;;;;;;;;;;;;;;;
98.69918823242188;0.0546875;0.245849609375;1.086181640625;;;;;;;;;;;;;;;
98.70254516601562;-0.025634765625;0.0478515625;1.037353515625;;;;;;;;;;;;;;;
98.70587158203125;0.153564453125;0.324462890625;1.173095703125;;;;;;;;;;;;;;;
98.70925903320312;-0.2421875;0.19482421875;0.950439453125;;;;;;;;;;;;;;;
98.71258544921875;-0.156494140625;-0.101318359375;0.779296875;;;;;;;;;;;;;;;
98.71597290039062;-0.0234375;0.1328125;1.057861328125;;;;;;;;;;;;;;;
98.71929931640625;-0.044921875;-0.146240234375;1.014404296875;;;;;;;;;;;;;;;
98.72271728515625;0.2197265625;0.1640625;1.28271484375;;;;;;;;;;;;;;;
98.72613525390625;-0.206298828125;0.04541015625;0.901611328125;;;;;;;;;;;;;;;
98.7294921875;0.0732421875;0.30029296875;0.9619140625;;;;;;;;;;;;;;;
98.73284912109375;-0.132568359375;0.1865234375;0.927490234375;;;;;;;;;;;;;;;
98.73629760742188;0.058837890625;-0.205322265625;1.025146484375;;;;;;;;;;;;;;;
98.73974609375;-0.011474609375;0.142333984375;1.207763671875;;;;;;;;;;;;;;;
98.74313354492188;-0.150146484375;-0.196044921875;0.9609375;;;;;;;;;;;;;;;
98.74664306640625;0.046875;0.121826171875;1.05712890625;;;;;;;;;;;;;;;
98.75;-0.1884765625;0.176025390625;0.877685546875;;;;;;;;;;;;;;;
98.75338745117188;0.140869140625;0.30810546875;1.103759765625;;;;;;;;;;;;;;;
98.75674438476562;-0.15673828125;0.186279296875;1.03955078125;;;;;;;;;;;;;;;
98.7601318359375;0.068115234375;-0.149658203125;0.922119140625;;;;;;;;;;;;;;;
98.763671875;-0.1953125;0.130859375;1.019775390625;;;;;;;;;;;;;;;
98.76705932617188;-0.2001953125;-0.002685546875;0.8330078125;;;;;;;;;;;;;;;
98.7703857421875;0.108642578125;0.109619140625;1.22998046875;;;;;;;;;;;;;;;
98.7738037109375;-0.05712890625;-0.001953125;1.031494140625;;;;;;;;;;;;;;;
98.77719116210938;0.111328125;0.114990234375;1.1171875;;;;;;;;;;;;;;;
98.78057861328125;-0.355224609375;0.12060546875;0.88916015625;;;;;;;;;;;;;;;
98.78402709960938;-0.08251953125;0.15283203125;0.859130859375;;;;;;;;;;;;;;;
98.78741455078125;-0.025146484375;0.148681640625;1.131103515625;;;;;;;;;;;;;;;
98.79080200195312;-0.001953125;-0.126708984375;1.060791015625;;;;;;;;;;;;;;;
98.79412841796875;0.037109375;0.168212890625;1.198974609375;;;;;;;;;;;;;;;
98.797607421875;-0.251708984375;0.130859375;0.8173828125;;;;;;;;;;;;;;;
98.80096435546875;0.000732421875;0.323486328125;0.93798828125;;;;;;;;;;;;;;;
98.8043212890625;-0.1025390625;-0.009521484375;1.000732421875;;;;;;;;;;;;;;;
98.8077392578125;0.1044921875;-0.263671875;1.1572265625;;;;;;;;;;;;;;;
98.81112670898438;-0.208984375;0.140869140625;1.115234375;;;;;;;;;;;;;;;
98.81451416015625;-0.243896484375;0.0400390625;0.748291015625;;;;;;;;;;;;;;;
98.8179931640625;0.255126953125;0.36083984375;1.140625;;;;;;;;;;;;;;;
98.82138061523438;-0.190673828125;0.026123046875;0.979736328125;;;;;;;;;;;;;;;
98.82473754882812;0.151611328125;0.170654296875;1.207275390625;;;;;;;;;;;;;;;
98.828125;-0.328369140625;-0.004150390625;0.912353515625;;;;;;;;;;;;;;;
98.83163452148438;-0.033203125;0.047607421875;0.82763671875;;;;;;;;;;;;;;;
98.83505249023438;-0.06982421875;0.1533203125;0.9609375;;;;;;;;;;;;;;;
98.83837890625;0.029052734375;-0.08837890625;0.922119140625;;;;;;;;;;;;;;;
98.84173583984375;0.413330078125;0.2255859375;1.320556640625;;;;;;;;;;;;;;;
98.84518432617188;-0.177734375;-0.09814453125;0.944091796875;;;;;;;;;;;;;;;
98.84860229492188;0.05419921875;0.371826171875;1.03173828125;;;;;;;;;;;;;;;
98.85195922851562;-0.2353515625;0.032958984375;0.826904296875;;;;;;;;;;;;;;;
98.85537719726562;0.16015625;-0.164306640625;1.06591796875;;;;;;;;;;;;;;;
98.85873413085938;-0.03369140625;-0.007080078125;1.137451171875;;;;;;;;;;;;;;;
98.86215209960938;-0.174072265625;-0.06787109375;0.96728515625;;;;;;;;;;;;;;;
98.86563110351562;0.022705078125;0.13671875;1.05810546875;;;;;;;;;;;;;;;
98.86898803710938;-0.216552734375;0.2197265625;0.8203125;;;;;;;;;;;;;;;
98.87246704101562;0.127685546875;0.34716796875;1.12841796875;;;;;;;;;;;;;;;
98.87588500976562;-0.15869140625;0.185791015625;0.982177734375;;;;;;;;;;;;;;;
98.8792724609375;0.12744140625;0.02587890625;1.027587890625;;;;;;;;;;;;;;;
98.88259887695312;-0.2275390625;-0.003662109375;0.91845703125;;;;;;;;;;;;;;;
98.885986328125;-0.003662109375;-0.146484375;0.830810546875;;;;;;;;;;;;;;;
98.88934326171875;0.23388671875;0.1396484375;1.216796875;;;;;;;;;;;;;;;
98.89279174804688;0.046630859375;-0.056640625;1.030517578125;;;;;;;;;;;;;;;
98.89620971679688;0.013916015625;0.3583984375;1.201904296875;;;;;;;;;;;;;;;
98.89968872070312;-0.38623046875;0.10302734375;0.831787109375;;;;;;;;;;;;;;;
98.90304565429688;0.02490234375;0.344482421875;0.905517578125;;;;;;;;;;;;;;;
98.90643310546875;-0.1064453125;0.113037109375;1.019775390625;;;;;;;;;;;;;;;
98.9097900390625;0.098876953125;-0.21337890625;1.09765625;;;;;;;;;;;;;;;
98.91314697265625;-0.084716796875;0.11962890625;1.1884765625;;;;;;;;;;;;;;;
98.91647338867188;-0.113525390625;-0.0478515625;0.848876953125;;;;;;;;;;;;;;;
98.919921875;-0.117919921875;0.45703125;0.97119140625;;;;;;;;;;;;;;;
98.92330932617188;-0.128662109375;-0.1591796875;0.921875;;;;;;;;;;;;;;;
98.92666625976562;0.03076171875;0.027587890625;1.19384765625;;;;;;;;;;;;;;;
98.9300537109375;-0.22900390625;0.03662109375;1.075439453125;;;;;;;;;;;;;;;
98.93344116210938;-0.05029296875;0.0908203125;0.8779296875;;;;;;;;;;;;;;;
98.93679809570312;-0.08935546875;0.282470703125;1.003173828125;;;;;;;;;;;;;;;
98.940185546875;-0.054931640625;-0.038818359375;0.955810546875;;;;;;;;;;;;;;;
98.94363403320312;0.026123046875;0.11083984375;1.232421875;;;;;;;;;;;;;;;
98.94696044921875;-0.140380859375;-0.053955078125;0.96923828125;;;;;;;;;;;;;;;
98.95034790039062;-0.05224609375;0.256103515625;0.94580078125;;;;;;;;;;;;;;;
98.95376586914062;-0.241943359375;0.07763671875;0.814208984375;;;;;;;;;;;;;;;
98.9571533203125;0.2060546875;0.000244140625;1.07373046875;;;;;;;;;;;;;;;
98.96047973632812;0.064453125;0.178466796875;1.280029296875;;;;;;;;;;;;;;;
98.96395874023438;-0.075439453125;-0.10693359375;1.01220703125;;;;;;;;;;;;;;;
98.96737670898438;-0.1533203125;0.313232421875;1.04296875;;;;;;;;;;;;;;;
98.970703125;-0.26611328125;-0.166748046875;0.762451171875;;;;;;;;;;;;;;;
98.97412109375;0.080322265625;0.311767578125;1.0849609375;;;;;;;;;;;;;;;
98.97747802734375;-0.05322265625;-0.06396484375;1.015625;;;;;;;;;;;;;;;
98.98086547851562;0.073486328125;0.152587890625;1.037841796875;;;;;;;;;;;;;;;
98.98428344726562;-0.1015625;0.205810546875;1.023193359375;;;;;;;;;;;;;;;
98.98764038085938;-0.18212890625;0.101318359375;0.873046875;;;;;;;;;;;;;;;
98.99105834960938;-0.04638671875;0.17724609375;1.1328125;;;;;;;;;;;;;;;
98.99447631835938;-0.055419921875;-0.041748046875;0.998291015625;;;;;;;;;;;;;;;
98.997802734375;-0.01611328125;0.158203125;1.16943359375;;;;;;;;;;;;;;;
99.00119018554688;-0.184814453125;-0.037353515625;0.849609375;;;;;;;;;;;;;;;
99.00457763671875;0.216552734375;0.035400390625;0.93408203125;;;;;;;;;;;;;;;
99.0079345703125;-0.199462890625;0.31494140625;1.05615234375;;;;;;;;;;;;;;;
99.01126098632812;-0.051513671875;-0.126220703125;1.064453125;;;;;;;;;;;;;;;
99.0146484375;-0.2265625;0.31884765625;1.191162109375;;;;;;;;;;;;;;;
99.01809692382812;-0.061767578125;-0.23828125;0.851318359375;;;;;;;;;;;;;;;
99.02142333984375;0.146484375;0.398681640625;0.95458984375;;;;;;;;;;;;;;;
99.02481079101562;-0.125732421875;0.018310546875;0.94287109375;;;;;;;;;;;;;;;
99.02825927734375;0.1962890625;0.151123046875;1.072509765625;;;;;;;;;;;;;;;
99.03158569335938;0.100341796875;0.115478515625;1.224853515625;;;;;;;;;;;;;;;
99.0350341796875;-0.185791015625;-0.11962890625;0.87744140625;;;;;;;;;;;;;;;
99.03842163085938;-0.097900390625;0.26416015625;0.998046875;;;;;;;;;;;;;;;
99.0418701171875;-0.1318359375;-0.20361328125;0.867431640625;;;;;;;;;;;;;;;
99.0452880859375;0.0625;0.317626953125;1.20849609375;;;;;;;;;;;;;;;
99.04861450195312;-0.16015625;0.02001953125;1.026123046875;;;;;;;;;;;;;;;
99.052001953125;0.25927734375;0.21826171875;0.97412109375;;;;;;;;;;;;;;;
99.055419921875;-0.235595703125;0.167724609375;0.98828125;;;;;;;;;;;;;;;
99.058837890625;-0.147216796875;-0.102783203125;0.926513671875;;;;;;;;;;;;;;;
99.062255859375;-0.0732421875;0.07080078125;1.2216796875;;;;;;;;;;;;;;;
99.06570434570312;0.015869140625;-0.171630859375;1.007568359375;;;;;;;;;;;;;;;
99.06906127929688;-0.076171875;0.464111328125;0.980712890625;;;;;;;;;;;;;;;
99.07241821289062;-0.257080078125;-0.0673828125;0.793701171875;;;;;;;;;;;;;;;
99.0758056640625;0.221923828125;0.2353515625;1.1650390625;;;;;;;;;;;;;;;
99.07913208007812;-0.560302734375;0.00537109375;1.3349609375;;;;;;;;;;;;;;;
99.08248901367188;-0.3125;-0.127685546875;1.00830078125;;;;;;;;;;;;;;;
99.0859375;-0.177978515625;0.11376953125;1.03515625;;;;;;;;;;;;;;;
99.08929443359375;-0.048583984375;-0.2265625;0.73046875;;;;;;;;;;;;;;;
99.0926513671875;-0.01904296875;0.41455078125;1.08349609375;;;;;;;;;;;;;;;
99.09603881835938;-0.20458984375;-0.058349609375;1.0107421875;;;;;;;;;;;;;;;
99.09939575195312;0.132080078125;0.34375;1.1337890625;;;;;;;;;;;;;;;
99.10272216796875;-0.314453125;-0.053955078125;1.028564453125;;;;;;;;;;;;;;;
99.1060791015625;-0.089111328125;-0.00634765625;0.879638671875;;;;;;;;;;;;;;;
99.10955810546875;-0.044921875;0.085205078125;1.152587890625;;;;;;;;;;;;;;;
99.11285400390625;-0.105712890625;-0.295654296875;1.023681640625;;;;;;;;;;;;;;;
99.11624145507812;-0.166748046875;0.3681640625;1.148193359375;;;;;;;;;;;;;;;
99.11962890625;-0.2783203125;-0.172607421875;0.81640625;;;;;;;;;;;;;;;
99.12301635742188;0.256103515625;0.337646484375;1.03857421875;;;;;;;;;;;;;;;
99.12643432617188;-0.60595703125;0.197998046875;0.899658203125;;;;;;;;;;;;;;;
99.12979125976562;-0.139404296875;-0.0517578125;1.08984375;;;;;;;;;;;;;;;
99.13314819335938;-0.277099609375;0.186767578125;1.15283203125;;;;;;;;;;;;;;;
99.13656616210938;0.024658203125;-0.4423828125;0.887451171875;;;;;;;;;;;;;;;
99.13992309570312;-0.130126953125;0.28662109375;0.95654296875;;;;;;;;;;;;;;;
99.14328002929688;-0.27001953125;-0.1044921875;0.803466796875;;;;;;;;;;;;;;;
99.14663696289062;0.33740234375;0.364501953125;1.139892578125;;;;;;;;;;;;;;;
99.15008544921875;0.01318359375;0.030517578125;1.18212890625;;;;;;;;;;;;;;;
99.15347290039062;-0.0126953125;0.013671875;1.00146484375;;;;;;;;;;;;;;;
99.15682983398438;-0.27490234375;0.04541015625;0.9912109375;;;;;;;;;;;;;;;
99.16024780273438;-0.134033203125;-0.10498046875;0.89013671875;;;;;;;;;;;;;;;
99.1636962890625;-0.0419921875;0.2099609375;1.15478515625;;;;;;;;;;;;;;;
99.16717529296875;0.091796875;-0.1630859375;0.98193359375;;;;;;;;;;;;;;;
99.17059326171875;0.191162109375;0.37841796875;1.107666015625;;;;;;;;;;;;;;;
99.17401123046875;-0.45166015625;0.201904296875;0.84814453125;;;;;;;;;;;;;;;
99.17742919921875;0.05615234375;0.13916015625;0.966064453125;;;;;;;;;;;;;;;
99.18087768554688;-0.095458984375;-0.072265625;1.13671875;;;;;;;;;;;;;;;
99.18429565429688;0.2041015625;-0.34912109375;1.10205078125;;;;;;;;;;;;;;;
99.18771362304688;-0.16845703125;0.23291015625;1.0166015625;;;;;;;;;;;;;;;
99.19107055664062;-0.225830078125;-0.080810546875;0.756591796875;;;;;;;;;;;;;;;
99.19442749023438;0.001708984375;0.352783203125;1.125244140625;;;;;;;;;;;;;;;
99.19775390625;-0.189453125;0.0244140625;1.162353515625;;;;;;;;;;;;;;;
99.201171875;-0.028564453125;0.044921875;1.14990234375;;;;;;;;;;;;;;;
99.2044677734375;-0.18017578125;-0.00341796875;0.94482421875;;;;;;;;;;;;;;;
99.20785522460938;0.0966796875;-0.047607421875;0.800537109375;;;;;;;;;;;;;;;
99.21124267578125;-0.02587890625;0.28955078125;1.00048828125;;;;;;;;;;;;;;;
99.2147216796875;0.021484375;-0.104736328125;1.010498046875;;;;;;;;;;;;;;;
99.21810913085938;0.134033203125;0.27880859375;1.2568359375;;;;;;;;;;;;;;;
99.22149658203125;-0.255859375;-0.152587890625;0.9326171875;;;;;;;;;;;;;;;
99.22482299804688;0.100830078125;0.043701171875;0.99169921875;;;;;;;;;;;;;;;
99.22821044921875;-0.047607421875;0.080810546875;1.0009765625;;;;;;;;;;;;;;;
99.2315673828125;0.1552734375;0.129150390625;1.0703125;;;;;;;;;;;;;;;
99.23495483398438;-0.029296875;0.330078125;1.131591796875;;;;;;;;;;;;;;;
99.23834228515625;-0.130126953125;-0.19482421875;0.845947265625;;;;;;;;;;;;;;;
99.24176025390625;-0.010986328125;0.360595703125;1.07275390625;;;;;;;;;;;;;;;
